3.85662e-07 3.14772e-09
6.21017e-07 3.10129e-09
1e-06 3.05555e-09
1.61026e-06 3.01048e-09
2.59294e-06 2.96608e-09
4.17532e-06 2.92233e-09
6.72336e-06 2.87923e-09
1.08264e-05 2.83676e-09
1.74333e-05 2.79492e-09
2.80722e-05 2.75369e-09
4.52035e-05 2.71308e-09
7.27895e-05 2.67306e-09
0.00011721 2.63363e-09
0.000188739 2.59479e-09
0.00030392 2.55652e-09
0.00048939 2.51881e-09
0.000788046 2.48166e-09
0.00126896 2.44505e-09
0.00204336 2.40899e-09
0.00329034 2.37346e-09
0.00529832 2.33845e-09
0.00853168 2.30396e-09
0.0137382 2.26998e-09
0.0221222 2.2365e-09
0.0356225 2.20351e-09
0.0573615 2.17101e-09
0.0923671 2.13899e-09
0.148735 2.10744e-09
0.239503 2.07635e-09
0.385662 2.04573e-09
0.621017 2.01555e-09
1 1.98583e-09
1.61026 1.95654e-09
2.59294 1.92768e-09
