3.85662e-07 3.41883e-09
6.21017e-07 3.35448e-09
1e-06 3.29134e-09
1.61026e-06 3.22938e-09
2.59294e-06 3.1686e-09
4.17532e-06 3.10896e-09
6.72336e-06 3.05044e-09
1.08264e-05 2.99302e-09
1.74333e-05 2.93668e-09
2.80722e-05 2.8814e-09
4.52035e-05 2.82717e-09
7.27895e-05 2.77395e-09
0.00011721 2.72174e-09
0.000188739 2.67051e-09
0.00030392 2.62024e-09
0.00048939 2.57092e-09
0.000788046 2.52253e-09
0.00126896 2.47505e-09
0.00204336 2.42846e-09
0.00329034 2.38275e-09
0.00529832 2.3379e-09
0.00853168 2.29389e-09
0.0137382 2.25072e-09
0.0221222 2.20835e-09
0.0356225 2.16678e-09
0.0573615 2.126e-09
0.0923671 2.08598e-09
0.148735 2.04672e-09
0.239503 2.00819e-09
0.385662 1.97039e-09
0.621017 1.9333e-09
1 1.89691e-09
1.61026 1.86121e-09
2.59294 1.82617e-09
