3.85662e-07 3.07437e-09
6.21017e-07 3.03288e-09
1e-06 2.99195e-09
1.61026e-06 2.95158e-09
2.59294e-06 2.91175e-09
4.17532e-06 2.87245e-09
6.72336e-06 2.83369e-09
1.08264e-05 2.79545e-09
1.74333e-05 2.75773e-09
2.80722e-05 2.72052e-09
4.52035e-05 2.6838e-09
7.27895e-05 2.64759e-09
0.00011721 2.61186e-09
0.000188739 2.57661e-09
0.00030392 2.54184e-09
0.00048939 2.50754e-09
0.000788046 2.4737e-09
0.00126896 2.44032e-09
0.00204336 2.40739e-09
0.00329034 2.37491e-09
0.00529832 2.34286e-09
0.00853168 2.31124e-09
0.0137382 2.28005e-09
0.0221222 2.24929e-09
0.0356225 2.21893e-09
0.0573615 2.18899e-09
0.0923671 2.15945e-09
0.148735 2.13031e-09
0.239503 2.10156e-09
0.385662 2.0732e-09
0.621017 2.04523e-09
1 2.01763e-09
1.61026 1.9904e-09
2.59294 1.96354e-09
