3.85662e-07 3.12773e-09
6.21017e-07 3.08437e-09
1e-06 3.04161e-09
1.61026e-06 2.99944e-09
2.59294e-06 2.95786e-09
4.17532e-06 2.91685e-09
6.72336e-06 2.87641e-09
1.08264e-05 2.83653e-09
1.74333e-05 2.79721e-09
2.80722e-05 2.75843e-09
4.52035e-05 2.72019e-09
7.27895e-05 2.68247e-09
0.00011721 2.64529e-09
0.000188739 2.60861e-09
0.00030392 2.57245e-09
0.00048939 2.53678e-09
0.000788046 2.50161e-09
0.00126896 2.46693e-09
0.00204336 2.43273e-09
0.00329034 2.399e-09
0.00529832 2.36574e-09
0.00853168 2.33295e-09
0.0137382 2.3006e-09
0.0221222 2.26871e-09
0.0356225 2.23726e-09
0.0573615 2.20624e-09
0.0923671 2.17565e-09
0.148735 2.14549e-09
0.239503 2.11574e-09
0.385662 2.08641e-09
0.621017 2.05749e-09
1 2.02896e-09
1.61026 2.00083e-09
2.59294 1.97309e-09
