3.85662e-07 3.07542e-09
6.21017e-07 3.04238e-09
1e-06 3.00969e-09
1.61026e-06 2.97735e-09
2.59294e-06 2.94535e-09
4.17532e-06 2.91371e-09
6.72336e-06 2.8824e-09
1.08264e-05 2.85142e-09
1.74333e-05 2.82078e-09
2.80722e-05 2.79047e-09
4.52035e-05 2.76049e-09
7.27895e-05 2.73083e-09
0.00011721 2.70148e-09
0.000188739 2.67245e-09
0.00030392 2.64374e-09
0.00048939 2.61533e-09
0.000788046 2.58723e-09
0.00126896 2.55943e-09
0.00204336 2.53193e-09
0.00329034 2.50472e-09
0.00529832 2.4778e-09
0.00853168 2.45118e-09
0.0137382 2.42484e-09
0.0221222 2.39879e-09
0.0356225 2.37301e-09
0.0573615 2.34751e-09
0.0923671 2.32229e-09
0.148735 2.29733e-09
0.239503 2.27265e-09
0.385662 2.24823e-09
0.621017 2.22407e-09
1 2.20017e-09
1.61026 2.17653e-09
2.59294 2.15314e-09
