1   11533.8   0.0225329   0.109855   0.697938   0.0787075   0.982823   2.99995   0.988915
1   11466.5   0.0225329   0.110204   0.697938   0.0787075   0.983328   3.00227   0.988915
1   11405.4   0.0225329   0.110146   0.699171   0.0778086   0.983328   3.00227   0.988915
1   11263.4   0.0225329   0.110283   0.699171   0.0765559   0.985217   3.00335   0.987771
1   11142.8   0.022532   0.110283   0.699171   0.0765559   0.985217   3.00655   0.986089
1   11096.4   0.0225158   0.110283   0.699171   0.0766379   0.986328   3.00708   0.984919
1   11015.8   0.0223549   0.110283   0.699674   0.0766379   0.987939   3.00708   0.983437
1   10931   0.0223549   0.110283   0.702754   0.0762751   0.987018   3.00708   0.981812
1   10892.1   0.0223549   0.110283   0.702764   0.0763525   0.985676   3.00708   0.979276
1   10867.3   0.0223302   0.110283   0.704553   0.0763525   0.98475   3.00708   0.979276
1   10831.1   0.022282   0.110198   0.706924   0.076159   0.98475   3.00855   0.979344
1   10795.7   0.022282   0.110891   0.7091   0.0753399   0.98475   3.00855   0.979344
1   10767   0.022282   0.111029   0.711612   0.0753399   0.988471   3.00907   0.977662
1   10769.8   0.022282   0.111472   0.711612   0.0753399   0.989982   3.00907   0.977662
1   10752.6   0.0222913   0.111472   0.711612   0.0750721   0.990408   3.01244   0.977173
1   10748.7   0.0224777   0.111495   0.711556   0.0742672   0.989271   3.01244   0.977173
1   10752.9   0.0223598   0.111495   0.711556   0.0729612   0.989271   3.01074   0.978867
1   10752.8   0.0223598   0.111495   0.710186   0.0729612   0.990073   3.01367   0.979933
1   10753.3   0.0223955   0.111495   0.710186   0.0729612   0.990186   3.01367   0.979933
1   10745.8   0.0223955   0.111707   0.710406   0.0715802   0.988508   3.01367   0.979933
1   10748   0.0224777   0.111707   0.710887   0.0707231   0.990258   3.01367   0.980427
1   10749.9   0.0224344   0.111707   0.710887   0.0707231   0.990258   3.0145   0.982238
1   10754.7   0.0224157   0.111707   0.710887   0.0706643   0.9903   3.0145   0.983225
1   10754.7   0.0224157   0.111707   0.710685   0.0704139   0.98975   3.01526   0.98392
1   10751.7   0.0224157   0.111947   0.709223   0.0704139   0.98912   3.0174   0.984544
1   10746.5   0.0223229   0.111829   0.71043   0.0696361   0.989226   3.0174   0.984029
1   10752.9   0.0223868   0.111408   0.71043   0.0696361   0.990792   3.0174   0.984029
1   10754   0.022171   0.111588   0.71043   0.0690094   0.990792   3.01679   0.984958
1   10765   0.0220321   0.111794   0.71043   0.0679012   0.991751   3.01498   0.985667
1   10766.1   0.0220321   0.111841   0.709703   0.0666607   0.992387   3.01498   0.987294
1   10759.5   0.0220737   0.111284   0.70795   0.0664765   0.989418   3.01498   0.987294
1   10761.5   0.0220481   0.111284   0.708661   0.0665527   0.989418   3.01514   0.988072
1   10762.5   0.0221729   0.111787   0.708661   0.0669499   0.988094   3.01491   0.988072
1   10763.6   0.022286   0.111363   0.708661   0.0668461   0.989538   3.01485   0.988072
1   10759.5   0.0222106   0.111363   0.710273   0.0668461   0.990596   3.01516   0.987823
1   10758.5   0.0222106   0.11148   0.708941   0.0668361   0.990003   3.01637   0.988311
1   10753.2   0.0221956   0.111731   0.70858   0.0667162   0.987243   3.01637   0.987956
1   10750.7   0.0221956   0.112096   0.706043   0.0667162   0.987243   3.01735   0.987956
1   10758   0.0221956   0.112352   0.703721   0.0667162   0.987513   3.01735   0.988625
1   10756.4   0.0221598   0.112701   0.703721   0.0667162   0.986587   3.01735   0.988625
1   10741.6   0.0221598   0.112701   0.703721   0.0641572   0.985295   3.01669   0.988625
1   10745.6   0.0221399   0.112936   0.704519   0.0638035   0.985109   3.01584   0.989241
1   10736.7   0.0222189   0.113028   0.704519   0.0638035   0.985109   3.01584   0.987723
1   10734.4   0.0224771   0.11316   0.704519   0.0625528   0.985109   3.01579   0.987917
1   10731   0.0224771   0.11316   0.705825   0.0624458   0.983524   3.01855   0.987917
1   10727.2   0.0225931   0.113881   0.705825   0.0624458   0.983524   3.01814   0.987595
1   10729   0.0226905   0.113832   0.707206   0.0615287   0.983524   3.01614   0.987595
1   10729.1   0.0226838   0.113832   0.707206   0.0615287   0.98412   3.01627   0.987215
1   10732.1   0.0226838   0.114021   0.706746   0.0615287   0.98412   3.01615   0.988355
1   10732.9   0.0226792   0.114148   0.706112   0.0615287   0.982688   3.01642   0.988742
1   10731.9   0.0226792   0.114148   0.706112   0.0615287   0.982688   3.01692   0.988844
1   10728.5   0.0226455   0.114148   0.706112   0.0606741   0.983623   3.01939   0.989961
1   10727.7   0.0226455   0.114148   0.706112   0.0601957   0.983674   3.01939   0.989961
1   10727.7   0.0225377   0.11372   0.706582   0.061264   0.983004   3.02082   0.989961
1   10725.1   0.0225214   0.11372   0.704576   0.0623   0.981199   3.02152   0.989823
1   10727.1   0.0225278   0.11354   0.704576   0.0629003   0.981199   3.02152   0.989823
1   10728.7   0.0225104   0.113417   0.704598   0.0629003   0.978089   3.02152   0.990095
1   10731.5   0.0224404   0.113198   0.706292   0.0620306   0.982674   3.02265   0.989545
1   10729   0.0224657   0.113587   0.706086   0.0613213   0.983262   3.02072   0.990929
1   10728   0.0224657   0.113345   0.706086   0.0612468   0.982414   3.02072   0.990929
1   10728.4   0.0224657   0.113561   0.703149   0.0605268   0.982414   3.02031   0.990856
1   10726.6   0.0224657   0.113561   0.704538   0.0605268   0.982414   3.02031   0.990981
1   10726.8   0.0224657   0.113541   0.706038   0.0605268   0.980815   3.02031   0.990981
1   10726.4   0.0224992   0.113477   0.705845   0.0605268   0.981011   3.02089   0.991317
1   10728.6   0.022434   0.113257   0.705109   0.0596856   0.978822   3.02151   0.991317
