1   18119.4   0.0225562   0.116733   0.714013   0.108136   1.00718   3.01061   1.00976
1   17980.1   0.0225562   0.116714   0.713744   0.108136   1.00768   3.01061   1.00912
1   17809.3   0.022665   0.116553   0.712609   0.108055   1.01019   3.01065   1.00912
1   17417.1   0.0227076   0.116245   0.712609   0.107471   1.01226   3.01065   1.00822
1   16972.4   0.0227865   0.116245   0.712609   0.105984   1.01433   3.01065   1.00726
1   16138.6   0.0227865   0.116175   0.710286   0.103486   1.01433   3.01484   1.00726
1   15924.1   0.0227521   0.116175   0.707243   0.103217   1.01433   3.01484   1.00675
1   15715.6   0.0227521   0.11571   0.704528   0.103191   1.01433   3.01484   1.00672
1   15612.5   0.022709   0.11571   0.704246   0.102664   1.01433   3.01506   1.00672
1   15564.5   0.022709   0.11571   0.702346   0.102664   1.01433   3.01506   1.00672
1   15188.4   0.022709   0.115283   0.702346   0.102664   1.01929   3.01802   1.00672
1   15029.7   0.0227132   0.114878   0.699909   0.102669   1.02135   3.01802   1.00672
1   14918.1   0.0225048   0.114589   0.699325   0.102669   1.02367   3.01802   1.00672
1   14818.8   0.0224844   0.114133   0.699325   0.102669   1.02412   3.01802   1.00672
1   14649.6   0.0224559   0.113806   0.699325   0.102266   1.02595   3.01802   1.00649
1   14364.2   0.0223821   0.113113   0.699345   0.101812   1.02595   3.01883   1.00623
1   14341.7   0.0222269   0.113113   0.699345   0.101812   1.02594   3.01883   1.00616
1   13946.1   0.022209   0.112838   0.697369   0.100797   1.02594   3.02133   1.00579
1   13616.6   0.022209   0.112374   0.697369   0.100357   1.02594   3.02409   1.00542
1   13580.5   0.0221217   0.112247   0.695697   0.100357   1.02642   3.02403   1.00542
1   13261.6   0.0221217   0.111774   0.695697   0.0989818   1.02829   3.02587   1.00542
1   13202.8   0.0221217   0.111774   0.694417   0.0986884   1.02902   3.02587   1.00516
1   12868.6   0.0221217   0.111631   0.694417   0.0968686   1.02902   3.02874   1.00516
1   12863.2   0.022119   0.111631   0.695829   0.0968686   1.02964   3.02874   1.00516
1   12740.7   0.0220231   0.111484   0.695829   0.0968686   1.02919   3.02874   1.00415
1   12491.1   0.0220231   0.110988   0.695781   0.0963241   1.02938   3.03131   1.00362
1   12385.4   0.0220231   0.110988   0.696008   0.0951726   1.02849   3.03154   1.00362
1   12247.6   0.0220231   0.110988   0.697636   0.0943451   1.02888   3.03154   1.00281
1   12170.2   0.0220231   0.110972   0.69971   0.0937307   1.02717   3.03215   1.00281
1   12043.2   0.021915   0.110374   0.701311   0.0928489   1.02834   3.03215   1.00281
1   11883   0.021915   0.109672   0.703661   0.0922504   1.02761   3.03326   1.00241
1   11826.6   0.021915   0.109672   0.703661   0.0922504   1.02625   3.03408   1.00198
1   11774.5   0.0218459   0.109471   0.705556   0.0922504   1.02454   3.03408   1.00154
1   11696.5   0.0218459   0.108883   0.709218   0.0919671   1.02439   3.03408   1.00127
1   11529.4   0.0218742   0.108883   0.709218   0.0896723   1.02383   3.03525   1.00127
1   11414.3   0.0218247   0.108645   0.709666   0.0896723   1.02383   3.03696   1.00019
1   11354   0.0217675   0.108645   0.709666   0.0895414   1.02383   3.03696   0.99912
1   11205.6   0.0217675   0.108027   0.711496   0.0888003   1.02273   3.03764   0.997197
1   11135   0.0217675   0.108027   0.713271   0.0887038   1.02192   3.04091   0.997197
1   11092.9   0.0216624   0.108027   0.714177   0.0877686   1.02082   3.0412   0.997197
1   11063.2   0.0216063   0.107349   0.714177   0.08764   1.02082   3.04206   0.996889
1   11036.8   0.0215516   0.107349   0.714837   0.0873463   1.01967   3.04206   0.996432
1   11007.2   0.021388   0.107103   0.719134   0.0873463   1.01857   3.04372   0.996432
1   11000.8   0.021388   0.107192   0.718766   0.0873463   1.01857   3.04372   0.996072
1   10973.1   0.021458   0.107192   0.718766   0.0872002   1.0179   3.0456   0.996007
1   10962.7   0.021458   0.107315   0.716913   0.0872002   1.0179   3.04643   0.995558
1   10909.8   0.0215183   0.10707   0.718657   0.0856435   1.01606   3.04928   0.993582
1   10897.3   0.0216347   0.107073   0.718657   0.084993   1.01407   3.04923   0.994126
1   10897.2   0.0216347   0.107073   0.718657   0.0849243   1.01407   3.04875   0.993829
1   10866.7   0.0216347   0.10777   0.720667   0.0849243   1.01128   3.04875   0.993099
1   10865.3   0.0216347   0.10777   0.719896   0.0845238   1.01036   3.04772   0.993341
1   10860.3   0.0216347   0.107935   0.719896   0.0844308   1.01036   3.04914   0.993136
1   10855.3   0.0216347   0.107816   0.719825   0.0844308   1.00856   3.05005   0.993803
1   10842   0.0217277   0.107816   0.721168   0.0844248   1.00746   3.05177   0.993235
1   10840.5   0.0217277   0.107816   0.721168   0.0847342   1.00703   3.05177   0.992434
1   10847.3   0.0216566   0.107903   0.720546   0.0847342   1.00681   3.05237   0.994452
1   10851.1   0.0217025   0.108044   0.722257   0.0847342   1.00693   3.05237   0.994871
1   10837.3   0.0217025   0.108044   0.722257   0.0829487   1.00537   3.05313   0.994871
1   10837.3   0.0217025   0.108044   0.722257   0.0836698   1.00537   3.05597   0.994347
1   10840.8   0.0217025   0.108387   0.722744   0.0839656   1.0033   3.05444   0.995239
1   10831.1   0.0217192   0.108288   0.72253   0.0824777   1.0033   3.05444   0.995239
1   10824.6   0.0217827   0.108288   0.722379   0.0824777   1.0033   3.05444   0.99522
1   10821   0.0218336   0.10804   0.722379   0.0818949   1.0033   3.05397   0.99522
1   10817.9   0.0218479   0.107912   0.722379   0.0818949   1.00205   3.05266   0.99522
1   10818.2   0.0218534   0.107912   0.722379   0.0818949   1.00205   3.05352   0.99611
