1   13537   0.0209917   0.112354   0.746785   0.0853423   0.997793   2.99855   0.985337
1   13099.2   0.0210789   0.111855   0.744865   0.0846424   0.997793   2.99855   0.984435
1   12821.7   0.021101   0.111259   0.744435   0.0846424   0.997793   3.00052   0.984435
1   12549.1   0.021101   0.110861   0.742361   0.0846424   0.997793   3.002   0.984308
1   12488.5   0.021101   0.110861   0.742361   0.0843987   0.997793   3.002   0.983662
1   12219.2   0.021101   0.110001   0.741919   0.0837986   0.997793   3.002   0.983662
1   12195.9   0.021101   0.110001   0.741919   0.0837986   0.997793   3.00271   0.98363
1   12150   0.0211663   0.110001   0.741919   0.0835016   0.997906   3.00271   0.98363
1   12105.5   0.0211663   0.110001   0.741919   0.0835016   1.00241   3.00335   0.98363
1   12082.2   0.0212015   0.110001   0.741919   0.0835016   1.00416   3.00335   0.98363
1   11831.3   0.0212346   0.109796   0.741919   0.0820414   1.00643   3.00773   0.98363
1   11580.6   0.0213562   0.109592   0.739271   0.0820414   1.00643   3.00895   0.982736
1   11540.2   0.0213517   0.109443   0.738813   0.0820414   1.00643   3.00895   0.982736
1   11496.1   0.0213595   0.109443   0.738813   0.0820414   1.01087   3.00954   0.982094
1   11461.9   0.021406   0.109443   0.73831   0.0820414   1.01287   3.00954   0.982094
1   11355.1   0.0214936   0.109443   0.736275   0.0820414   1.01212   3.00954   0.98161
1   11231.6   0.0214936   0.109241   0.736275   0.0820414   1.01212   3.01223   0.979442
1   11179.7   0.0215619   0.109241   0.736275   0.0815685   1.01179   3.0127   0.978565
1   11132.3   0.0216416   0.109222   0.736275   0.0806521   1.0118   3.0136   0.978463
1   11094.4   0.0216416   0.108996   0.735716   0.080094   1.013   3.01326   0.978463
1   11009.6   0.0216416   0.108841   0.732379   0.0796539   1.013   3.01326   0.978463
1   10993.5   0.0216416   0.108654   0.731867   0.0796539   1.013   3.01326   0.979317
1   10950.6   0.0216416   0.108654   0.730122   0.079638   1.01174   3.01845   0.979317
1   10927.1   0.0216498   0.108384   0.730122   0.0800941   1.00919   3.01845   0.978508
1   10907.2   0.0216498   0.108384   0.728139   0.0813646   1.00919   3.01784   0.979113
1   10895.8   0.0216498   0.108267   0.728139   0.0808936   1.00748   3.01784   0.979141
1   10861.6   0.021756   0.108193   0.725847   0.0811474   1.00748   3.01784   0.979768
1   10838.1   0.021756   0.108193   0.722248   0.0809431   1.00598   3.01784   0.979288
1   10839.5   0.0217825   0.108193   0.722248   0.0810889   1.00488   3.01784   0.980701
1   10839.2   0.0217825   0.108193   0.721886   0.0810889   1.00281   3.01784   0.981311
1   10827.3   0.0217825   0.108013   0.722319   0.0810889   1.00037   3.01784   0.980289
1   10821.9   0.0217825   0.108149   0.722319   0.0798235   1.00037   3.01804   0.980289
1   10825.7   0.0217825   0.108149   0.721587   0.0784604   1.00151   3.02024   0.980442
1   10823.6   0.0217779   0.108149   0.719664   0.0784604   1.00151   3.01743   0.982072
1   10832.7   0.0217755   0.108415   0.719664   0.0778228   1.00178   3.01614   0.983437
1   10829   0.0217755   0.108415   0.719794   0.076885   1.0016   3.01519   0.983432
1   10817.3   0.0217992   0.108629   0.719794   0.076885   1.00128   3.01805   0.982982
1   10812.2   0.0217992   0.108719   0.719794   0.0749457   0.99855   3.01644   0.984002
1   10802.7   0.0219332   0.108719   0.717303   0.0749431   0.99855   3.01961   0.984623
1   10802   0.0219332   0.109185   0.718054   0.0749431   0.998533   3.01775   0.984623
1   10799.6   0.0219396   0.109096   0.71856   0.0749431   0.998533   3.01775   0.984115
1   10799.4   0.0219396   0.108966   0.718199   0.0751783   0.998533   3.01832   0.984115
1   10791.7   0.021959   0.109208   0.718199   0.0740191   0.997189   3.01972   0.984115
1   10790.2   0.021959   0.109208   0.718199   0.07376   0.996071   3.02004   0.983959
1   10788.2   0.0220716   0.109208   0.718716   0.0750288   0.996071   3.02004   0.984779
1   10784.5   0.0221495   0.109208   0.718716   0.0750288   0.997004   3.0217   0.984915
1   10782.1   0.0221495   0.109237   0.720038   0.0747194   0.995718   3.0217   0.984894
1   10782.2   0.0221495   0.109677   0.720038   0.0741907   0.996761   3.02283   0.984938
1   10783.9   0.0221696   0.109677   0.719626   0.0739001   0.995294   3.02307   0.986918
1   10773.1   0.0224035   0.109677   0.719717   0.0732646   0.995294   3.02307   0.986918
1   10771.1   0.0224035   0.110002   0.717387   0.0730418   0.995294   3.02307   0.986895
1   10771   0.0224035   0.110002   0.717874   0.0720505   0.995062   3.02307   0.987955
1   10765.2   0.0223795   0.110002   0.717874   0.0715348   0.992056   3.02307   0.987808
1   10764.3   0.0224199   0.110002   0.717874   0.0715393   0.989926   3.02307   0.987888
1   10773.6   0.0224238   0.11015   0.717874   0.0715393   0.991812   3.02064   0.987888
1   10767.8   0.0224616   0.109953   0.715871   0.0715393   0.991322   3.02229   0.987001
1   10766.2   0.0223671   0.109953   0.715845   0.0715393   0.991322   3.02229   0.987001
1   10756.3   0.0223671   0.110615   0.715325   0.0701203   0.991322   3.02229   0.987001
1   10755.1   0.022449   0.110615   0.716812   0.0701203   0.989101   3.02184   0.987214
1   10754.6   0.0223348   0.110615   0.716669   0.0690057   0.986587   3.02133   0.987214
1   10755.9   0.0223481   0.110435   0.716745   0.0690057   0.986587   3.02133   0.987788
1   10761.5   0.0223595   0.110435   0.71466   0.0690057   0.989808   3.02199   0.98949
1   10762.7   0.0223235   0.111055   0.71466   0.0690057   0.990201   3.02199   0.98949
