1   13252.9   0.02022   0.123431   0.687016   0.0780365   1.01299   2.99139   0.982123
1   13231.2   0.0202445   0.123431   0.687016   0.0780365   1.01606   2.99139   0.982123
1   13119.7   0.0202445   0.123431   0.687016   0.0766314   1.01488   2.99145   0.982123
1   12898.2   0.0202888   0.123072   0.687016   0.0755958   1.01573   2.99217   0.982137
1   12658.3   0.0202671   0.123072   0.683747   0.0755958   1.01674   2.99444   0.981879
1   12455.8   0.0202671   0.12295   0.683747   0.0755958   1.01719   2.99837   0.981181
1   12389   0.0202671   0.122845   0.683747   0.0748049   1.02075   2.99837   0.981181
1   12178.8   0.0202671   0.122845   0.678949   0.0748049   1.01936   2.99909   0.981181
1   12178.6   0.0202671   0.122845   0.678949   0.0748049   1.0193   2.99909   0.981181
1   12120.1   0.0202671   0.122845   0.678949   0.0743897   1.01886   2.99907   0.980531
1   11819.3   0.0202671   0.122093   0.675693   0.0743897   1.01886   3.00011   0.979977
1   11723.1   0.0203421   0.121842   0.675694   0.0743897   1.01886   3.00144   0.979977
1   11676   0.0204631   0.121814   0.675407   0.0743897   1.01886   3.00131   0.979977
1   11649.4   0.0204631   0.121814   0.675212   0.0743897   1.01886   3.00131   0.979487
1   11617.1   0.0204631   0.121631   0.675212   0.0743897   1.01902   3.00131   0.979367
1   11574.2   0.0204684   0.121584   0.675212   0.0738404   1.01774   3.00131   0.979188
1   11447.3   0.0204684   0.120985   0.674277   0.0738404   1.01774   3.00131   0.978547
1   11377.3   0.0206684   0.120985   0.67338   0.073698   1.01775   3.00131   0.978547
1   11323.9   0.0206684   0.120985   0.672363   0.0725706   1.01775   3.00131   0.978547
1   11185.3   0.020916   0.12033   0.671329   0.0723742   1.01493   3.00131   0.978547
1   11172.8   0.020916   0.12033   0.671329   0.0719134   1.01493   3.00131   0.978547
1   11104.3   0.0209656   0.119662   0.670216   0.0719134   1.01322   3.00131   0.978547
1   11078.8   0.0209798   0.119218   0.670216   0.0719134   1.01322   3.00143   0.978547
1   11065.4   0.0210158   0.118958   0.670216   0.0719134   1.01322   3.00143   0.978547
1   11038.1   0.0210158   0.118958   0.670216   0.070456   1.01322   3.00143   0.978547
1   11021.6   0.0210158   0.118778   0.671466   0.070456   1.01257   3.0022   0.978547
1   10986.5   0.0210158   0.118778   0.672139   0.0702961   1.00996   3.0022   0.977535
1   10951.2   0.0210833   0.118501   0.672823   0.0702057   1.00996   3.00381   0.975935
1   10926.7   0.0210833   0.117752   0.672823   0.0705307   1.00729   3.00945   0.97611
1   10911.6   0.0209962   0.117752   0.678139   0.0713011   1.00594   3.01077   0.97611
1   10901.7   0.0209914   0.1178   0.678139   0.0700438   1.00432   3.00811   0.97611
1   10896.2   0.0210151   0.117625   0.678219   0.0705354   1.00432   3.0086   0.97611
1   10890.1   0.0210151   0.117625   0.678219   0.0705354   1.00344   3.00821   0.975617
1   10889.8   0.0210015   0.117506   0.678219   0.0705354   1.00344   3.00681   0.975408
1   10876.8   0.0211164   0.117508   0.676903   0.0709945   1.00286   3.00681   0.975408
1   10874   0.0211574   0.117508   0.676903   0.0709945   1.00274   3.00619   0.975355
1   10870.6   0.0211574   0.116991   0.680609   0.0709945   1.00274   3.0068   0.976671
1   10850.8   0.0212547   0.116586   0.683523   0.0691168   1.00133   3.00427   0.977108
1   10847.5   0.0212538   0.116586   0.683523   0.0691168   1.00133   3.00821   0.977108
1   10848.2   0.0212818   0.116892   0.683142   0.0687375   1.00133   3.00781   0.977108
1   10825.6   0.021354   0.117103   0.683142   0.0690454   0.997994   3.00967   0.977818
1   10822.4   0.0213533   0.116827   0.683667   0.0690454   0.997994   3.00952   0.977408
1   10823.4   0.0213533   0.116909   0.683667   0.0686864   0.997994   3.00952   0.977408
1   10808.5   0.0213498   0.116665   0.683667   0.0686864   0.995233   3.00863   0.978305
1   10803.9   0.0213498   0.115839   0.68478   0.0690929   0.995233   3.00863   0.978305
1   10806.7   0.0213498   0.115839   0.68478   0.0689576   0.995233   3.00727   0.978806
1   10804.1   0.0213498   0.115839   0.68478   0.0688595   0.995233   3.00727   0.977914
1   10805.1   0.0213498   0.115839   0.68478   0.0689804   0.995169   3.00715   0.978369
1   10808.4   0.0213498   0.115703   0.68478   0.07066   0.993952   3.00715   0.978369
1   10799.6   0.0214014   0.115603   0.68478   0.070512   0.992495   3.00715   0.978369
1   10779.3   0.0215651   0.115645   0.687224   0.070512   0.98841   3.00696   0.978126
1   10771.1   0.0215651   0.115423   0.68825   0.0702262   0.98841   3.00696   0.977717
1   10764.2   0.0215651   0.115423   0.68825   0.0679151   0.98841   3.00696   0.97866
1   10754.4   0.0218849   0.115423   0.688899   0.0673229   0.98841   3.0085   0.97866
1   10754   0.0219903   0.115423   0.688899   0.067071   0.987777   3.00869   0.97866
1   10736.4   0.0219903   0.115621   0.691066   0.0654587   0.985265   3.00877   0.979363
1   10739.4   0.0219656   0.115586   0.690988   0.0654587   0.986001   3.00711   0.979395
1   10739.7   0.0220413   0.115586   0.690988   0.0654587   0.985485   3.00781   0.980499
1   10733.5   0.0220896   0.115586   0.692125   0.0649966   0.985123   3.00903   0.980183
1   10733.3   0.0221906   0.115894   0.692125   0.0644403   0.984742   3.00903   0.981358
1   10732.7   0.0221848   0.11556   0.692125   0.0638448   0.984494   3.00903   0.981358
1   10730.9   0.0221848   0.11556   0.695978   0.0631127   0.982573   3.01063   0.983613
1   10728.7   0.0221848   0.115387   0.696192   0.0629981   0.982573   3.01063   0.983613
1   10728   0.0222606   0.115348   0.694002   0.0625479   0.982049   3.01063   0.984149
