1   53.8087   0.0231617   0.117617   0.681299   0.0870699   0.990531   3.10007
1   52.1328   0.0231394   0.117876   0.683104   0.078833   0.981521   3.10364
1   51.6947   0.0233952   0.117876   0.683104   0.0804525   0.976499   3.11194
1   50.0915   0.0231998   0.118029   0.686746   0.0756793   0.973116   3.11341
1   50.675   0.0232286   0.117554   0.684236   0.069715   0.973123   3.11005
1   49.7136   0.0235384   0.116386   0.684236   0.0801729   0.969476   3.11145
1   51.086   0.0233378   0.11624   0.680529   0.0756573   0.966292   3.11145
1   50.2012   0.0233195   0.117247   0.683341   0.0727554   0.963852   3.11627
1   52.4844   0.0232589   0.116856   0.67921   0.081052   0.96845   3.12323
1   50.0705   0.0233256   0.116581   0.683869   0.0819946   0.96845   3.12752
1   49.3176   0.023269   0.116581   0.687239   0.0878181   0.975443   3.12395
1   48.6521   0.0233728   0.11671   0.691369   0.0900954   0.980589   3.12353
1   48.2508   0.0234276   0.115305   0.690632   0.0920551   0.983183   3.12976
1   48.8405   0.0232232   0.115635   0.688953   0.096258   0.981496   3.13119
1   48.364   0.0232712   0.115635   0.688776   0.088458   0.974795   3.12651
1   48.3051   0.0233974   0.115641   0.688776   0.0972223   0.974795   3.12649
1   48.4063   0.0232599   0.115977   0.695109   0.096363   0.988891   3.12775
1   48.6451   0.0232504   0.115621   0.698243   0.0951203   0.997078   3.12486
1   49.0839   0.0233127   0.116078   0.700955   0.088036   0.999561   3.12703
1   48.7423   0.0233988   0.115658   0.701279   0.0862731   0.999561   3.12154
1   48.9014   0.0236773   0.116056   0.704011   0.082456   0.999561   3.1196
1   49.0346   0.0237496   0.117188   0.703962   0.0784783   0.994069   3.11964
1   50.8787   0.023517   0.117655   0.696841   0.0791883   1.00919   3.11952
1   52.4249   0.0235663   0.116995   0.688473   0.0937105   1.00923   3.12472
1   52.1555   0.0235738   0.117789   0.689106   0.0826273   1.00405   3.11952
1   53.4011   0.0235309   0.118599   0.687685   0.0827055   1.0041   3.11506
1   58.1114   0.023225   0.1198   0.68133   0.0947896   1.0041   3.11828
1   58.0692   0.0235287   0.1198   0.68133   0.097757   1.00372   3.12397
1   60.4471   0.0235403   0.119756   0.680811   0.103823   1.01515   3.13016
1   56.8538   0.0237685   0.11904   0.68433   0.113528   1.01264   3.12775
1   57.71   0.0237651   0.119219   0.6827   0.114691   1.01097   3.12743
1   60.5969   0.0236195   0.119755   0.680468   0.109215   1.01605   3.12026
1   60.8414   0.023293   0.119755   0.679593   0.102728   1.01351   3.11731
1   57.4692   0.0229967   0.119701   0.685403   0.104563   1.01351   3.11966
1   55.5635   0.0230779   0.119545   0.688829   0.0982979   1.01351   3.11394
1   56.1822   0.0231242   0.119506   0.688921   0.104494   1.01807   3.11482
1   56.0069   0.02308   0.119321   0.688921   0.102081   1.01807   3.11476
1   54.4899   0.0232205   0.118929   0.690319   0.0910307   1.01505   3.11634
1   54.0991   0.0231433   0.119296   0.691533   0.0914367   1.01219   3.11528
1   53.5344   0.0232562   0.120033   0.691135   0.0945553   1.00336   3.11202
1   53.4529   0.0230995   0.120238   0.691135   0.0991121   1.00045   3.11322
1   53.4782   0.0232537   0.120238   0.691135   0.0995112   1.00157   3.1139
1   52.0529   0.0230514   0.120064   0.694045   0.0975091   0.996125   3.11267
1   52.1804   0.0228415   0.120053   0.69203   0.092639   0.992379   3.11086
1   53.2719   0.0228422   0.119672   0.687106   0.0896481   0.992379   3.10243
1   54.6693   0.0228943   0.120244   0.684249   0.0819619   0.989981   3.10243
1   53.1329   0.0228943   0.120244   0.688438   0.0752496   0.991664   3.10231
1   51.7555   0.0227334   0.119685   0.688479   0.0732423   0.983481   3.10077
1   52.1523   0.022722   0.120452   0.68914   0.0772706   0.983481   3.09996
1   53.1703   0.0231809   0.121959   0.687864   0.0743511   0.980283   3.10014
1   53.715   0.0228726   0.122079   0.686988   0.0708773   0.979236   3.10175
1   53.9341   0.0226439   0.122079   0.689724   0.0657755   0.986033   3.10829
1   52.3923   0.0226396   0.121191   0.689093   0.0722063   0.979147   3.10404
1   52.2495   0.0226149   0.122218   0.692232   0.0726407   0.978047   3.10218
1   52.7499   0.0226789   0.122218   0.689619   0.0741073   0.977863   3.09614
1   53.7442   0.0228972   0.121901   0.687044   0.0751281   0.981208   3.10109
1   53.2639   0.0231253   0.121708   0.687044   0.0778321   0.978716   3.108
1   55.1725   0.0229301   0.121197   0.680066   0.0701975   0.969592   3.10862
1   53.7474   0.0228235   0.120676   0.680066   0.0714485   0.960381   3.11197
1   51.2413   0.0228896   0.121548   0.689049   0.0717781   0.967733   3.10314
1   51.2225   0.0224818   0.122013   0.688198   0.0741116   0.960512   3.09514
1   50.085   0.0224724   0.121859   0.696504   0.0779508   0.966016   3.09377
1   50.7013   0.0222647   0.122644   0.694801   0.0728488   0.962879   3.09769
1   50.5125   0.0222636   0.122186   0.69431   0.0698891   0.963522   3.09718
1   49.2514   0.0219747   0.121354   0.698828   0.0758267   0.953736   3.09396
1   49.4363   0.0218486   0.12166   0.698134   0.064186   0.953046   3.09126
1   49.198   0.0217478   0.121196   0.696886   0.0643538   0.951863   3.09091
1   49.1147   0.0219083   0.121212   0.704209   0.0596702   0.939024   3.09188
1   49.4549   0.0217323   0.1217   0.704209   0.05953   0.940183   3.09347
1   49.1784   0.0219696   0.122334   0.704209   0.0641689   0.93217   3.09397
1   49.8061   0.0218941   0.122716   0.706751   0.0686627   0.932445   3.09336
1   49.6405   0.0219087   0.12225   0.706751   0.0698896   0.931942   3.08777
1   48.7712   0.0219936   0.122727   0.701608   0.0774629   0.928237   3.09641
1   49.2359   0.0218046   0.123635   0.701509   0.0775212   0.927812   3.10436
1   49.758   0.0218599   0.122858   0.704884   0.0884732   0.936552   3.10471
1   49.5666   0.0222207   0.122575   0.704884   0.0821657   0.941627   3.10118
1   50.1147   0.0222387   0.122517   0.708158   0.0889701   0.941924   3.09953
1   48.6661   0.022314   0.12278   0.696311   0.0856101   0.936168   3.10131
1   48.711   0.0223188   0.122822   0.696311   0.0849442   0.935579   3.10622
1   49.0771   0.0218548   0.122922   0.699181   0.0850776   0.934722   3.10384
1   49.5105   0.0217157   0.122388   0.691114   0.0799778   0.939588   3.10124
1   48.6771   0.0219561   0.123036   0.695723   0.0770544   0.929127   3.10406
1   49.2039   0.0217383   0.123283   0.697371   0.0739998   0.933868   3.1062
1   49.3947   0.0215031   0.123342   0.699055   0.0767009   0.932104   3.10667
1   49.1256   0.021499   0.122908   0.696027   0.0821979   0.931493   3.1064
1   49.9565   0.0213149   0.123457   0.695537   0.0797645   0.937403   3.10889
1   49.545   0.0213182   0.123148   0.700378   0.0873009   0.931376   3.10683
1   49.1246   0.0212377   0.122863   0.697646   0.0894164   0.926603   3.11212
1   49.1474   0.0212383   0.123903   0.697339   0.0836254   0.919717   3.11037
1   49.1427   0.0212349   0.123737   0.699707   0.0828923   0.917148   3.11056
1   48.881   0.0212793   0.12397   0.696821   0.0846796   0.915638   3.1049
1   48.6425   0.0215092   0.123542   0.695909   0.0817325   0.916695   3.10924
1   49.3873   0.0212046   0.124967   0.696359   0.0722799   0.915372   3.11576
1   49.8694   0.0214868   0.125785   0.694815   0.0710139   0.920129   3.1159
1   49.5829   0.0215245   0.125855   0.695277   0.073422   0.91675   3.10905
1   49.7498   0.0217952   0.125876   0.695654   0.0635289   0.922838   3.10946
1   49.7839   0.0220042   0.126181   0.696032   0.0607829   0.923487   3.11187
1   50.194   0.0218257   0.126713   0.698001   0.0715674   0.92436   3.11045
1   51.1339   0.0218423   0.126883   0.694037   0.0760254   0.932302   3.10615
1   50.3726   0.0219559   0.12565   0.692852   0.0706202   0.931282   3.10709
1   50.9479   0.0217903   0.126321   0.692852   0.0669281   0.931282   3.11005
1   50.2999   0.0216502   0.125628   0.697279   0.0624538   0.93177   3.10869
1   50.4537   0.0214087   0.125476   0.697059   0.0614606   0.93177   3.1092
1   49.9861   0.0215222   0.125487   0.694318   0.0605493   0.925261   3.10608
1   49.8015   0.0216592   0.125487   0.696678   0.0580881   0.926274   3.10393
1   49.0255   0.0217696   0.124724   0.698564   0.0585042   0.921755   3.09195
1   49.7749   0.0218297   0.125857   0.693292   0.0597096   0.923844   3.09292
1   50.2587   0.0218421   0.126188   0.694058   0.0537263   0.927695   3.09999
1   51.56   0.021614   0.127401   0.69721   0.0501345   0.935628   3.09986
1   50.8419   0.0214622   0.126841   0.697497   0.0487844   0.928852   3.10454
1   51.1024   0.0214872   0.127358   0.69554   0.0486445   0.927385   3.10432
1   51.2449   0.0214478   0.127779   0.698882   0.0542106   0.927385   3.10666
1   50.9658   0.0212768   0.127687   0.70168   0.0649423   0.922989   3.0971
1   51.1044   0.0211036   0.127574   0.702858   0.0603366   0.921674   3.09797
1   50.5993   0.0208092   0.126979   0.703535   0.0616606   0.910055   3.10263
1   51.3235   0.0208118   0.12732   0.707305   0.0619186   0.910334   3.10421
1   50.7645   0.0206544   0.127174   0.700839   0.0699085   0.913871   3.1046
1   50.3301   0.020618   0.127288   0.698894   0.0712173   0.906514   3.10988
1   51.1801   0.0204009   0.12861   0.701885   0.0550686   0.903981   3.11422
1   50.9037   0.0204061   0.127579   0.699227   0.0570837   0.908612   3.11996
1   51.8526   0.0202875   0.127679   0.697338   0.0560728   0.918814   3.12337
1   51.4107   0.0203231   0.128425   0.696697   0.0600625   0.908893   3.12487
1   51.024   0.0203699   0.1282   0.699283   0.0475953   0.904479   3.12534
1   51.6465   0.0201386   0.127869   0.705339   0.0545493   0.904479   3.11814
1   52.0668   0.0201386   0.126996   0.70775   0.0585234   0.909688   3.11939
1   51.5843   0.0204681   0.12709   0.708686   0.0580301   0.900848   3.11445
1   51.7569   0.0204791   0.127345   0.709386   0.0570298   0.900848   3.11038
1   51.7683   0.0208954   0.126911   0.711235   0.0613353   0.900848   3.1089
1   50.4246   0.0209904   0.127368   0.70505   0.0580897   0.900848   3.10528
1   49.6603   0.0214941   0.12681   0.703572   0.0562562   0.902352   3.10011
1   49.6958   0.0216739   0.127253   0.703897   0.0602865   0.902352   3.10193
1   50.1727   0.0213118   0.127253   0.700535   0.0640026   0.914086   3.10151
1   50.2427   0.0212837   0.127149   0.698791   0.05937   0.916359   3.10289
1   50.3416   0.0212385   0.127282   0.70338   0.0620966   0.910499   3.10504
1   49.4981   0.0214169   0.127163   0.699988   0.0557388   0.902854   3.1076
1   49.8418   0.0214979   0.127359   0.693564   0.0617087   0.908028   3.1096
1   50.7431   0.0213341   0.127846   0.69066   0.0637631   0.909965   3.11285
1   54.8906   0.0210825   0.128491   0.680196   0.0644238   0.912197   3.12275
1   53.5139   0.0210572   0.127354   0.680196   0.0686242   0.906105   3.13017
1   52.4298   0.0212124   0.126413   0.680196   0.0727057   0.902677   3.12376
1   52.0217   0.0211111   0.124912   0.68036   0.0667162   0.908805   3.1241
1   51.351   0.0210261   0.124859   0.681976   0.0689905   0.908905   3.11906
1   50.071   0.0209408   0.124338   0.685576   0.0644022   0.908905   3.12
1   50.1571   0.0211036   0.12477   0.686855   0.0640708   0.91199   3.11981
1   49.3133   0.0213544   0.123766   0.686855   0.0550908   0.909113   3.11455
1   48.4407   0.0214458   0.123277   0.689407   0.0515521   0.905453   3.10829
1   47.9845   0.0212268   0.122344   0.692455   0.049395   0.905453   3.10203
1   48.6428   0.0215392   0.123673   0.688912   0.0532203   0.90684   3.10507
1   47.8976   0.0218142   0.123131   0.695155   0.0531996   0.906075   3.10051
1   47.8734   0.0221748   0.122572   0.693783   0.0532503   0.915947   3.10072
1   47.7972   0.0224973   0.122862   0.698547   0.0495612   0.91268   3.10109
1   48.0527   0.0222743   0.123384   0.699461   0.0510359   0.91129   3.09675
1   47.5002   0.0226514   0.122434   0.694226   0.0485808   0.913056   3.09628
1   47.7097   0.02242   0.123214   0.698608   0.0480738   0.904949   3.08891
1   47.6276   0.0227908   0.123319   0.698608   0.050624   0.911447   3.08605
1   47.8044   0.0230771   0.123117   0.701546   0.0500712   0.91762   3.08432
1   47.7533   0.0235968   0.123398   0.702832   0.0437787   0.917173   3.08731
1   47.2684   0.0236087   0.122498   0.696437   0.0496665   0.922056   3.08866
1   47.3795   0.0237019   0.123122   0.696262   0.0524568   0.921796   3.08705
1   47.3273   0.0239025   0.123117   0.699887   0.0594855   0.922367   3.08391
1   47.5608   0.0237127   0.123608   0.70166   0.0643411   0.914904   3.08515
1   48.3793   0.0236898   0.123192   0.706686   0.0649258   0.923563   3.08484
1   47.9284   0.0236396   0.12328   0.70363   0.0626454   0.925147   3.08786
1   47.5738   0.0235462   0.123525   0.69977   0.0626062   0.921212   3.08663
1   47.5508   0.0233374   0.123356   0.698453   0.0604683   0.919423   3.09086
1   48.0354   0.0232493   0.123858   0.702751   0.0556534   0.918586   3.08868
1   48.2542   0.023039   0.123691   0.703865   0.061387   0.916621   3.08647
1   48.212   0.0229821   0.122938   0.703797   0.0652712   0.902063   3.09284
1   47.4836   0.0226824   0.122968   0.697758   0.0615569   0.902063   3.09153
1   48.0277   0.0225464   0.122637   0.701947   0.0569682   0.905867   3.08873
1   48.2902   0.0225464   0.122211   0.703328   0.0507001   0.901869   3.08796
1   49.4507   0.0225567   0.122734   0.708224   0.0515149   0.906686   3.08884
1   49.4658   0.0225887   0.12302   0.708224   0.0464195   0.90476   3.09281
1   48.9834   0.0226372   0.122748   0.706379   0.0455922   0.90476   3.09994
1   49.1543   0.0225081   0.123751   0.706603   0.0417454   0.908402   3.0999
1   49.4677   0.0226487   0.12473   0.707752   0.0355143   0.916225   3.09384
1   49.2707   0.022764   0.125085   0.705763   0.0438602   0.923641   3.09851
1   49.7958   0.0227344   0.125907   0.705763   0.0484891   0.930235   3.09756
1   49.5053   0.0229255   0.125662   0.705868   0.0489303   0.928925   3.09571
1   49.3284   0.0233159   0.126459   0.707184   0.0551311   0.920427   3.0959
1   49.3026   0.0234715   0.127195   0.70534   0.0547138   0.923172   3.10018
1   49.1794   0.0234884   0.127797   0.700946   0.0500896   0.923658   3.09736
1   48.9922   0.0233793   0.127006   0.700487   0.0448186   0.925365   3.09295
1   49.0824   0.0234813   0.126494   0.70633   0.0459906   0.923225   3.08939
1   48.8964   0.0235951   0.125269   0.706632   0.054876   0.928234   3.08823
1   48.5083   0.0235495   0.124885   0.702846   0.0623453   0.932752   3.08729
1   49.4535   0.0235312   0.124693   0.709715   0.0592748   0.931172   3.08308
1   48.8346   0.0237107   0.125215   0.70612   0.0574468   0.933177   3.08178
1   50.0948   0.0236396   0.124451   0.710593   0.0495504   0.948535   3.08621
1   48.902   0.0238801   0.125135   0.703289   0.0466783   0.941906   3.09371
1   48.8517   0.0236079   0.124224   0.703232   0.0439031   0.944979   3.0901
1   49.2712   0.0234199   0.125084   0.698518   0.0445375   0.944937   3.08668
1   49.9504   0.0233839   0.126034   0.697429   0.0462083   0.945579   3.08811
1   50.658   0.0234269   0.126752   0.693619   0.0563225   0.94205   3.0899
1   49.7161   0.0235307   0.125752   0.696046   0.0442967   0.942688   3.09602
1   49.3876   0.0235315   0.126273   0.706401   0.0490603   0.929129   3.10543
1   49.1928   0.0239789   0.125898   0.70774   0.0588946   0.929883   3.10886
1   50.9254   0.0241712   0.125576   0.715971   0.057094   0.928226   3.11414
1   51.0543   0.0243786   0.126374   0.71649   0.0598793   0.928226   3.11865
1   50.4107   0.0245685   0.126174   0.715164   0.0544831   0.924291   3.11531
1   49.236   0.0243488   0.125772   0.706569   0.0666193   0.940086   3.11604
1   48.5828   0.0243488   0.12485   0.703164   0.0579072   0.939385   3.11897
1   48.8449   0.0242105   0.12431   0.701043   0.0637207   0.946194   3.12471
1   50.0296   0.0248044   0.123852   0.701505   0.0810191   0.969795   3.13713
1   49.1841   0.0248044   0.122754   0.709141   0.0791956   0.95631   3.13473
1   49.2067   0.0248044   0.121163   0.696069   0.0904164   0.97181   3.14053
1   48.3972   0.0247059   0.115077   0.701406   0.102352   1.01024   3.14158
1   48.4953   0.0247059   0.116688   0.706044   0.105155   0.994143   3.13791
1   50.2839   0.0247059   0.119124   0.713921   0.100532   0.978982   3.13824
1   50.6913   0.0247059   0.119351   0.714257   0.104374   0.984879   3.13706
1   51.4615   0.0247059   0.119351   0.714903   0.0842692   0.997037   3.13396
1   50.1745   0.0247677   0.115633   0.709655   0.0846168   1.01941   3.14161
1   49.9967   0.0247677   0.115633   0.704123   0.0873095   1.02546   3.14273
1   49.8177   0.0247677   0.119349   0.707454   0.0674824   0.997461   3.12252
1   48.2694   0.0247677   0.116502   0.704665   0.0787825   0.995213   3.14052
1   48.0963   0.0247677   0.116494   0.696662   0.0787396   0.992861   3.14107
1   47.5075   0.0247677   0.112383   0.690557   0.079379   0.997998   3.1405
1   47.0439   0.0240284   0.113657   0.687802   0.0477772   0.952799   3.13156
1   46.7133   0.0239825   0.11791   0.694068   0.031514   0.935311   3.12315
1   46.9001   0.0245573   0.115701   0.691894   0.0570237   0.958946   3.1351
1   47.7688   0.0246267   0.112971   0.686568   0.0677859   0.97167   3.13165
1   46.533   0.0238469   0.114314   0.692064   0.0774998   0.953165   3.1417
1   49.1811   0.0213308   0.119278   0.690759   0.0740226   0.944481   3.155
1   47.7358   0.0213308   0.119352   0.694641   0.0662345   0.910559   3.15167
1   47.2658   0.0224967   0.117368   0.694252   0.0681487   0.938252   3.1485
1   46.9386   0.0229048   0.113692   0.68958   0.0736557   0.95939   3.14171
1   46.6995   0.0232878   0.113032   0.689337   0.0764883   0.953626   3.1502
1   46.1065   0.0246667   0.110452   0.700409   0.072644   0.983016   3.13635
1   45.6824   0.0246667   0.106282   0.694216   0.074753   0.983278   3.1287
1   45.4227   0.0246667   0.103716   0.691361   0.0924723   1.00828   3.13541
1   45.4756   0.0246667   0.104438   0.690845   0.0790826   1.01921   3.12557
1   45.541   0.0246667   0.104438   0.690845   0.0816573   1.02613   3.12658
1   47.2579   0.0246667   0.104438   0.685624   0.0797008   1.02828   3.14945
1   47.0068   0.0247501   0.104294   0.685571   0.0776905   1.02147   3.13877
1   45.9114   0.0236704   0.105586   0.689003   0.0747282   0.979322   3.14794
1   46.1978   0.0236704   0.103239   0.686374   0.090538   0.989227   3.15962
1   46.2077   0.0219207   0.107782   0.688193   0.0697153   0.953234   3.1564
1   47.7615   0.0213539   0.108758   0.699597   0.0659147   0.954598   3.15122
1   47.0126   0.022555   0.104175   0.682595   0.0728308   1.00761   3.14793
1   46.8287   0.0205823   0.110896   0.689507   0.0557588   0.950665   3.15546
1   47.5627   0.0218233   0.107086   0.682528   0.05801   0.993916   3.15061
1   48.1024   0.0228077   0.10634   0.685228   0.0691176   1.02905   3.14165
1   48.0758   0.0207978   0.112413   0.68809   0.0481834   0.973285   3.14992
1   48.4636   0.020483   0.116017   0.698491   0.0342494   0.941558   3.13363
1   48.5561   0.0203263   0.11451   0.698748   0.0460328   0.954769   3.1293
1   48.8045   0.0203263   0.115022   0.701128   0.031024   0.937558   3.12108
1   48.1946   0.0204939   0.112958   0.698386   0.0436694   0.961368   3.13398
1   46.8909   0.0204939   0.110071   0.692558   0.0340134   0.962514   3.1377
1   46.7395   0.0210511   0.111156   0.693193   0.0248844   0.959737   3.12505
1   46.9341   0.0206016   0.11193   0.690955   0.0247139   0.920401   3.11909
1   47.0727   0.0206016   0.11247   0.683703   0.0265953   0.921578   3.12283
1   47.051   0.0218724   0.11057   0.683328   0.0294537   0.937797   3.13463
1   48.0514   0.0222369   0.11151   0.683024   0.0297734   0.969841   3.13313
1   48.5832   0.0220693   0.111799   0.682545   0.0282741   0.972062   3.14792
1   47.1118   0.0207487   0.113244   0.685162   0.0210266   0.914579   3.14931
1   47.0697   0.0207487   0.113244   0.685162   0.0226468   0.913569   3.13651
1   47.2509   0.0204973   0.113678   0.685322   0.0232863   0.927102   3.14267
1   47.3892   0.0204973   0.113755   0.685436   0.0229943   0.933163   3.14324
1   47.4372   0.0227432   0.109885   0.684015   0.0299793   0.972958   3.15017
1   46.7421   0.0227432   0.109885   0.68802   0.0292475   0.985188   3.1361
1   47.0938   0.0226232   0.111636   0.690389   0.0230419   0.985532   3.13794
1   46.6594   0.0226232   0.108497   0.692415   0.0393218   1.00747   3.14536
1   46.8276   0.0230138   0.106547   0.687627   0.0369097   1.01674   3.14725
1   47.284   0.0218892   0.108485   0.688339   0.051284   0.999165   3.17352
1   46.8715   0.0222124   0.108237   0.696574   0.0692986   0.998198   3.18176
1   47.8842   0.0225055   0.111275   0.70165   0.0671888   0.98878   3.17492
1   47.5367   0.0220753   0.107302   0.697722   0.0841956   1.02095   3.172
1   47.383   0.0221471   0.107669   0.699479   0.0851333   1.01328   3.15613
1   50.3678   0.0221471   0.113572   0.702058   0.0760374   1.01583   3.13885
1   51.4931   0.0229148   0.114525   0.70603   0.0852253   1.02853   3.12364
1   51.2578   0.023035   0.114317   0.706918   0.0852248   1.0297   3.11196
1   50.0347   0.0227674   0.117049   0.710459   0.0758157   0.970766   3.11011
1   49.5893   0.0231454   0.116766   0.710767   0.0759023   0.951989   3.09995
1   49.457   0.0234134   0.116447   0.710541   0.0807011   0.979831   3.09164
1   47.6498   0.0229583   0.113502   0.703339   0.0892913   0.987025   3.0909
1   49.1951   0.0244918   0.112777   0.712715   0.0892283   0.984113   3.08226
1   48.3479   0.0239462   0.111737   0.708567   0.08587   0.971643   3.07619
1   48.37   0.0239462   0.11316   0.707107   0.0753759   0.948447   3.0646
1   49.0728   0.0243532   0.113719   0.70872   0.0434107   0.9177   3.04903
1   50.1704   0.0243532   0.115884   0.711935   0.0352325   0.907416   3.04747
1   50.5613   0.0243532   0.115743   0.712166   0.0552045   0.900178   3.04484
1   51.2431   0.0243532   0.114486   0.713612   0.0733504   0.906052   3.04116
1   48.9743   0.0241143   0.114897   0.707305   0.0691318   0.90248   3.03955
1   46.4736   0.0240524   0.112876   0.698094   0.0976702   0.940721   3.06572
1   47.5328   0.0237179   0.113665   0.702186   0.0826923   0.914937   3.056
1   46.6186   0.024528   0.11466   0.697437   0.0799723   0.914755   3.04565
1   46.6628   0.0242842   0.11508   0.696369   0.079809   0.905386   3.03395
1   47.0039   0.0249916   0.114768   0.688184   0.111079   0.96506   3.03664
1   47.648   0.0249916   0.114768   0.685471   0.101581   0.952087   3.02388
1   46.5536   0.0247358   0.120101   0.697631   0.0809521   0.910523   3.00895
1   46.5558   0.0247358   0.120101   0.692246   0.102013   0.920444   3.01034
1   46.9999   0.0242902   0.120869   0.690032   0.103612   0.902842   3.01952
1   46.7515   0.0246315   0.117216   0.693039   0.101509   0.904581   3.00859
1   46.4567   0.0246315   0.117216   0.693039   0.101509   0.91927   3.01383
1   46.8413   0.0240703   0.118183   0.689493   0.108643   0.940338   3.02459
1   47.5626   0.0240703   0.115515   0.685531   0.118722   0.958888   3.01826
1   48.9357   0.0239701   0.119008   0.682535   0.0906076   0.934662   3.00952
1   47.4124   0.0239232   0.123592   0.689252   0.0805035   0.909343   3.0007
1   47.2949   0.0239232   0.124497   0.690597   0.0770829   0.903047   3.00622
1   47.3302   0.0239232   0.124497   0.690597   0.0770829   0.903047   3.01373
1   47.1259   0.0239232   0.124497   0.692822   0.0909854   0.910963   3.00982
1   50.9879   0.0239232   0.110621   0.680275   0.107226   0.976433   3.00539
1   48.777   0.0238819   0.112947   0.681464   0.107897   0.977589   2.99827
1   50.7975   0.0248467   0.113679   0.681237   0.114827   0.996508   3.01889
1   54.9206   0.0248467   0.113331   0.674956   0.119245   0.952503   3.01107
1   48.8608   0.0248467   0.120321   0.683754   0.11645   0.924461   3.00815
1   49.2776   0.023844   0.121741   0.683186   0.118875   0.918575   3.05265
1   49.4645   0.0225703   0.123544   0.682464   0.110942   0.903982   3.05628
1   48.2374   0.0225703   0.123544   0.686124   0.109055   0.901009   3.05115
1   51.0149   0.0225703   0.123544   0.683121   0.107511   0.931055   3.07431
1   50.9357   0.0222332   0.123853   0.684989   0.104308   0.937359   3.05933
1   54.1052   0.0224972   0.127861   0.686097   0.106549   0.944837   3.0617
1   52.965   0.0224252   0.128241   0.686205   0.0995511   0.929772   3.08138
1   50.1922   0.0225081   0.124084   0.691849   0.108961   0.943808   3.09938
1   49.6909   0.023452   0.127324   0.709545   0.0953019   0.919362   3.08398
1   48.949   0.0230761   0.127856   0.698235   0.0851964   0.915357   3.0875
1   48.4548   0.0230761   0.12381   0.69607   0.088167   0.930389   3.11224
1   46.7412   0.0230761   0.115239   0.690683   0.0846849   0.944168   3.12634
1   48.9512   0.0216701   0.114365   0.70137   0.0416395   0.905183   3.15117
1   49.018   0.0216701   0.114365   0.70137   0.0393872   0.903728   3.15655
1   48.3162   0.0235701   0.105806   0.699307   0.0516451   0.918642   3.13805
1   48.3052   0.0222149   0.107725   0.697392   0.0437966   0.900892   3.09912
