9.54919e-07 3.23231e-09
9.772e-07 3.22938e-09
1e-06 3.22644e-09
1.02333e-06 3.22351e-09
1.04721e-06 3.22058e-09
1.07164e-06 3.21765e-09
1.09665e-06 3.21473e-09
1.12223e-06 3.21181e-09
1.14842e-06 3.20889e-09
1.17521e-06 3.20597e-09
1.20263e-06 3.20306e-09
1.23069e-06 3.20015e-09
1.25941e-06 3.19724e-09
1.28879e-06 3.19433e-09
1.31886e-06 3.19143e-09
1.34964e-06 3.18853e-09
1.38113e-06 3.18563e-09
1.41335e-06 3.18274e-09
1.44633e-06 3.17985e-09
1.48008e-06 3.17696e-09
1.51461e-06 3.17407e-09
1.54995e-06 3.17119e-09
1.58611e-06 3.1683e-09
1.62312e-06 3.16543e-09
1.66099e-06 3.16255e-09
1.69975e-06 3.15967e-09
1.7394e-06 3.1568e-09
1.77999e-06 3.15393e-09
1.82152e-06 3.15107e-09
1.86402e-06 3.14821e-09
1.90751e-06 3.14534e-09
1.95202e-06 3.14249e-09
1.99756e-06 3.13963e-09
2.04417e-06 3.13678e-09
2.09187e-06 3.13393e-09
2.14068e-06 3.13108e-09
2.19062e-06 3.12823e-09
2.24174e-06 3.12539e-09
2.29404e-06 3.12255e-09
2.34757e-06 3.11971e-09
2.40234e-06 3.11688e-09
2.45839e-06 3.11405e-09
2.51575e-06 3.11122e-09
2.57445e-06 3.10839e-09
2.63452e-06 3.10556e-09
2.69599e-06 3.10274e-09
2.75889e-06 3.09992e-09
2.82326e-06 3.0971e-09
2.88914e-06 3.09429e-09
2.95655e-06 3.09148e-09
3.02553e-06 3.08867e-09
3.09612e-06 3.08586e-09
3.16836e-06 3.08306e-09
3.24229e-06 3.08026e-09
3.31794e-06 3.07746e-09
3.39535e-06 3.07466e-09
3.47457e-06 3.07187e-09
3.55564e-06 3.06907e-09
3.6386e-06 3.06629e-09
3.7235e-06 3.0635e-09
3.81038e-06 3.06072e-09
3.89928e-06 3.05793e-09
3.99026e-06 3.05516e-09
4.08337e-06 3.05238e-09
4.17864e-06 3.04961e-09
4.27614e-06 3.04683e-09
4.37591e-06 3.04407e-09
4.47801e-06 3.0413e-09
4.58249e-06 3.03854e-09
4.68941e-06 3.03577e-09
4.79883e-06 3.03302e-09
4.9108e-06 3.03026e-09
5.02538e-06 3.02751e-09
5.14263e-06 3.02475e-09
5.26262e-06 3.02201e-09
5.38541e-06 3.01926e-09
5.51106e-06 3.01652e-09
5.63965e-06 3.01377e-09
5.77124e-06 3.01104e-09
5.90589e-06 3.0083e-09
6.04369e-06 3.00557e-09
6.1847e-06 3.00283e-09
6.32901e-06 3.00011e-09
6.47668e-06 2.99738e-09
6.62779e-06 2.99466e-09
6.78244e-06 2.99193e-09
6.94069e-06 2.98921e-09
7.10263e-06 2.9865e-09
7.26835e-06 2.98378e-09
7.43794e-06 2.98107e-09
7.61148e-06 2.97836e-09
7.78907e-06 2.97566e-09
7.97081e-06 2.97295e-09
8.15679e-06 2.97025e-09
8.34711e-06 2.96755e-09
8.54186e-06 2.96486e-09
8.74116e-06 2.96216e-09
8.94512e-06 2.95947e-09
9.15383e-06 2.95678e-09
9.36741e-06 2.95409e-09
9.58597e-06 2.95141e-09
9.80963e-06 2.94873e-09
1.00385e-05 2.94605e-09
1.02727e-05 2.94337e-09
1.05124e-05 2.9407e-09
1.07577e-05 2.93802e-09
1.10087e-05 2.93535e-09
1.12656e-05 2.93269e-09
1.15284e-05 2.93002e-09
1.17974e-05 2.92736e-09
1.20727e-05 2.9247e-09
1.23543e-05 2.92204e-09
1.26426e-05 2.91938e-09
1.29376e-05 2.91673e-09
1.32394e-05 2.91408e-09
1.35484e-05 2.91143e-09
1.38645e-05 2.90879e-09
1.4188e-05 2.90614e-09
1.4519e-05 2.9035e-09
1.48578e-05 2.90086e-09
1.52044e-05 2.89823e-09
1.55592e-05 2.89559e-09
1.59222e-05 2.89296e-09
1.62937e-05 2.89033e-09
1.66739e-05 2.88771e-09
1.70629e-05 2.88508e-09
1.7461e-05 2.88246e-09
1.78684e-05 2.87984e-09
1.82854e-05 2.87723e-09
1.8712e-05 2.87461e-09
1.91486e-05 2.872e-09
1.95954e-05 2.86939e-09
2.00526e-05 2.86678e-09
2.05205e-05 2.86418e-09
2.09992e-05 2.86157e-09
2.14892e-05 2.85897e-09
2.19906e-05 2.85637e-09
2.25037e-05 2.85378e-09
2.30288e-05 2.85119e-09
2.35661e-05 2.84859e-09
2.41159e-05 2.84601e-09
2.46786e-05 2.84342e-09
2.52544e-05 2.84084e-09
2.58437e-05 2.83825e-09
2.64466e-05 2.83567e-09
2.70637e-05 2.8331e-09
2.76952e-05 2.83052e-09
2.83414e-05 2.82795e-09
2.90026e-05 2.82538e-09
2.96793e-05 2.82281e-09
3.03718e-05 2.82025e-09
3.10805e-05 2.81769e-09
3.18056e-05 2.81513e-09
3.25477e-05 2.81257e-09
3.33072e-05 2.81001e-09
3.40843e-05 2.80746e-09
3.48796e-05 2.80491e-09
3.56934e-05 2.80236e-09
3.65262e-05 2.79981e-09
3.73784e-05 2.79727e-09
3.82506e-05 2.79472e-09
3.9143e-05 2.79218e-09
4.00563e-05 2.78965e-09
4.09909e-05 2.78711e-09
4.19473e-05 2.78458e-09
4.29261e-05 2.78205e-09
4.39276e-05 2.77952e-09
4.49526e-05 2.77699e-09
4.60014e-05 2.77447e-09
4.70747e-05 2.77195e-09
4.81731e-05 2.76943e-09
4.92971e-05 2.76691e-09
5.04473e-05 2.7644e-09
5.16244e-05 2.76189e-09
5.28289e-05 2.75938e-09
5.40615e-05 2.75687e-09
5.53229e-05 2.75437e-09
5.66137e-05 2.75186e-09
5.79346e-05 2.74936e-09
5.92864e-05 2.74686e-09
6.06697e-05 2.74437e-09
6.20852e-05 2.74187e-09
6.35338e-05 2.73938e-09
6.50162e-05 2.73689e-09
6.65332e-05 2.7344e-09
6.80856e-05 2.73192e-09
6.96742e-05 2.72944e-09
7.12998e-05 2.72696e-09
7.29634e-05 2.72448e-09
7.46658e-05 2.722e-09
7.6408e-05 2.71953e-09
7.81907e-05 2.71706e-09
8.00151e-05 2.71459e-09
8.1882e-05 2.71212e-09
8.37925e-05 2.70966e-09
8.57476e-05 2.7072e-09
8.77483e-05 2.70474e-09
8.97957e-05 2.70228e-09
9.18908e-05 2.69982e-09
9.40348e-05 2.69737e-09
9.62289e-05 2.69492e-09
9.84741e-05 2.69247e-09
0.000100772 2.69002e-09
0.000103123 2.68758e-09
0.000105529 2.68513e-09
0.000107991 2.68269e-09
0.000110511 2.68026e-09
0.00011309 2.67782e-09
0.000115728 2.67539e-09
0.000118428 2.67296e-09
0.000121192 2.67053e-09
0.000124019 2.6681e-09
0.000126913 2.66568e-09
0.000129874 2.66325e-09
0.000132904 2.66083e-09
0.000136005 2.65841e-09
0.000139179 2.656e-09
0.000142426 2.65359e-09
0.000145749 2.65117e-09
0.00014915 2.64876e-09
0.00015263 2.64636e-09
0.000156191 2.64395e-09
0.000159835 2.64155e-09
0.000163565 2.63915e-09
0.000167381 2.63675e-09
0.000171286 2.63436e-09
0.000175283 2.63196e-09
0.000179373 2.62957e-09
0.000183558 2.62718e-09
0.000187841 2.62479e-09
0.000192223 2.62241e-09
0.000196708 2.62002e-09
0.000201298 2.61764e-09
0.000205995 2.61526e-09
0.000210801 2.61289e-09
0.00021572 2.61051e-09
0.000220753 2.60814e-09
0.000225904 2.60577e-09
0.000231174 2.6034e-09
0.000236568 2.60104e-09
0.000242088 2.59867e-09
0.000247736 2.59631e-09
0.000253517 2.59395e-09
0.000259432 2.5916e-09
0.000265485 2.58924e-09
0.000271679 2.58689e-09
0.000278018 2.58454e-09
0.000284505 2.58219e-09
0.000291143 2.57984e-09
0.000297936 2.5775e-09
0.000304888 2.57515e-09
0.000312002 2.57281e-09
0.000319281 2.57048e-09
0.000326731 2.56814e-09
0.000334354 2.56581e-09
0.000342156 2.56348e-09
0.000350139 2.56115e-09
0.000358308 2.55882e-09
0.000366669 2.55649e-09
0.000375224 2.55417e-09
0.000383979 2.55185e-09
0.000392938 2.54953e-09
0.000402106 2.54721e-09
0.000411488 2.5449e-09
0.000421089 2.54259e-09
0.000430914 2.54028e-09
0.000440968 2.53797e-09
0.000451257 2.53566e-09
0.000461786 2.53336e-09
0.000472561 2.53105e-09
0.000483586 2.52875e-09
0.00049487 2.52646e-09
0.000506416 2.52416e-09
0.000518232 2.52187e-09
0.000530324 2.51957e-09
0.000542697 2.51728e-09
0.00055536 2.515e-09
0.000568317 2.51271e-09
0.000581578 2.51043e-09
0.000595147 2.50815e-09
0.000609033 2.50587e-09
0.000623244 2.50359e-09
0.000637785 2.50132e-09
0.000652666 2.49904e-09
0.000667894 2.49677e-09
0.000683478 2.4945e-09
0.000699425 2.49224e-09
0.000715744 2.48997e-09
0.000732444 2.48771e-09
0.000749534 2.48545e-09
0.000767022 2.48319e-09
0.000784919 2.48093e-09
0.000803233 2.47868e-09
0.000821974 2.47643e-09
0.000841153 2.47417e-09
0.000860779 2.47193e-09
0.000880863 2.46968e-09
0.000901415 2.46744e-09
0.000922447 2.46519e-09
0.00094397 2.46295e-09
0.000965995 2.46072e-09
0.000988534 2.45848e-09
0.0010116 2.45625e-09
0.0010352 2.45401e-09
0.00105936 2.45178e-09
0.00108407 2.44955e-09
0.00110937 2.44733e-09
0.00113525 2.4451e-09
0.00116174 2.44288e-09
0.00118884 2.44066e-09
0.00121658 2.43844e-09
0.00124497 2.43623e-09
0.00127402 2.43402e-09
0.00130374 2.4318e-09
0.00133416 2.42959e-09
0.00136529 2.42739e-09
0.00139715 2.42518e-09
0.00142975 2.42298e-09
0.0014631 2.42077e-09
0.00149724 2.41857e-09
0.00153218 2.41638e-09
0.00156793 2.41418e-09
0.00160451 2.41199e-09
0.00164195 2.40979e-09
0.00168026 2.4076e-09
0.00171946 2.40542e-09
0.00175958 2.40323e-09
0.00180064 2.40105e-09
0.00184265 2.39887e-09
0.00188564 2.39669e-09
0.00192964 2.39451e-09
0.00197466 2.39233e-09
0.00202073 2.39016e-09
0.00206788 2.38799e-09
0.00211613 2.38582e-09
0.00216551 2.38365e-09
0.00221603 2.38148e-09
0.00226774 2.37932e-09
0.00232065 2.37715e-09
0.00237479 2.37499e-09
0.0024302 2.37284e-09
0.00248691 2.37068e-09
0.00254493 2.36853e-09
0.00260431 2.36637e-09
0.00266508 2.36422e-09
0.00272726 2.36207e-09
0.00279089 2.35993e-09
0.00285601 2.35778e-09
0.00292265 2.35564e-09
0.00299084 2.3535e-09
0.00306062 2.35136e-09
0.00313203 2.34922e-09
0.00320511 2.34709e-09
0.00327989 2.34496e-09
0.00335642 2.34283e-09
0.00343473 2.3407e-09
0.00351487 2.33857e-09
0.00359688 2.33644e-09
0.00368081 2.33432e-09
0.00376669 2.3322e-09
0.00385458 2.33008e-09
0.00394451 2.32796e-09
0.00403655 2.32585e-09
0.00413073 2.32373e-09
0.00422711 2.32162e-09
0.00432574 2.31951e-09
0.00442667 2.3174e-09
0.00452995 2.3153e-09
0.00463565 2.31319e-09
0.00474381 2.31109e-09
0.00485449 2.30899e-09
0.00496776 2.30689e-09
0.00508367 2.3048e-09
0.00520228 2.3027e-09
0.00532366 2.30061e-09
0.00544787 2.29852e-09
0.00557499 2.29643e-09
0.00570506 2.29434e-09
0.00583818 2.29226e-09
0.00597439 2.29018e-09
0.00611379 2.2881e-09
0.00625644 2.28602e-09
0.00640242 2.28394e-09
0.0065518 2.28186e-09
0.00670467 2.27979e-09
0.0068611 2.27772e-09
0.00702119 2.27565e-09
0.00718501 2.27358e-09
0.00735265 2.27151e-09
0.00752421 2.26945e-09
0.00769976 2.26739e-09
0.00787942 2.26533e-09
0.00806326 2.26327e-09
0.0082514 2.26121e-09
0.00844392 2.25916e-09
0.00864094 2.2571e-09
0.00884255 2.25505e-09
0.00904887 2.253e-09
0.00926 2.25096e-09
0.00947606 2.24891e-09
0.00969716 2.24687e-09
0.00992341 2.24483e-09
0.010155 2.24279e-09
0.0103919 2.24075e-09
0.0106344 2.23871e-09
0.0108825 2.23668e-09
0.0111364 2.23464e-09
0.0113962 2.23261e-09
0.0116621 2.23058e-09
0.0119342 2.22856e-09
0.0122127 2.22653e-09
0.0124976 2.22451e-09
0.0127892 2.22249e-09
0.0130876 2.22047e-09
0.013393 2.21845e-09
0.0137055 2.21643e-09
0.0140253 2.21442e-09
0.0143525 2.21241e-09
0.0146874 2.2104e-09
0.0150301 2.20839e-09
0.0153808 2.20638e-09
0.0157396 2.20438e-09
0.0161069 2.20237e-09
0.0164827 2.20037e-09
0.0168673 2.19837e-09
0.0172608 2.19637e-09
0.0176636 2.19438e-09
0.0180757 2.19238e-09
0.0184974 2.19039e-09
0.018929 2.1884e-09
0.0193707 2.18641e-09
0.0198227 2.18443e-09
0.0202852 2.18244e-09
0.0207585 2.18046e-09
0.0212428 2.17848e-09
0.0217385 2.1765e-09
0.0222457 2.17452e-09
0.0227647 2.17254e-09
0.0232959 2.17057e-09
0.0238394 2.1686e-09
0.0243956 2.16663e-09
0.0249648 2.16466e-09
0.0255473 2.16269e-09
0.0261434 2.16072e-09
0.0267534 2.15876e-09
0.0273776 2.1568e-09
0.0280164 2.15484e-09
0.0286701 2.15288e-09
0.029339 2.15092e-09
0.0300236 2.14897e-09
0.0307241 2.14702e-09
0.031441 2.14507e-09
0.0321746 2.14312e-09
0.0329253 2.14117e-09
0.0336935 2.13922e-09
0.0344796 2.13728e-09
0.0352841 2.13534e-09
0.0361074 2.1334e-09
0.0369499 2.13146e-09
0.037812 2.12952e-09
0.0386942 2.12759e-09
0.039597 2.12565e-09
0.0405209 2.12372e-09
0.0414664 2.12179e-09
0.0424339 2.11986e-09
0.043424 2.11794e-09
0.0444372 2.11601e-09
0.045474 2.11409e-09
0.046535 2.11217e-09
0.0476208 2.11025e-09
0.0487319 2.10833e-09
0.0498689 2.10641e-09
0.0510324 2.1045e-09
0.0522232 2.10259e-09
0.0534416 2.10068e-09
0.0546886 2.09877e-09
0.0559646 2.09686e-09
0.0572704 2.09495e-09
0.0586066 2.09305e-09
0.059974 2.09115e-09
0.0613734 2.08925e-09
0.0628054 2.08735e-09
0.0642707 2.08545e-09
0.0657703 2.08356e-09
0.0673049 2.08166e-09
0.0688753 2.07977e-09
0.0704823 2.07788e-09
0.0721268 2.07599e-09
0.0738097 2.07411e-09
0.0755319 2.07222e-09
0.0772942 2.07034e-09
0.0790977 2.06846e-09
0.0809432 2.06658e-09
0.0828318 2.0647e-09
0.0847644 2.06283e-09
0.0867422 2.06095e-09
0.0887661 2.05908e-09
0.0908372 2.05721e-09
0.0929567 2.05534e-09
0.0951255 2.05347e-09
0.097345 2.0516e-09
0.0996163 2.04974e-09
0.101941 2.04788e-09
0.104319 2.04602e-09
0.106753 2.04416e-09
0.109244 2.0423e-09
0.111793 2.04044e-09
0.114401 2.03859e-09
0.11707 2.03674e-09
0.119802 2.03488e-09
0.122597 2.03304e-09
0.125458 2.03119e-09
0.128385 2.02934e-09
0.13138 2.0275e-09
0.134446 2.02566e-09
0.137583 2.02381e-09
0.140793 2.02198e-09
0.144078 2.02014e-09
0.14744 2.0183e-09
0.15088 2.01647e-09
0.1544 2.01464e-09
0.158003 2.01281e-09
0.161689 2.01098e-09
0.165462 2.00915e-09
0.169322 2.00732e-09
0.173273 2.0055e-09
0.177316 2.00368e-09
0.181453 2.00186e-09
0.185687 2.00004e-09
0.190019 1.99822e-09
0.194453 1.9964e-09
0.19899 1.99459e-09
0.203633 1.99278e-09
0.208384 1.99097e-09
0.213246 1.98916e-09
0.218222 1.98735e-09
0.223313 1.98554e-09
0.228524 1.98374e-09
0.233856 1.98194e-09
0.239312 1.98013e-09
0.244896 1.97833e-09
0.25061 1.97654e-09
0.256457 1.97474e-09
0.262441 1.97295e-09
0.268564 1.97115e-09
0.274831 1.96936e-09
0.281243 1.96757e-09
0.287805 1.96578e-09
0.29452 1.964e-09
0.301392 1.96221e-09
0.308424 1.96043e-09
0.315621 1.95865e-09
0.322985 1.95687e-09
0.330521 1.95509e-09
0.338233 1.95331e-09
0.346124 1.95154e-09
0.3542 1.94977e-09
0.362464 1.94799e-09
0.370922 1.94622e-09
0.379576 1.94445e-09
0.388432 1.94269e-09
0.397496 1.94092e-09
0.40677 1.93916e-09
0.416261 1.9374e-09
0.425973 1.93564e-09
0.435912 1.93388e-09
0.446083 1.93212e-09
0.456491 1.93036e-09
0.467142 1.92861e-09
0.478042 1.92686e-09
0.489196 1.92511e-09
0.50061 1.92336e-09
0.51229 1.92161e-09
0.524243 1.91986e-09
0.536475 1.91812e-09
0.548992 1.91637e-09
0.561801 1.91463e-09
0.574909 1.91289e-09
0.588323 1.91115e-09
0.60205 1.90942e-09
0.616097 1.90768e-09
0.630472 1.90595e-09
0.645183 1.90422e-09
0.660236 1.90249e-09
0.675641 1.90076e-09
0.691406 1.89903e-09
0.707538 1.8973e-09
0.724046 1.89558e-09
0.74094 1.89386e-09
0.758228 1.89214e-09
0.775919 1.89042e-09
0.794023 1.8887e-09
0.812549 1.88698e-09
0.831508 1.88527e-09
0.850909 1.88356e-09
0.870763 1.88184e-09
0.89108 1.88013e-09
0.911871 1.87843e-09
0.933147 1.87672e-09
0.954919 1.87501e-09
0.9772 1.87331e-09
1 1.87161e-09
1.02333 1.86991e-09
1.04721 1.86821e-09
