6.75276e-06 3.13588e-09
6.91036e-06 3.13309e-09
7.07163e-06 3.1303e-09
7.23668e-06 3.12751e-09
7.40557e-06 3.12473e-09
7.5784e-06 3.12195e-09
7.75527e-06 3.11916e-09
7.93627e-06 3.11639e-09
8.12149e-06 3.11361e-09
8.31103e-06 3.11084e-09
8.505e-06 3.10807e-09
8.70349e-06 3.1053e-09
8.90662e-06 3.10254e-09
9.11449e-06 3.09977e-09
9.3272e-06 3.09701e-09
9.54489e-06 3.09426e-09
9.76765e-06 3.0915e-09
9.99561e-06 3.08875e-09
1.02289e-05 3.086e-09
1.04676e-05 3.08325e-09
1.07119e-05 3.0805e-09
1.09619e-05 3.07776e-09
1.12178e-05 3.07502e-09
1.14796e-05 3.07228e-09
1.17475e-05 3.06955e-09
1.20216e-05 3.06681e-09
1.23022e-05 3.06408e-09
1.25893e-05 3.06135e-09
1.28831e-05 3.05863e-09
1.31838e-05 3.0559e-09
1.34915e-05 3.05318e-09
1.38064e-05 3.05046e-09
1.41286e-05 3.04775e-09
1.44583e-05 3.04503e-09
1.47958e-05 3.04232e-09
1.51411e-05 3.03961e-09
1.54945e-05 3.03691e-09
1.58561e-05 3.0342e-09
1.62261e-05 3.0315e-09
1.66048e-05 3.0288e-09
1.69923e-05 3.0261e-09
1.73889e-05 3.02341e-09
1.77948e-05 3.02072e-09
1.82101e-05 3.01803e-09
1.86351e-05 3.01534e-09
1.907e-05 3.01265e-09
1.9515e-05 3.00997e-09
1.99705e-05 3.00729e-09
2.04366e-05 3.00461e-09
2.09135e-05 3.00194e-09
2.14016e-05 2.99926e-09
2.19011e-05 2.99659e-09
2.24122e-05 2.99392e-09
2.29353e-05 2.99126e-09
2.34706e-05 2.98859e-09
2.40183e-05 2.98593e-09
2.45789e-05 2.98327e-09
2.51525e-05 2.98062e-09
2.57395e-05 2.97796e-09
2.63403e-05 2.97531e-09
2.6955e-05 2.97266e-09
2.75841e-05 2.97001e-09
2.82279e-05 2.96737e-09
2.88867e-05 2.96473e-09
2.95608e-05 2.96209e-09
3.02507e-05 2.95945e-09
3.09568e-05 2.95681e-09
3.16792e-05 2.95418e-09
3.24186e-05 2.95155e-09
3.31752e-05 2.94892e-09
3.39494e-05 2.9463e-09
3.47418e-05 2.94367e-09
3.55526e-05 2.94105e-09
3.63823e-05 2.93843e-09
3.72314e-05 2.93582e-09
3.81004e-05 2.9332e-09
3.89896e-05 2.93059e-09
3.98995e-05 2.92798e-09
4.08307e-05 2.92537e-09
4.17836e-05 2.92277e-09
4.27588e-05 2.92017e-09
4.37567e-05 2.91756e-09
4.4778e-05 2.91497e-09
4.5823e-05 2.91237e-09
4.68924e-05 2.90978e-09
4.79868e-05 2.90719e-09
4.91068e-05 2.9046e-09
5.02529e-05 2.90201e-09
5.14257e-05 2.89943e-09
5.26259e-05 2.89685e-09
5.38541e-05 2.89427e-09
5.5111e-05 2.89169e-09
5.63972e-05 2.88911e-09
5.77134e-05 2.88654e-09
5.90603e-05 2.88397e-09
6.04387e-05 2.8814e-09
6.18493e-05 2.87884e-09
6.32927e-05 2.87627e-09
6.47699e-05 2.87371e-09
6.62815e-05 2.87115e-09
6.78284e-05 2.8686e-09
6.94114e-05 2.86604e-09
7.10314e-05 2.86349e-09
7.26892e-05 2.86094e-09
7.43856e-05 2.85839e-09
7.61217e-05 2.85585e-09
7.78982e-05 2.8533e-09
7.97163e-05 2.85076e-09
8.15767e-05 2.84822e-09
8.34806e-05 2.84569e-09
8.54289e-05 2.84315e-09
8.74227e-05 2.84062e-09
8.9463e-05 2.83809e-09
9.15509e-05 2.83556e-09
9.36876e-05 2.83304e-09
9.58741e-05 2.83052e-09
9.81117e-05 2.828e-09
0.000100401 2.82548e-09
0.000102745 2.82296e-09
0.000105143 2.82045e-09
0.000107596 2.81794e-09
0.000110108 2.81543e-09
0.000112677 2.81292e-09
0.000115307 2.81042e-09
0.000117998 2.80791e-09
0.000120752 2.80541e-09
0.00012357 2.80291e-09
0.000126454 2.80042e-09
0.000129405 2.79792e-09
0.000132425 2.79543e-09
0.000135516 2.79294e-09
0.000138679 2.79046e-09
0.000141915 2.78797e-09
0.000145227 2.78549e-09
0.000148617 2.78301e-09
0.000152085 2.78053e-09
0.000155635 2.77805e-09
0.000159267 2.77558e-09
0.000162984 2.77311e-09
0.000166788 2.77064e-09
0.000170681 2.76817e-09
0.000174664 2.76571e-09
0.00017874 2.76324e-09
0.000182912 2.76078e-09
0.000187181 2.75833e-09
0.000191549 2.75587e-09
0.00019602 2.75342e-09
0.000200595 2.75096e-09
0.000205276 2.74851e-09
0.000210067 2.74607e-09
0.00021497 2.74362e-09
0.000219987 2.74118e-09
0.000225121 2.73874e-09
0.000230375 2.7363e-09
0.000235751 2.73386e-09
0.000241253 2.73143e-09
0.000246884 2.72899e-09
0.000252646 2.72656e-09
0.000258542 2.72414e-09
0.000264576 2.72171e-09
0.000270751 2.71929e-09
0.00027707 2.71687e-09
0.000283536 2.71445e-09
0.000290154 2.71203e-09
0.000296925 2.70961e-09
0.000303855 2.7072e-09
0.000310947 2.70479e-09
0.000318204 2.70238e-09
0.00032563 2.69998e-09
0.00033323 2.69757e-09
0.000341007 2.69517e-09
0.000348965 2.69277e-09
0.00035711 2.69037e-09
0.000365444 2.68798e-09
0.000373973 2.68558e-09
0.000382701 2.68319e-09
0.000391633 2.6808e-09
0.000400773 2.67841e-09
0.000410126 2.67603e-09
0.000419698 2.67365e-09
0.000429493 2.67127e-09
0.000439517 2.66889e-09
0.000449774 2.66651e-09
0.000460272 2.66414e-09
0.000471014 2.66176e-09
0.000482006 2.65939e-09
0.000493256 2.65702e-09
0.000504767 2.65466e-09
0.000516548 2.65229e-09
0.000528603 2.64993e-09
0.00054094 2.64757e-09
0.000553565 2.64522e-09
0.000566484 2.64286e-09
0.000579705 2.64051e-09
0.000593235 2.63816e-09
0.00060708 2.63581e-09
0.000621248 2.63346e-09
0.000635747 2.63111e-09
0.000650584 2.62877e-09
0.000665768 2.62643e-09
0.000681306 2.62409e-09
0.000697207 2.62175e-09
0.000713478 2.61942e-09
0.00073013 2.61709e-09
0.00074717 2.61476e-09
0.000764608 2.61243e-09
0.000782453 2.6101e-09
0.000800714 2.60778e-09
0.000819401 2.60546e-09
0.000838525 2.60314e-09
0.000858095 2.60082e-09
0.000878122 2.5985e-09
0.000898616 2.59619e-09
0.000919588 2.59388e-09
0.00094105 2.59157e-09
0.000963012 2.58926e-09
0.000985488 2.58695e-09
0.00100849 2.58465e-09
0.00103202 2.58235e-09
0.00105611 2.58005e-09
0.00108076 2.57775e-09
0.00110598 2.57545e-09
0.00113179 2.57316e-09
0.00115821 2.57087e-09
0.00118524 2.56858e-09
0.0012129 2.56629e-09
0.00124121 2.56401e-09
0.00127017 2.56172e-09
0.00129982 2.55944e-09
0.00133015 2.55716e-09
0.0013612 2.55489e-09
0.00139297 2.55261e-09
0.00142548 2.55034e-09
0.00145874 2.54807e-09
0.00149279 2.5458e-09
0.00152763 2.54353e-09
0.00156328 2.54127e-09
0.00159977 2.539e-09
0.0016371 2.53674e-09
0.00167531 2.53448e-09
0.00171441 2.53223e-09
0.00175442 2.52997e-09
0.00179537 2.52772e-09
0.00183727 2.52547e-09
0.00188015 2.52322e-09
0.00192403 2.52097e-09
0.00196893 2.51873e-09
0.00201488 2.51649e-09
0.00206191 2.51424e-09
0.00211003 2.51201e-09
0.00215927 2.50977e-09
0.00220967 2.50753e-09
0.00226124 2.5053e-09
0.00231401 2.50307e-09
0.00236802 2.50084e-09
0.00242328 2.49861e-09
0.00247984 2.49639e-09
0.00253771 2.49417e-09
0.00259694 2.49195e-09
0.00265755 2.48973e-09
0.00271957 2.48751e-09
0.00278304 2.48529e-09
0.00284799 2.48308e-09
0.00291446 2.48087e-09
0.00298248 2.47866e-09
0.00305209 2.47645e-09
0.00312332 2.47425e-09
0.00319621 2.47204e-09
0.00327081 2.46984e-09
0.00334714 2.46764e-09
0.00342526 2.46545e-09
0.0035052 2.46325e-09
0.00358701 2.46106e-09
0.00367072 2.45887e-09
0.00375639 2.45668e-09
0.00384406 2.45449e-09
0.00393377 2.4523e-09
0.00402558 2.45012e-09
0.00411953 2.44794e-09
0.00421568 2.44576e-09
0.00431407 2.44358e-09
0.00441475 2.4414e-09
0.00451778 2.43923e-09
0.00462322 2.43706e-09
0.00473112 2.43489e-09
0.00484154 2.43272e-09
0.00495453 2.43055e-09
0.00507016 2.42839e-09
0.00518849 2.42623e-09
0.00530958 2.42407e-09
0.0054335 2.42191e-09
0.00556031 2.41975e-09
0.00569008 2.4176e-09
0.00582288 2.41544e-09
0.00595877 2.41329e-09
0.00609784 2.41114e-09
0.00624016 2.409e-09
0.00638579 2.40685e-09
0.00653483 2.40471e-09
0.00668734 2.40257e-09
0.00684341 2.40043e-09
0.00700313 2.39829e-09
0.00716657 2.39615e-09
0.00733383 2.39402e-09
0.00750499 2.39189e-09
0.00768014 2.38976e-09
0.00785939 2.38763e-09
0.00804281 2.3855e-09
0.00823052 2.38338e-09
0.00842261 2.38126e-09
0.00861918 2.37914e-09
0.00882034 2.37702e-09
0.00902619 2.3749e-09
0.00923685 2.37279e-09
0.00945242 2.37067e-09
0.00967303 2.36856e-09
0.00989878 2.36645e-09
0.0101298 2.36435e-09
0.0103662 2.36224e-09
0.0106081 2.36014e-09
0.0108557 2.35804e-09
0.0111091 2.35594e-09
0.0113684 2.35384e-09
0.0116337 2.35174e-09
0.0119052 2.34965e-09
0.012183 2.34756e-09
0.0124674 2.34547e-09
0.0127583 2.34338e-09
0.0130561 2.34129e-09
0.0133608 2.3392e-09
0.0136726 2.33712e-09
0.0139917 2.33504e-09
0.0143183 2.33296e-09
0.0146524 2.33088e-09
0.0149944 2.32881e-09
0.0153444 2.32673e-09
0.0157025 2.32466e-09
0.0160689 2.32259e-09
0.016444 2.32052e-09
0.0168277 2.31846e-09
0.0172205 2.31639e-09
0.0176224 2.31433e-09
0.0180336 2.31227e-09
0.0184545 2.31021e-09
0.0188852 2.30815e-09
0.019326 2.3061e-09
0.019777 2.30404e-09
0.0202386 2.30199e-09
0.0207109 2.29994e-09
0.0211943 2.29789e-09
0.0216889 2.29585e-09
0.0221951 2.2938e-09
0.0227131 2.29176e-09
0.0232432 2.28972e-09
0.0237857 2.28768e-09
0.0243408 2.28564e-09
0.0249089 2.28361e-09
0.0254902 2.28158e-09
0.0260851 2.27954e-09
0.0266939 2.27751e-09
0.0273169 2.27549e-09
0.0279544 2.27346e-09
0.0286068 2.27144e-09
0.0292745 2.26941e-09
0.0299577 2.26739e-09
0.0306569 2.26537e-09
0.0313723 2.26336e-09
0.0321045 2.26134e-09
0.0328538 2.25933e-09
0.0336206 2.25731e-09
0.0344052 2.2553e-09
0.0352082 2.2533e-09
0.0360299 2.25129e-09
0.0368708 2.24928e-09
0.0377313 2.24728e-09
0.0386119 2.24528e-09
0.039513 2.24328e-09
0.0404352 2.24128e-09
0.0413789 2.23929e-09
0.0423446 2.23729e-09
0.0433328 2.2353e-09
0.0443442 2.23331e-09
0.0453791 2.23132e-09
0.0464382 2.22934e-09
0.047522 2.22735e-09
0.0486311 2.22537e-09
0.049766 2.22339e-09
0.0509275 2.22141e-09
0.0521161 2.21943e-09
0.0533324 2.21745e-09
0.0545771 2.21548e-09
0.0558508 2.2135e-09
0.0571543 2.21153e-09
0.0584882 2.20956e-09
0.0598532 2.2076e-09
0.0612501 2.20563e-09
0.0626796 2.20367e-09
0.0641424 2.2017e-09
0.0656394 2.19974e-09
0.0671713 2.19778e-09
0.068739 2.19583e-09
0.0703433 2.19387e-09
0.071985 2.19192e-09
0.073665 2.18997e-09
0.0753842 2.18802e-09
0.0771436 2.18607e-09
0.078944 2.18412e-09
0.0807864 2.18218e-09
0.0826719 2.18023e-09
0.0846013 2.17829e-09
0.0865758 2.17635e-09
0.0885963 2.17441e-09
0.090664 2.17248e-09
0.09278 2.17054e-09
0.0949453 2.16861e-09
0.0971612 2.16668e-09
0.0994288 2.16475e-09
0.101749 2.16282e-09
0.104124 2.1609e-09
0.106554 2.15897e-09
0.109041 2.15705e-09
0.111586 2.15513e-09
0.11419 2.15321e-09
0.116855 2.15129e-09
0.119582 2.14938e-09
0.122373 2.14746e-09
0.125229 2.14555e-09
0.128152 2.14364e-09
0.131143 2.14173e-09
0.134203 2.13982e-09
0.137335 2.13792e-09
0.140541 2.13601e-09
0.143821 2.13411e-09
0.147177 2.13221e-09
0.150612 2.13031e-09
0.154127 2.12842e-09
0.157724 2.12652e-09
0.161405 2.12463e-09
0.165172 2.12273e-09
0.169027 2.12084e-09
0.172972 2.11896e-09
0.177009 2.11707e-09
0.18114 2.11518e-09
0.185367 2.1133e-09
0.189694 2.11142e-09
0.194121 2.10954e-09
0.198651 2.10766e-09
0.203288 2.10578e-09
0.208032 2.10391e-09
0.212887 2.10203e-09
0.217856 2.10016e-09
0.22294 2.09829e-09
0.228143 2.09642e-09
0.233468 2.09456e-09
0.238916 2.09269e-09
0.244492 2.09083e-09
0.250198 2.08897e-09
0.256038 2.08711e-09
0.262013 2.08525e-09
0.268128 2.08339e-09
0.274386 2.08154e-09
0.28079 2.07968e-09
0.287343 2.07783e-09
0.294049 2.07598e-09
0.300912 2.07413e-09
0.307934 2.07228e-09
0.315121 2.07044e-09
0.322476 2.06859e-09
0.330002 2.06675e-09
0.337703 2.06491e-09
0.345585 2.06307e-09
0.35365 2.06124e-09
0.361904 2.0594e-09
0.37035 2.05757e-09
0.378994 2.05574e-09
0.387839 2.0539e-09
0.39689 2.05208e-09
0.406153 2.05025e-09
0.415632 2.04842e-09
0.425332 2.0466e-09
0.435259 2.04478e-09
0.445417 2.04296e-09
0.455813 2.04114e-09
0.466451 2.03932e-09
0.477337 2.0375e-09
0.488477 2.03569e-09
0.499878 2.03388e-09
0.511544 2.03206e-09
0.523483 2.03025e-09
0.5357 2.02845e-09
0.548202 2.02664e-09
0.560996 2.02484e-09
0.574089 2.02303e-09
0.587488 2.02123e-09
0.601199 2.01943e-09
0.61523 2.01763e-09
0.629588 2.01584e-09
0.644282 2.01404e-09
0.659319 2.01225e-09
0.674706 2.01046e-09
0.690453 2.00867e-09
0.706567 2.00688e-09
0.723057 2.00509e-09
0.739932 2.0033e-09
0.757201 2.00152e-09
0.774873 1.99974e-09
0.792957 1.99796e-09
0.811464 1.99618e-09
0.830402 1.9944e-09
0.849782 1.99262e-09
0.869615 1.99085e-09
0.88991 1.98908e-09
