6.73918e-06 3.05702e-09
6.89636e-06 3.05469e-09
7.05722e-06 3.05236e-09
7.22182e-06 3.05004e-09
7.39026e-06 3.04772e-09
7.56263e-06 3.04539e-09
7.73903e-06 3.04307e-09
7.91953e-06 3.04076e-09
8.10425e-06 3.03844e-09
8.29327e-06 3.03612e-09
8.48671e-06 3.03381e-09
8.68465e-06 3.0315e-09
8.88721e-06 3.02919e-09
9.0945e-06 3.02688e-09
9.30662e-06 3.02458e-09
9.52369e-06 3.02227e-09
9.74582e-06 3.01997e-09
9.97314e-06 3.01767e-09
1.02058e-05 3.01537e-09
1.04438e-05 3.01307e-09
1.06874e-05 3.01078e-09
1.09367e-05 3.00849e-09
1.11917e-05 3.00619e-09
1.14528e-05 3.0039e-09
1.17199e-05 3.00162e-09
1.19933e-05 2.99933e-09
1.2273e-05 2.99704e-09
1.25593e-05 2.99476e-09
1.28522e-05 2.99248e-09
1.3152e-05 2.9902e-09
1.34587e-05 2.98792e-09
1.37726e-05 2.98565e-09
1.40939e-05 2.98337e-09
1.44226e-05 2.9811e-09
1.4759e-05 2.97883e-09
1.51032e-05 2.97656e-09
1.54555e-05 2.97429e-09
1.5816e-05 2.97202e-09
1.61849e-05 2.96976e-09
1.65624e-05 2.9675e-09
1.69487e-05 2.96524e-09
1.7344e-05 2.96298e-09
1.77485e-05 2.96072e-09
1.81625e-05 2.95847e-09
1.85861e-05 2.95621e-09
1.90196e-05 2.95396e-09
1.94632e-05 2.95171e-09
1.99172e-05 2.94946e-09
2.03818e-05 2.94721e-09
2.08571e-05 2.94497e-09
2.13436e-05 2.94273e-09
2.18414e-05 2.94048e-09
2.23509e-05 2.93824e-09
2.28722e-05 2.93601e-09
2.34057e-05 2.93377e-09
2.39516e-05 2.93153e-09
2.45102e-05 2.9293e-09
2.50819e-05 2.92707e-09
2.56669e-05 2.92484e-09
2.62656e-05 2.92261e-09
2.68782e-05 2.92038e-09
2.75051e-05 2.91816e-09
2.81466e-05 2.91594e-09
2.88031e-05 2.91372e-09
2.9475e-05 2.9115e-09
3.01624e-05 2.90928e-09
3.08659e-05 2.90706e-09
3.15859e-05 2.90485e-09
3.23226e-05 2.90263e-09
3.30765e-05 2.90042e-09
3.3848e-05 2.89821e-09
3.46374e-05 2.89601e-09
3.54453e-05 2.8938e-09
3.62721e-05 2.89159e-09
3.71181e-05 2.88939e-09
3.79838e-05 2.88719e-09
3.88698e-05 2.88499e-09
3.97764e-05 2.88279e-09
4.07041e-05 2.8806e-09
4.16535e-05 2.8784e-09
4.2625e-05 2.87621e-09
4.36192e-05 2.87402e-09
4.46366e-05 2.87183e-09
4.56777e-05 2.86964e-09
4.67431e-05 2.86746e-09
4.78333e-05 2.86527e-09
4.8949e-05 2.86309e-09
5.00907e-05 2.86091e-09
5.1259e-05 2.85873e-09
5.24546e-05 2.85655e-09
5.36781e-05 2.85437e-09
5.49301e-05 2.8522e-09
5.62113e-05 2.85003e-09
5.75223e-05 2.84786e-09
5.8864e-05 2.84569e-09
6.0237e-05 2.84352e-09
6.16419e-05 2.84135e-09
6.30797e-05 2.83919e-09
6.4551e-05 2.83703e-09
6.60565e-05 2.83486e-09
6.75973e-05 2.8327e-09
6.91739e-05 2.83055e-09
7.07873e-05 2.82839e-09
7.24384e-05 2.82624e-09
7.41279e-05 2.82408e-09
7.58569e-05 2.82193e-09
7.76262e-05 2.81978e-09
7.94368e-05 2.81763e-09
8.12896e-05 2.81549e-09
8.31856e-05 2.81334e-09
8.51258e-05 2.8112e-09
8.71113e-05 2.80906e-09
8.91431e-05 2.80692e-09
9.12223e-05 2.80478e-09
9.335e-05 2.80264e-09
9.55273e-05 2.80051e-09
9.77554e-05 2.79837e-09
0.000100035 2.79624e-09
0.000102369 2.79411e-09
0.000104756 2.79198e-09
0.0001072 2.78986e-09
0.0001097 2.78773e-09
0.000112259 2.78561e-09
0.000114877 2.78349e-09
0.000117556 2.78136e-09
0.000120298 2.77925e-09
0.000123104 2.77713e-09
0.000125975 2.77501e-09
0.000128914 2.7729e-09
0.000131921 2.77079e-09
0.000134997 2.76868e-09
0.000138146 2.76657e-09
0.000141368 2.76446e-09
0.000144666 2.76235e-09
0.00014804 2.76025e-09
0.000151493 2.75815e-09
0.000155026 2.75604e-09
0.000158642 2.75395e-09
0.000162342 2.75185e-09
0.000166129 2.74975e-09
0.000170004 2.74766e-09
0.000173969 2.74556e-09
0.000178026 2.74347e-09
0.000182179 2.74138e-09
0.000186428 2.73929e-09
0.000190776 2.73721e-09
0.000195226 2.73512e-09
0.000199779 2.73304e-09
0.000204439 2.73096e-09
0.000209207 2.72888e-09
0.000214087 2.7268e-09
0.00021908 2.72472e-09
0.00022419 2.72264e-09
0.000229419 2.72057e-09
0.00023477 2.7185e-09
0.000240246 2.71643e-09
0.00024585 2.71436e-09
0.000251584 2.71229e-09
0.000257452 2.71022e-09
0.000263457 2.70816e-09
0.000269602 2.70609e-09
0.00027589 2.70403e-09
0.000282325 2.70197e-09
0.00028891 2.69991e-09
0.000295648 2.69786e-09
0.000302544 2.6958e-09
0.000309601 2.69375e-09
0.000316822 2.6917e-09
0.000324211 2.68965e-09
0.000331773 2.6876e-09
0.000339512 2.68555e-09
0.00034743 2.6835e-09
0.000355534 2.68146e-09
0.000363826 2.67942e-09
0.000372312 2.67738e-09
0.000380996 2.67534e-09
0.000389883 2.6733e-09
0.000398976 2.67126e-09
0.000408282 2.66923e-09
0.000417805 2.66719e-09
0.00042755 2.66516e-09
0.000437522 2.66313e-09
0.000447727 2.6611e-09
0.00045817 2.65908e-09
0.000468856 2.65705e-09
0.000479792 2.65503e-09
0.000490983 2.653e-09
0.000502434 2.65098e-09
0.000514153 2.64896e-09
0.000526145 2.64694e-09
0.000538417 2.64493e-09
0.000550975 2.64291e-09
0.000563826 2.6409e-09
0.000576977 2.63889e-09
0.000590435 2.63688e-09
0.000604206 2.63487e-09
0.000618299 2.63286e-09
0.00063272 2.63086e-09
0.000647478 2.62885e-09
0.000662579 2.62685e-09
0.000678034 2.62485e-09
0.000693848 2.62285e-09
0.000710032 2.62085e-09
0.000726592 2.61885e-09
0.00074354 2.61686e-09
0.000760882 2.61487e-09
0.000778629 2.61287e-09
0.00079679 2.61088e-09
0.000815374 2.60889e-09
0.000834392 2.60691e-09
0.000853854 2.60492e-09
0.000873769 2.60294e-09
0.000894149 2.60095e-09
0.000915004 2.59897e-09
0.000936346 2.59699e-09
0.000958185 2.59501e-09
0.000980534 2.59304e-09
0.0010034 2.59106e-09
0.00102681 2.58909e-09
0.00105076 2.58711e-09
0.00107527 2.58514e-09
0.00110034 2.58317e-09
0.00112601 2.58121e-09
0.00115227 2.57924e-09
0.00117915 2.57728e-09
0.00120665 2.57531e-09
0.0012348 2.57335e-09
0.0012636 2.57139e-09
0.00129307 2.56943e-09
0.00132323 2.56747e-09
0.00135409 2.56552e-09
0.00138567 2.56356e-09
0.00141799 2.56161e-09
0.00145107 2.55966e-09
0.00148491 2.55771e-09
0.00151955 2.55576e-09
0.00155499 2.55381e-09
0.00159126 2.55187e-09
0.00162837 2.54992e-09
0.00166635 2.54798e-09
0.00170522 2.54604e-09
0.00174499 2.5441e-09
0.00178569 2.54216e-09
0.00182734 2.54023e-09
0.00186996 2.53829e-09
0.00191358 2.53636e-09
0.00195821 2.53443e-09
0.00200388 2.53249e-09
0.00205062 2.53057e-09
0.00209845 2.52864e-09
0.0021474 2.52671e-09
0.00219748 2.52479e-09
0.00224874 2.52286e-09
0.00230119 2.52094e-09
0.00235486 2.51902e-09
0.00240979 2.5171e-09
0.00246599 2.51518e-09
0.00252351 2.51327e-09
0.00258237 2.51135e-09
0.0026426 2.50944e-09
0.00270424 2.50753e-09
0.00276731 2.50562e-09
0.00283185 2.50371e-09
0.0028979 2.5018e-09
0.0029655 2.4999e-09
0.00303466 2.49799e-09
0.00310544 2.49609e-09
0.00317788 2.49419e-09
0.003252 2.49229e-09
0.00332785 2.49039e-09
0.00340547 2.48849e-09
0.0034849 2.4866e-09
0.00356618 2.4847e-09
0.00364936 2.48281e-09
0.00373447 2.48092e-09
0.00382158 2.47903e-09
0.00391071 2.47714e-09
0.00400193 2.47525e-09
0.00409527 2.47337e-09
0.00419079 2.47148e-09
0.00428853 2.4696e-09
0.00438856 2.46772e-09
0.00449092 2.46584e-09
0.00459567 2.46396e-09
0.00470286 2.46208e-09
0.00481255 2.46021e-09
0.0049248 2.45833e-09
0.00503966 2.45646e-09
0.00515721 2.45459e-09
0.0052775 2.45272e-09
0.00540059 2.45085e-09
0.00552655 2.44898e-09
0.00565545 2.44712e-09
0.00578736 2.44525e-09
0.00592235 2.44339e-09
0.00606048 2.44153e-09
0.00620184 2.43967e-09
0.00634649 2.43781e-09
0.00649452 2.43595e-09
0.006646 2.4341e-09
0.00680101 2.43224e-09
0.00695964 2.43039e-09
0.00712196 2.42854e-09
0.00728808 2.42669e-09
0.00745806 2.42484e-09
0.00763202 2.42299e-09
0.00781003 2.42115e-09
0.00799219 2.4193e-09
0.0081786 2.41746e-09
0.00836936 2.41562e-09
0.00856457 2.41378e-09
0.00876433 2.41194e-09
0.00896875 2.4101e-09
0.00917794 2.40827e-09
0.00939201 2.40643e-09
0.00961107 2.4046e-09
0.00983524 2.40277e-09
0.0100646 2.40094e-09
0.0102994 2.39911e-09
0.0105396 2.39728e-09
0.0107854 2.39545e-09
0.011037 2.39363e-09
0.0112944 2.3918e-09
0.0115579 2.38998e-09
0.0118274 2.38816e-09
0.0121033 2.38634e-09
0.0123856 2.38452e-09
0.0126745 2.38271e-09
0.0129701 2.38089e-09
0.0132726 2.37908e-09
0.0135822 2.37727e-09
0.013899 2.37546e-09
0.0142232 2.37365e-09
0.0145549 2.37184e-09
0.0148944 2.37003e-09
0.0152418 2.36823e-09
0.0155973 2.36642e-09
0.0159611 2.36462e-09
0.0163334 2.36282e-09
0.0167143 2.36102e-09
0.0171042 2.35922e-09
0.0175031 2.35742e-09
0.0179114 2.35563e-09
0.0183291 2.35383e-09
0.0187566 2.35204e-09
0.0191941 2.35025e-09
0.0196418 2.34846e-09
0.0200999 2.34667e-09
0.0205687 2.34488e-09
0.0210485 2.34309e-09
0.0215394 2.34131e-09
0.0220418 2.33952e-09
0.0225559 2.33774e-09
0.023082 2.33596e-09
0.0236204 2.33418e-09
0.0241713 2.3324e-09
0.0247351 2.33063e-09
0.025312 2.32885e-09
0.0259024 2.32708e-09
0.0265066 2.3253e-09
0.0271248 2.32353e-09
0.0277575 2.32176e-09
0.0284049 2.31999e-09
0.0290674 2.31823e-09
0.0297454 2.31646e-09
0.0304392 2.3147e-09
0.0311491 2.31293e-09
0.0318757 2.31117e-09
0.0326191 2.30941e-09
0.0333799 2.30765e-09
0.0341585 2.30589e-09
0.0349552 2.30414e-09
0.0357705 2.30238e-09
0.0366048 2.30063e-09
0.0374586 2.29887e-09
0.0383323 2.29712e-09
0.0392264 2.29537e-09
0.0401413 2.29362e-09
0.0410775 2.29188e-09
0.0420356 2.29013e-09
0.0430161 2.28839e-09
0.0440194 2.28664e-09
0.0450461 2.2849e-09
0.0460968 2.28316e-09
0.047172 2.28142e-09
0.0482722 2.27968e-09
0.0493981 2.27795e-09
0.0505503 2.27621e-09
0.0517293 2.27448e-09
0.0529359 2.27274e-09
0.0541705 2.27101e-09
0.055434 2.26928e-09
0.056727 2.26755e-09
0.0580501 2.26583e-09
0.059404 2.2641e-09
0.0607896 2.26238e-09
0.0622075 2.26065e-09
0.0636584 2.25893e-09
0.0651432 2.25721e-09
0.0666626 2.25549e-09
0.0682174 2.25377e-09
0.0698085 2.25206e-09
0.0714368 2.25034e-09
0.073103 2.24863e-09
0.074808 2.24691e-09
0.0765529 2.2452e-09
0.0783384 2.24349e-09
0.0801656 2.24178e-09
0.0820354 2.24007e-09
0.0839488 2.23837e-09
0.0859068 2.23666e-09
0.0879105 2.23496e-09
0.0899609 2.23326e-09
0.0920592 2.23155e-09
0.0942064 2.22985e-09
0.0964037 2.22816e-09
0.0986522 2.22646e-09
0.100953 2.22476e-09
0.103308 2.22307e-09
0.105717 2.22137e-09
0.108183 2.21968e-09
0.110706 2.21799e-09
0.113289 2.2163e-09
0.115931 2.21461e-09
0.118635 2.21292e-09
0.121402 2.21124e-09
0.124234 2.20955e-09
0.127131 2.20787e-09
0.130096 2.20619e-09
0.133131 2.20451e-09
0.136236 2.20283e-09
0.139414 2.20115e-09
0.142665 2.19947e-09
0.145993 2.1978e-09
0.149398 2.19612e-09
0.152883 2.19445e-09
0.156448 2.19278e-09
0.160097 2.19111e-09
0.163832 2.18944e-09
0.167653 2.18777e-09
0.171563 2.18611e-09
0.175565 2.18444e-09
0.17966 2.18278e-09
0.18385 2.18111e-09
0.188138 2.17945e-09
0.192526 2.17779e-09
0.197017 2.17613e-09
0.201612 2.17447e-09
0.206315 2.17282e-09
0.211127 2.17116e-09
0.216051 2.16951e-09
0.22109 2.16786e-09
0.226247 2.1662e-09
0.231524 2.16455e-09
0.236924 2.16291e-09
0.24245 2.16126e-09
0.248105 2.15961e-09
0.253892 2.15797e-09
0.259814 2.15632e-09
0.265874 2.15468e-09
0.272075 2.15304e-09
0.278421 2.1514e-09
0.284915 2.14976e-09
0.29156 2.14812e-09
0.298361 2.14648e-09
0.30532 2.14485e-09
0.312441 2.14322e-09
0.319728 2.14158e-09
0.327186 2.13995e-09
0.334817 2.13832e-09
0.342626 2.13669e-09
0.350618 2.13506e-09
0.358796 2.13344e-09
0.367164 2.13181e-09
0.375728 2.13019e-09
0.384492 2.12857e-09
0.39346 2.12694e-09
0.402637 2.12532e-09
0.412028 2.12371e-09
0.421638 2.12209e-09
0.431472 2.12047e-09
0.441536 2.11886e-09
0.451835 2.11724e-09
0.462373 2.11563e-09
0.473158 2.11402e-09
0.484194 2.11241e-09
0.495487 2.1108e-09
0.507044 2.10919e-09
0.51887 2.10758e-09
0.530973 2.10598e-09
0.543357 2.10437e-09
0.55603 2.10277e-09
0.568999 2.10117e-09
0.582271 2.09957e-09
0.595852 2.09797e-09
0.609749 2.09637e-09
0.623971 2.09477e-09
