7.05722e-06 130.811
1.5755e-05 284.379
2.44825e-05 435.511
3.32626e-05 585.717
4.21184e-05 735.867
5.10737e-05 886.62
6.0153e-05 1038.54
6.93819e-05 1192.17
7.8787e-05 1348
8.83966e-05 1506.54
9.82406e-05 1668.31
0.000108351 1833.85
0.000118762 2003.72
0.00012951 2178.5
0.000140636 2358.84
0.000152182 2545.39
0.000164195 2738.89
0.000176727 2940.12
0.000189833 3149.91
0.000203575 3369.19
0.000218018 3598.94
0.000233237 3840.24
0.00024931 4094.23
0.000266323 4362.17
0.00028437 4645.39
0.000303553 4945.32
0.000323979 5263.47
0.000345765 5601.41
0.000369032 5960.79
0.000393908 6343.28
0.000420522 6750.55
0.000449006 7184.23
0.000479491 7645.85
0.0005121 8136.81
0.000546949 8658.28
0.000584137 9211.15
0.00062375 9795.98
0.000665847 10412.9
0.000710465 11061.7
0.000757614 11741.6
0.000807275 12451.6
0.000859404 13189.9
0.000913932 13954.8
0.000970769 14743.8
0.00102981 15554.7
0.00109093 16385
0.00115401 17231.9
0.00121891 18093
0.0012855 18965.6
0.00135365 19847.4
0.00142324 20736
0.00149415 21629.3
0.00156626 22525.3
0.00163947 23422.2
0.0017137 24318.4
0.00178883 25212.5
0.00186481 26103.2
0.00194155 26989.2
0.00201899 27869.7
0.00209706 28743.6
0.00217572 29610.2
0.00225491 30468.8
0.00233459 31318.9
0.00241472 32159.9
0.00249526 32991.3
0.00257618 33812.9
0.00265745 34624.2
0.00273905 35425
0.00282094 36215.1
0.00290311 36994.2
0.00298554 37762.3
0.0030682 38519.1
0.00315109 39264.7
0.00323418 39998.9
0.00331747 40721.7
0.00340093 41433
0.00348457 42132.9
0.00356836 42691.9
0.0036523 43363.8
0.00373637 44024.3
0.00382058 44673.3
0.00390492 45311
0.00398936 45937.3
0.00407392 46552.4
0.00415858 47156.3
0.00424334 47749.1
0.00432819 48330.9
0.00441313 48901.7
0.00449816 49461.7
0.00458326 50010.9
0.00466844 50549.4
0.0047537 51077.4
0.00483902 51594.9
0.0049244 52101.9
0.00500986 52598.7
0.00509537 53085.3
0.00518094 53561.8
0.00526656 54028.4
0.00535224 54485
0.00543797 54931.9
0.00552375 55369.1
0.00560957 55796.7
0.00569545 56214.9
0.00578136 56623.7
0.00586733 57023.2
0.00595333 57413.6
0.00603937 57794.9
0.00612545 58167.3
0.00621157 58530.8
0.00629773 58885.5
0.00638392 59231.5
0.00647015 59569
0.00655641 59898
0.0066427 60218.7
0.00672903 60531
0.00681539 60835.2
0.00690178 61131.3
0.0069882 61419.4
0.00707465 72482.7
0.00716113 72435.3
0.00724764 72381.6
0.00733418 72321.9
0.00742074 72256.5
0.00750734 72186
0.00759396 72110.4
0.0076806 72030.1
0.00776728 71945.4
0.00785398 71856.5
0.0079407 71763.7
0.00802746 71667.2
0.00811423 71567.1
0.00820104 71463.8
0.00828786 71357.3
0.00837472 71247.9
0.0084616 71135.7
0.0085485 71020.9
0.00863543 70903.7
0.00872238 70784.1
0.00880936 70662.3
0.00889636 70538.4
0.00898338 70412.6
0.00907044 70285
0.00915751 70155.6
0.00924461 70024.6
0.00933174 69892.1
0.00941889 69758.1
0.00950606 69622.8
0.00959326 69486.2
0.00968049 69348.4
0.00976774 69209.5
0.00985502 69069.5
0.00994232 68928.5
0.0100296 68786.6
0.010117 68643.9
0.0102044 68500.3
0.0102918 68356
0.0103792 68210.9
0.0104667 68065.2
0.0105542 67918.9
0.0106417 67772
0.0107292 67624.6
0.0108168 67476.6
0.0109044 67328.2
0.010992 67179.4
0.0110797 67030.2
0.0111674 66880.7
0.0112551 66730.8
0.0113428 66580.6
0.0114306 66430.1
0.0115184 66279.4
0.0116063 66128.4
0.0116941 65977.2
0.011782 65825.9
0.01187 65674.4
0.0119579 65522.7
0.012046 65371
0.012134 65219.1
0.0122221 65067.1
0.0123102 64915
0.0123983 64762.9
0.0124865 64610.7
0.0125747 64458.5
0.012663 64306.3
0.0127513 64154
0.0128396 64001.8
0.012928 63849.5
0.0130164 63697.3
0.0131049 63545.1
0.0131934 63392.9
0.0132819 63240.7
0.0133705 63088.7
0.0134591 62936.6
0.0135478 62784.6
0.0136365 62632.7
0.0137253 62480.9
0.0138141 62329.1
0.013903 62177.5
0.0139919 62025.9
0.0140809 61874.4
0.0141699 61723
0.014259 61571.6
0.0143481 61420.4
0.0144373 61269.3
0.0145265 61118.3
0.0146158 60967.4
0.0147052 60816.6
0.0147946 60665.9
0.0148841 60515.3
0.0149736 60364.8
0.0150632 60214.5
0.0151528 60064.2
0.0152426 59914.1
0.0153324 59764
0.0154222 59614.1
0.0155121 59464.3
0.0156021 59314.6
0.0156922 59165
0.0157824 59015.5
0.0158726 58866.1
0.0159629 58716.8
0.0160533 58567.6
0.0161437 58418.6
0.0162343 58269.6
0.0163249 58120.7
0.0164156 57971.9
0.0165064 57823.2
0.0165973 57674.6
0.0166882 57526.1
0.0167793 57377.6
0.0168705 57229.3
0.0169617 57081
0.0170531 56932.8
0.0171445 56784.6
0.0172361 56636.6
0.0173278 56488.6
0.0174196 56340.6
0.0175114 56192.7
0.0176034 56044.9
0.0176956 55897.1
0.0177878 55749.4
0.0178801 55601.7
0.0179726 55454.1
0.0180652 55306.6
0.0181579 55159.2
0.0182508 55011.9
0.0183438 54864.6
0.0184369 54717.5
0.0185302 54570.4
0.0186236 54423.4
0.0187172 54276.6
0.0188109 54129.8
0.0189048 53983.1
0.0189988 53836.5
0.019093 53690.1
0.0191874 53543.7
0.0192819 53397.4
0.0193766 53251.3
0.0194714 53105.2
0.0195665 52959.3
0.0196617 52813.4
0.0197572 52667.7
0.0198528 52522.1
0.0199486 52376.5
0.0200446 52231.1
0.0201409 52085.7
0.0202373 51940.5
0.020334 51795.3
0.0204309 51650.2
0.020528 51505.2
0.0206254 51360.3
0.020723 51215.5
0.0208208 51070.7
0.0209189 50926
0.0210173 50781.4
0.0211159 50636.8
0.0212148 50492.3
0.021314 50347.9
0.0214134 50203.5
0.0215132 50059.1
0.0216132 49914.8
0.0217136 49770.5
0.0218143 49626.3
0.0219153 49482
0.0220167 49337.8
0.0221184 49193.5
0.0222204 49049.3
0.0223228 48905
0.0224256 48760.8
0.0225288 48616.5
0.0226323 48472.1
0.0227363 48327.7
0.0228407 48183.3
0.0229455 48038.8
0.0230507 47894.2
0.0231564 47749.5
0.0232626 47604.7
0.0233692 47459.8
0.0234763 47314.8
0.0235839 47169.7
0.0236921 47024.4
0.0238008 46878.9
0.02391 46733.3
0.0240198 46587.5
0.0241302 46441.5
0.0242412 46295.3
0.0243528 46148.8
0.0244651 46002.1
0.024578 45855.1
0.0246916 45707.8
0.0248059 45560.2
0.0249209 45412.3
0.0250367 45264
0.0251533 45115.4
0.0252706 44966.4
0.0253888 44816.9
0.0255078 44667.1
0.0256278 44516.7
0.0257486 44365.9
0.0258704 44214.6
0.0259931 44062.7
0.0261169 43910.3
0.0262417 43757.3
0.0263677 43603.6
0.0264947 43449.2
0.0266229 43294.2
0.0267524 43138.4
0.0268831 42981.9
0.0270151 42824.5
0.0271485 42666.2
0.0272834 42507.1
0.0274197 42347
0.0275575 42185.9
0.0276969 42023.7
0.0278381 41860.4
0.0279809 41696
0.0281257 41530.3
0.0282723 41363.4
0.0284209 41195
0.0285716 41025.3
0.0287245 40854
0.0288796 40681.1
0.0290372 40506.6
0.0291973 40330.2
0.0293601 40152
0.0295257 39971.9
0.0296942 39789.6
0.0298658 39605.1
0.0300407 39418.3
0.0302191 39228.9
0.0304011 39037
0.030587 38842.3
0.030777 38644.5
0.0309715 38443.7
0.0311705 38239.4
0.0313746 38031.6
0.031584 37820
0.0317991 37604.2
0.0320202 37384.1
0.032248 37159.3
0.0324827 36929.4
0.0327251 36694.1
0.0329758 36452.9
0.0332353 36205.5
0.0335046 35951.1
0.0337845 35689.3
0.0340759 35419.4
0.0343801 35140.7
0.0346984 34852.3
0.0350322 34553.3
0.0353832 34242.6
0.0357534 33919.1
0.0361452 33581.2
0.0365612 33227.4
0.0370047 32855.9
0.0374795 32464.5
0.0379899 32050.8
0.0385415 31611.9
0.0391405 31144.5
0.0397947 30644.9
0.0405132 30108.8
0.0413068 29531.6
0.0421882 28908.5
0.0431714 28234.6
0.0442717 27506.4
0.0455037 26721.9
0.046879 25882.9
0.0484033 24996.3
0.0500728 24074.6
0.0518737 23134.9
0.0537844 22196.2
0.0557797 21275.2
0.0578358 20384
0.0599334 19530.3
0.0620581 18717.9
0.0642001 17948
0.0663529 17220.1
0.0685124 16532.8
0.070676 15884.1
0.0728421 15272
0.0750098 14694.5
0.0771784 14149.6
0.0793476 13635.5
0.0815171 13150.5
0.0836868 12693.1
0.0858567 12261.8
0.0880266 11855.3
0.0901967 11472.2
0.0923667 11110.5
0.0945368 10768.6
0.0967068 10444.9
0.0988769 10137.8
0.101047 9846.31
0.103217 9569.1
0.105387 9305.17
0.107557 9053.57
0.109728 8813.44
0.111898 8583.99
0.114068 8364.51
0.116238 8154.33
0.118408 7952.87
0.120578 7759.56
0.122748 7573.9
0.124918 7395.45
0.127089 7223.82
0.129259 7058.68
0.131429 6899.73
0.133599 6746.67
0.135769 6599.22
0.137939 6457.15
0.14011 6320.2
0.14228 6188.17
0.14445 6060.84
0.14662 5938.02
0.14879 5819.54
0.15096 5705.21
0.153131 5594.88
0.155301 5488.39
0.157471 5385.61
0.159641 5286.38
0.161811 5190.56
0.163981 5097.97
0.166152 5008.47
0.168322 4921.91
0.170492 4838.16
0.172662 4757.1
0.174832 4678.6
0.177002 4602.55
0.179173 4528.85
0.181343 4457.4
0.183513 4388.09
0.185683 4320.85
0.187853 4255.59
0.190024 4192.22
0.192194 4130.67
0.194364 4070.87
0.196534 4012.74
0.198704 3956.19
0.200874 3901.17
0.203045 3847.59
0.205215 3795.4
0.207385 3744.53
0.209555 3694.93
0.211725 3646.54
0.213896 3599.3
0.216066 3553.16
0.218236 3508.08
0.220406 3464.02
0.222576 3420.92
0.224747 3378.75
0.226917 3337.46
0.229087 3297.03
0.231257 3257.46
0.233427 3218.76
0.235598 3180.95
0.237768 3144.06
0.239938 3108.08
0.242108 3073.05
0.244278 3038.96
0.246449 3005.82
0.248619 2973.66
0.250789 2942.47
0.252959 2912.26
0.255129 2883.03
0.257299 2854.8
0.25947 2827.56
0.26164 2801.32
0.26381 2775
0.26598 2748.13
0.26815 2721.35
0.270321 2694.68
0.272491 2668.2
0.274661 2642.02
0.276831 2616.24
0.279001 2590.99
0.281172 2566.35
0.283342 2542.36
0.285512 2519.04
0.287682 2496.38
0.289852 2474.36
0.292023 2452.96
0.294193 2432.13
0.296363 2411.84
0.298533 2392.02
0.300703 2372.59
0.302874 2353.5
0.305044 2334.66
0.307214 2316.04
0.309384 2297.59
0.311554 2279.33
0.313725 2261.24
0.315895 2243.36
0.318065 2225.68
0.320235 2208.23
0.322406 2191.01
0.324576 2174.07
0.326746 2157.41
0.328916 2141.08
0.331086 2125.08
0.333257 2109.43
0.335427 2094.11
0.337597 2079.1
0.339767 2064.38
0.341937 2049.9
0.344108 2035.66
0.346278 2021.63
0.348448 2007.8
0.350618 1994.16
0.352788 1980.69
0.354959 1967.36
0.357129 1954.18
0.359299 1941.15
0.361469 1928.26
0.363639 1915.53
0.36581 1902.98
0.36798 1890.61
0.37015 1878.42
0.37232 1866.41
0.37449 1854.57
0.376661 1842.9
0.378831 1831.4
0.381001 1820.07
0.383171 1808.91
0.385341 1797.92
0.387512 1787.08
0.389682 1776.38
0.391852 1765.82
0.394022 1755.38
0.396192 1745.06
0.398363 1734.86
0.400533 1724.79
0.402703 1714.83
0.404873 1704.99
0.407043 1695.26
0.409214 1685.64
0.411384 1676.12
0.413554 1666.71
0.415724 1657.42
0.417895 1648.24
0.420065 1639.17
0.422235 1630.22
0.424405 1621.37
0.426575 1612.63
0.428746 1603.99
0.430916 1595.44
0.433086 1587
0.435256 1578.65
0.437426 1570.4
0.439597 1562.24
0.441767 1554.16
0.443937 1546.16
0.446107 1538.25
0.448277 1530.41
0.450448 1522.66
0.452618 1514.99
0.454788 1507.4
0.456958 1499.89
0.459128 1492.46
0.461299 1485.09
0.463469 1477.8
0.465639 1470.59
0.467809 1463.45
0.46998 1456.38
0.47215 1449.39
0.47432 1442.47
0.47649 1435.62
0.47866 1428.83
0.480831 1422.1
0.483001 1415.44
0.485171 1408.84
0.487341 1402.31
0.489511 1395.84
0.491682 1389.43
0.493852 1383.07
0.496022 1376.78
0.498192 1370.54
0.500362 1364.35
0.502533 1358.22
0.504703 1352.15
0.506873 1346.14
0.509043 1340.18
0.511213 1334.27
0.513384 1328.41
0.515554 1322.6
0.517724 1316.84
0.519894 1311.13
0.522065 1305.47
0.524235 1299.87
0.526405 1294.31
0.528575 1288.79
0.530745 1283.33
0.532916 1277.9
0.535086 1272.52
0.537256 1267.19
0.539426 1261.9
0.541596 1256.65
0.543767 1251.45
0.545937 1246.28
0.548107 1241.16
0.550277 1236.08
0.552447 1231.04
0.554618 1226.03
0.556788 1221.07
0.558958 1216.15
0.561128 1211.27
0.563298 1206.42
0.565469 1201.61
0.567639 1196.83
0.569809 1192.09
0.571979 1187.39
0.57415 1182.73
0.57632 1178.1
0.57849 1173.5
0.58066 1168.94
0.58283 1164.41
0.585001 1159.91
0.587171 1155.44
0.589341 1151.01
0.591511 1146.61
0.593681 1142.25
0.595852 1137.91
0.598022 1133.6
0.600192 1129.33
0.602362 1125.08
0.604532 1120.86
0.606703 1116.67
0.608873 1112.52
0.611043 1108.39
0.613213 1104.29
0.615384 1100.22
0.617554 1096.17
0.619724 1092.15
0.621894 1088.16
0.624064 1084.19
0.626235 1080.26
0.628405 1076.35
0.630575 1072.46
0.632745 1068.6
0.634915 1064.76
0.637086 1060.95
0.639256 1057.16
0.641426 1053.4
0.643596 1049.67
0.645766 1045.95
0.647937 1042.26
0.650107 1038.6
0.652277 1034.95
0.654447 1031.33
0.656618 1027.73
0.658788 1024.16
0.660958 1020.61
0.663128 1017.07
0.665298 1013.56
0.667469 1010.08
0.669639 1006.61
0.671809 1003.16
0.673979 999.736
0.676149 996.331
0.67832 992.947
0.68049 989.583
0.68266 986.239
0.68483 982.914
0.687 979.608
0.689171 976.322
0.691341 973.055
0.693511 969.808
0.695681 966.579
0.697852 963.37
0.700022 960.178
0.702192 957.004
0.704362 953.848
0.706532 950.71
0.708703 947.59
0.710873 944.488
0.713043 941.404
0.715213 938.336
0.717383 935.286
0.719554 932.252
0.721724 929.235
0.723894 926.234
0.726064 923.25
0.728234 920.282
0.730405 917.331
0.732575 914.396
0.734745 911.477
0.736915 908.573
0.739086 905.684
0.741256 902.811
0.743426 899.953
0.745596 897.111
0.747766 894.284
0.749937 891.471
0.752107 888.674
0.754277 885.89
0.756447 883.121
0.758617 880.367
0.760788 877.627
0.762958 874.901
0.765128 872.189
0.767298 869.492
0.769468 866.807
0.771639 864.137
0.773809 861.479
0.775979 858.836
0.778149 856.205
0.78032 853.588
0.78249 850.985
0.78466 848.394
0.78683 845.816
0.789 843.25
0.791171 840.697
0.793341 838.157
0.795511 835.629
0.797681 833.114
0.799851 830.611
0.802022 828.121
0.804192 825.642
0.806362 823.175
0.808532 820.72
0.810703 818.277
0.812873 815.845
0.815043 813.426
0.817213 811.017
0.819383 808.621
0.821554 806.235
0.823724 803.861
0.825894 801.497
0.828064 799.145
0.830234 796.804
0.832405 794.474
0.834575 792.154
0.836745 789.846
0.838915 787.548
0.841085 785.26
0.843256 782.983
0.845426 780.717
0.847596 778.461
