7.05722e-06 130.811
1.5755e-05 284.379
2.44825e-05 435.511
3.32626e-05 585.717
4.21184e-05 735.867
5.10737e-05 886.62
6.0153e-05 1038.54
6.93819e-05 1192.17
7.8787e-05 1348
8.83966e-05 1506.54
9.82406e-05 1668.31
0.000108351 1833.85
0.000118762 2003.72
0.00012951 2178.5
0.000140636 2358.84
0.000152182 2545.39
0.000164195 2738.89
0.000176727 2940.12
0.000189833 3149.91
0.000203575 3369.19
0.000218018 3598.94
0.000233237 3840.24
0.00024931 4094.23
0.000266323 4362.17
0.00028437 4645.39
0.000303553 4945.32
0.000323979 5263.47
0.000345765 5601.41
0.000369032 5960.79
0.000393908 6343.28
0.000420522 6750.55
0.000449006 7184.23
0.000479491 7645.85
0.0005121 8136.81
0.000546949 8658.28
0.000584137 9211.15
0.00062375 9795.98
0.000665847 10412.9
0.000710465 11061.7
0.000757614 11741.6
0.000807275 12451.6
0.000859404 13189.9
0.000913932 13954.8
0.000970769 14743.8
0.00102981 15554.7
0.00109093 16385
0.00115401 17231.9
0.00121891 18093
0.0012855 18965.6
0.00135365 19847.4
0.00142324 20736
0.00149415 21629.3
0.00156626 22525.3
0.00163947 23422.2
0.0017137 24318.4
0.00178883 25212.5
0.00186481 26103.2
0.00194155 26989.2
0.00201899 27869.7
0.00209706 28743.6
0.00217572 29610.2
0.00225491 30468.8
0.00233459 31318.9
0.00241472 32159.9
0.00249526 32991.3
0.00257618 33812.9
0.00265745 34624.2
0.00273905 35425
0.00282094 36215.1
0.00290311 36994.2
0.00298554 37762.3
0.0030682 38519.1
0.00315109 39264.7
0.00323418 39998.9
0.00331747 40721.7
0.00340093 41433
0.00348457 42132.9
0.00356836 42821.3
0.0036523 43498.2
0.00373637 44163.8
0.00382058 44817.9
0.00390492 45460.8
0.00398936 46092.3
0.00407392 46712.7
0.00415858 47321.9
0.00424334 47920
0.00432819 48507.2
0.00441313 49083.4
0.00449816 49648.8
0.00458326 50203.5
0.00466844 50747.5
0.0047537 51281
0.00483902 51803.9
0.0049244 52316.6
0.00500986 52818.9
0.00509537 53311.1
0.00518094 53793.1
0.00526656 54265.3
0.00535224 54727.5
0.00543797 55180
0.00552375 55622.7
0.00560957 56056
0.00569545 56479.7
0.00578136 56894.1
0.00586733 57299.2
0.00595333 57695.1
0.00603937 58082
0.00612545 58459.9
0.00621157 58828.9
0.00629773 59189.1
0.00638392 59540.6
0.00647015 59883.6
0.00655641 60218
0.0066427 60544.1
0.00672903 60861.8
0.00681539 61171.4
0.00690178 61472.8
0.0069882 61766.2
0.00707465 62051.6
0.00716113 62329.3
0.00724764 62599.1
0.00733418 62861.3
0.00742074 63115.9
0.00750734 63363.1
0.00759396 63602.8
0.0076806 63835.2
0.00776728 64060.4
0.00785398 64278.4
0.0079407 64489.3
0.00802746 64693.3
0.00811423 64890.4
0.00820104 65080.6
0.00828786 65264.1
0.00837472 65440.9
0.0084616 65611.2
0.0085485 65774.9
0.00863543 65932.2
0.00872238 66083.2
0.00880936 66227.9
0.00889636 66366.4
0.00898338 66498.8
0.00907044 66625.1
0.00915751 66745.5
0.00924461 66859.9
0.00933174 66968.6
0.00941889 67071.4
0.00950606 67168.6
0.00959326 67260.1
0.00968049 67346.1
0.00976774 67426.7
0.00985502 67501.8
0.00994232 67571.5
0.0100296 67636
0.010117 67695.3
0.0102044 67749.5
0.0102918 67798.6
0.0103792 67842.7
0.0104667 67881.8
0.0105542 67916.1
0.0106417 67945.6
0.0107292 67970.4
0.0108168 67990.4
0.0109044 68005.8
0.010992 68016.7
0.0110797 68023.1
0.0111674 68025
0.0112551 68022.5
0.0113428 68015.7
0.0114306 68004.7
0.0115184 67989.5
0.0116063 67970.1
0.0116941 67946.7
0.011782 67919.2
0.01187 67887.8
0.0119579 67852.5
0.012046 67813.3
0.012134 67770.3
0.0122221 67723.6
0.0123102 67673.2
0.0123983 67619.2
0.0124865 67561.6
0.0125747 67500.5
0.012663 67435.9
0.0127513 67368
0.0128396 67296.6
0.012928 67222
0.0130164 67144.1
0.0131049 67063
0.0131934 66978.8
0.0132819 66891.5
0.0133705 66801.1
0.0134591 66707.7
0.0135478 66611.4
0.0136365 66512.2
0.0137253 66410.2
0.0138141 66305.3
0.013903 66197.7
0.0139919 66087.4
0.0140809 65974.4
0.0141699 65858.9
0.014259 65740.7
0.0143481 65620.1
0.0144373 65497
0.0145265 65371.4
0.0146158 65243.5
0.0147052 65113.3
0.0147946 64980.7
0.0148841 64846
0.0149736 64709
0.0150632 64569.9
0.0151528 64428.6
0.0152426 64285.3
0.0153324 64139.9
0.0154222 63992.6
0.0155121 63843.3
0.0156021 63692.1
0.0156922 63539.1
0.0157824 63384.2
0.0158726 63227.5
0.0159629 63069.1
0.0160533 62909
0.0161437 62747.2
0.0162343 62583.8
0.0163249 62418.8
0.0164156 62252.2
0.0165064 62084.1
0.0165973 61914.5
0.0166882 61743.5
0.0167793 61571.1
0.0168705 61397.3
0.0169617 61222.2
0.0170531 61045.7
0.0171445 60868
0.0172361 60689
0.0173278 60508.9
0.0174196 60327.6
0.0175114 60145.1
0.0176034 59961.5
0.0176956 59776.9
0.0177878 59591.2
0.0178801 59404.5
0.0179726 59216.8
0.0180652 59028.2
0.0181579 58838.6
0.0182508 58648.2
0.0183438 58456.9
0.0184369 58264.7
0.0185302 58071.8
0.0186236 57878.1
0.0187172 57683.6
0.0188109 57488.4
0.0189048 57292.5
0.0189988 57095.9
0.019093 56898.7
0.0191874 56700.8
0.0192819 56502.4
0.0193766 56303.4
0.0194714 56103.8
0.0195665 55903.8
0.0196617 55703.2
0.0197572 55502.1
0.0198528 55300.6
0.0199486 55098.7
0.0200446 54896.3
0.0201409 54693.6
0.0202373 54490.5
0.020334 54287
0.0204309 54083.2
0.020528 53879.1
0.0206254 53674.7
0.020723 53470.1
0.0208208 53265.2
0.0209189 53060
0.0210173 52854.6
0.0211159 52649.1
0.0212148 52443.3
0.021314 52237.4
0.0214134 52031.3
0.0215132 51825.1
0.0216132 51618.8
0.0217136 51412.4
0.0218143 51205.9
0.0219153 50999.3
0.0220167 50792.6
0.0221184 50585.9
0.0222204 50379.1
0.0223228 50172.3
0.0224256 49965.5
0.0225288 49758.7
0.0226323 49551.9
0.0227363 49345.1
0.0228407 49138.4
0.0229455 48931.6
0.0230507 48725
0.0231564 48518.3
0.0232626 48311.8
0.0233692 48105.2
0.0234763 47898.8
0.0235839 47692.5
0.0236921 47486.2
0.0238008 47280.1
0.02391 47074
0.0240198 46868
0.0241302 46662.2
0.0242412 46456.4
0.0243528 46250.8
0.0244651 46045.3
0.024578 45839.9
0.0246916 45634.7
0.0248059 45429.5
0.0249209 45224.5
0.0250367 45019.6
0.0251533 44814.8
0.0252706 44610.2
0.0253888 44405.6
0.0255078 44201.2
0.0256278 43996.9
0.0257486 43792.7
0.0258704 43588.6
0.0259931 43384.6
0.0261169 43180.7
0.0262417 42976.9
0.0263677 42773.1
0.0264947 42569.5
0.0266229 42365.9
0.0267524 42162.3
0.0268831 41958.8
0.0270151 41755.3
0.0271485 41551.9
0.0272834 41348.4
0.0274197 41144.9
0.0275575 40941.4
0.0276969 40737.9
0.0278381 40534.3
0.0279809 40330.6
0.0281257 40126.8
0.0282723 39922.9
0.0284209 39718.8
0.0285716 39514.6
0.0287245 39310.1
0.0288796 39105.4
0.0290372 38900.5
0.0291973 38695.2
0.0293601 38489.6
0.0295257 38283.7
0.0296942 38077.3
0.0298658 37870.4
0.0300407 37663.1
0.0302191 37455.2
0.0304011 37246.7
0.030587 37037.4
0.030777 36827.5
0.0309715 36616.7
0.0311705 36405.1
0.0313746 36192.5
0.031584 35978.8
0.0317991 35764
0.0320202 35547.9
0.032248 35330.5
0.0324827 35111.5
0.0327251 34890.9
0.0329758 34668.4
0.0332353 34444
0.0335046 34217.4
0.0337845 33988.3
0.0340759 33756.6
0.0343801 33521.9
0.0346984 33283.8
0.0350322 33042.1
0.0353832 32796.1
0.0357534 32545.5
0.0361452 32289.3
0.0365612 32027
0.0370047 31757.5
0.0374795 31479.5
0.0379899 31191.4
0.0385415 30891.4
0.0391405 30576.8
0.0397947 30244.1
0.0405132 29889
0.0413068 29505.2
0.0421882 29084.8
0.0431714 28616.9
0.0442717 28087.4
0.0455037 27478.9
0.046879 26771.7
0.0484033 25946.6
0.0500728 24990.6
0.0518737 23903.8
0.0537844 22704.3
0.0557797 21428.1
0.0578358 20123.2
0.0599334 18841.4
0.0620581 17629.9
0.0642001 16525.6
0.0663529 15552.4
0.0685124 14720.4
0.070676 14028.1
0.0728421 13463.4
0.0750098 13007.1
0.0771784 12635
0.0793476 12320.4
0.0815171 12036.5
0.0836868 11759
0.0858567 11467.9
0.0880266 11149.1
0.0901967 10795.2
0.0923667 10406
0.0945368 9987.21
0.0967068 9549
0.0988769 9104.39
0.101047 8667.15
0.103217 8250.17
0.105387 7864.1
0.107557 7516.54
0.109728 7211.61
0.111898 6950.04
0.114068 6729.43
0.116238 6544.84
0.118408 6389.49
0.120578 6255.46
0.122748 6134.51
0.124918 6020.25
0.127089 5904.5
0.129259 5781.41
0.131429 5647.36
0.133599 5500.92
0.135769 5342.82
0.137939 5175.64
0.14011 5003.21
0.14228 4829.89
0.14445 4659.98
0.14662 4497.27
0.14879 4344.74
0.15096 4204.52
0.153131 4077.81
0.155301 3964.94
0.157471 3865.36
0.159641 3777.71
0.161811 3699.99
0.163981 3629.7
0.166152 3564.21
0.168322 3500.95
0.170492 3437.76
0.172662 3372.97
0.174832 3305.53
0.177002 3234.96
0.179173 3161.33
0.181343 3085.16
0.183513 3007.36
0.185683 2929.12
0.187853 2851.8
0.190024 2776.72
0.192194 2705.07
0.194364 2637.72
0.196534 2575.18
0.198704 2517.55
0.200874 2464.63
0.203045 2415.92
0.205215 2370.82
0.207385 2328.58
0.209555 2288.47
0.211725 2249.71
0.213896 2211.61
0.216066 2173.56
0.218236 2135.11
0.220406 2096.02
0.222576 2056.26
0.224747 2015.98
0.226917 1975.48
0.229087 1935.12
0.231257 1895.29
0.233427 1856.33
0.235598 1818.57
0.237768 1782.25
0.239938 1747.58
0.242108 1714.68
0.244278 1683.55
0.246449 1654.12
0.248619 1626.21
0.250789 1599.57
0.252959 1573.92
0.255129 1548.99
0.257299 1524.56
0.25947 1500.45
0.26164 1476.55
0.26381 1452.77
0.26598 1429.08
0.26815 1405.47
0.270321 1381.98
0.272491 1358.67
0.274661 1335.65
0.276831 1313.05
0.279001 1290.96
0.281172 1269.48
0.283342 1248.66
0.285512 1228.53
0.287682 1209.06
0.289852 1190.25
0.292023 1172.06
0.294193 1154.46
0.296363 1137.4
0.298533 1120.83
0.300703 1104.66
0.302874 1088.82
0.305044 1073.23
0.307214 1057.84
0.309384 1042.63
0.311554 1027.58
0.313725 1012.71
0.315895 998.02
0.318065 983.528
0.320235 969.248
0.322406 955.2
0.324576 941.41
0.326746 927.909
0.328916 914.729
0.331086 901.891
0.333257 889.402
0.335427 877.251
0.337597 865.411
0.339767 853.853
0.341937 842.547
0.344108 831.472
0.346278 820.607
0.348448 809.937
0.350618 799.444
0.352788 789.108
0.354959 778.913
0.357129 768.847
0.359299 758.91
0.361469 749.111
0.363639 739.464
0.36581 729.983
0.36798 720.676
0.37015 711.543
0.37232 702.582
0.37449 693.788
0.376661 685.16
0.378831 676.697
0.381001 668.403
0.383171 660.276
0.385341 652.31
0.387512 644.493
0.389682 636.812
0.391852 629.254
0.394022 621.812
0.396192 614.484
0.398363 607.268
0.400533 600.166
0.402703 593.174
0.404873 586.287
0.407043 579.5
0.409214 572.807
0.411384 566.211
0.413554 559.714
0.415724 553.324
0.417895 547.044
0.420065 540.873
0.422235 534.809
0.424405 528.844
0.426575 522.973
0.428746 517.195
0.430916 511.508
0.433086 505.914
0.435256 500.412
0.437426 494.999
0.439597 489.667
0.441767 484.411
0.443937 479.227
0.446107 474.112
0.448277 469.069
0.450448 464.099
0.452618 459.204
0.454788 454.384
0.456958 449.634
0.459128 444.95
0.461299 440.33
0.463469 435.775
0.465639 431.285
0.467809 426.863
0.46998 422.51
0.47215 418.224
0.47432 414.002
0.47649 409.838
0.47866 405.73
0.480831 401.676
0.483001 397.679
0.485171 393.739
0.487341 389.856
0.489511 386.028
0.491682 382.253
0.493852 378.526
0.496022 374.845
0.498192 371.211
0.500362 367.625
0.502533 364.09
0.504703 360.604
0.506873 357.168
0.509043 353.777
0.511213 350.43
0.513384 347.125
0.515554 343.861
0.517724 340.64
0.519894 337.464
0.522065 334.331
0.524235 331.241
0.526405 328.191
0.528575 325.179
0.530745 322.202
0.532916 319.261
0.535086 316.358
0.537256 313.493
0.539426 310.666
0.541596 307.876
0.543767 305.12
0.545937 302.397
0.548107 299.706
0.550277 297.046
0.552447 294.419
0.554618 291.826
0.556788 289.268
0.558958 286.741
0.561128 284.246
0.563298 281.779
0.565469 279.34
0.567639 276.929
0.569809 274.548
0.571979 272.197
0.57415 269.875
0.57632 267.583
0.57849 265.317
0.58066 263.076
0.58283 260.86
0.585001 258.668
0.587171 256.502
0.589341 254.364
0.591511 252.251
0.593681 250.164
0.595852 248.1
0.598022 246.059
0.600192 244.039
0.602362 242.042
0.604532 240.068
0.606703 238.117
0.608873 236.191
0.611043 234.287
0.613213 232.403
0.615384 230.54
0.617554 228.696
0.619724 226.872
0.621894 225.068
0.624064 223.286
0.626235 221.525
0.628405 219.783
0.630575 218.061
0.632745 216.355
0.634915 214.667
0.637086 212.997
0.639256 211.346
0.641426 209.713
0.643596 208.099
0.645766 206.503
0.647937 204.923
0.650107 203.359
0.652277 201.811
0.654447 200.278
0.656618 198.763
0.658788 197.264
0.660958 195.782
0.663128 194.316
0.665298 192.865
0.667469 191.427
0.669639 190.004
0.671809 188.595
0.673979 187.201
0.676149 185.822
0.67832 184.459
0.68049 183.109
0.68266 181.773
0.68483 180.449
0.687 179.138
0.689171 177.84
0.691341 176.555
0.693511 175.285
0.695681 174.027
0.697852 172.783
0.700022 171.55
0.702192 170.329
0.704362 169.119
0.706532 167.92
0.708703 166.734
0.710873 165.561
0.713043 164.4
0.715213 163.25
0.717383 162.111
0.719554 160.981
0.721724 159.863
0.723894 158.755
0.726064 157.658
0.728234 156.572
0.730405 155.498
0.732575 154.433
0.734745 153.379
0.736915 152.333
0.739086 151.297
0.741256 150.271
0.743426 149.255
0.745596 148.249
0.747766 147.253
0.749937 146.266
0.752107 145.288
0.754277 144.318
0.756447 143.357
0.758617 142.405
0.760788 141.462
0.762958 140.529
0.765128 139.604
0.767298 138.688
0.769468 137.78
0.771639 136.879
0.773809 135.986
0.775979 135.102
0.778149 134.225
0.78032 133.358
0.78249 132.498
0.78466 131.646
0.78683 130.801
0.789 129.963
0.791171 129.133
0.793341 128.309
0.795511 127.494
0.797681 126.686
0.799851 125.886
0.802022 125.093
0.804192 124.306
0.806362 123.525
0.808532 122.751
0.810703 121.984
0.812873 121.224
0.815043 120.471
0.817213 119.724
0.819383 118.985
0.821554 118.25
0.823724 117.522
0.825894 116.8
0.828064 116.084
0.830234 115.375
0.832405 114.672
0.834575 113.975
0.836745 113.284
0.838915 112.598
0.841085 111.918
0.843256 111.243
0.845426 110.574
0.847596 109.911
