7.05722e-06 130.811
1.5755e-05 284.379
2.44825e-05 435.511
3.32626e-05 585.717
4.21184e-05 735.867
5.10737e-05 886.62
6.0153e-05 1038.54
6.93819e-05 1192.17
7.8787e-05 1348
8.83966e-05 1506.54
9.82406e-05 1668.31
0.000108351 1833.85
0.000118762 2003.72
0.00012951 2178.5
0.000140636 2358.84
0.000152182 2545.39
0.000164195 2738.89
0.000176727 2940.12
0.000189833 3149.91
0.000203575 3369.19
0.000218018 3598.94
0.000233237 3840.24
0.00024931 4094.23
0.000266323 4362.17
0.00028437 4645.39
0.000303553 4945.32
0.000323979 5263.47
0.000345765 5601.41
0.000369032 5960.79
0.000393908 6343.28
0.000420522 6750.55
0.000449006 7184.23
0.000479491 7645.85
0.0005121 8136.81
0.000546949 8658.28
0.000584137 9211.15
0.00062375 9795.98
0.000665847 10412.9
0.000710465 11061.7
0.000757614 11741.6
0.000807275 12451.6
0.000859404 13189.9
0.000913932 13954.8
0.000970769 14743.8
0.00102981 15554.7
0.00109093 16385
0.00115401 17231.9
0.00121891 18093
0.0012855 18965.6
0.00135365 19847.4
0.00142324 20736
0.00149415 21629.3
0.00156626 22525.3
0.00163947 23422.2
0.0017137 24318.4
0.00178883 25212.5
0.00186481 26103.2
0.00194155 26989.2
0.00201899 27869.7
0.00209706 28743.6
0.00217572 29610.2
0.00225491 30468.8
0.00233459 31318.9
0.00241472 32159.9
0.00249526 32991.3
0.00257618 33812.9
0.00265745 34624.2
0.00273905 35425
0.00282094 36215.1
0.00290311 36994.2
0.00298554 37762.3
0.0030682 38519.1
0.00315109 39264.7
0.00323418 39998.9
0.00331747 40721.7
0.00340093 41433
0.00348457 42132.9
0.00356836 42821.3
0.0036523 43498.2
0.00373637 44163.8
0.00382058 44817.9
0.00390492 45460.8
0.00398936 46092.3
0.00407392 46712.7
0.00415858 47321.9
0.00424334 47920
0.00432819 48507.2
0.00441313 49083.4
0.00449816 49648.8
0.00458326 50203.5
0.00466844 50747.5
0.0047537 51281
0.00483902 51803.9
0.0049244 52316.6
0.00500986 52818.9
0.00509537 53311.1
0.00518094 53793.1
0.00526656 54265.3
0.00535224 54727.5
0.00543797 55180
0.00552375 55622.7
0.00560957 56056
0.00569545 56479.7
0.00578136 56894.1
0.00586733 57299.2
0.00595333 57695.1
0.00603937 58082
0.00612545 58459.9
0.00621157 58828.9
0.00629773 59189.1
0.00638392 59540.6
0.00647015 59883.6
0.00655641 60218
0.0066427 60544.1
0.00672903 60861.8
0.00681539 61171.4
0.00690178 61472.8
0.0069882 61766.2
0.00707465 72897.8
0.00716113 72854.4
0.00724764 72804.5
0.00733418 72748.7
0.00742074 72687.1
0.00750734 72620.2
0.00759396 72548.3
0.0076806 72471.6
0.00776728 72390.4
0.00785398 72305
0.0079407 72215.5
0.00802746 72122.3
0.00811423 72025.5
0.00820104 71925.4
0.00828786 71822
0.00837472 71715.7
0.0084616 71606.6
0.0085485 71494.7
0.00863543 71380.4
0.00872238 71263.6
0.00880936 71144.6
0.00889636 71023.5
0.00898338 70900.4
0.00907044 70775.4
0.00915751 70648.6
0.00924461 70520.1
0.00933174 70390.1
0.00941889 70258.5
0.00950606 70125.6
0.00959326 69991.3
0.00968049 69855.8
0.00976774 69719.1
0.00985502 69581.3
0.00994232 69442.4
0.0100296 69302.6
0.010117 69161.8
0.0102044 69020.2
0.0102918 68877.8
0.0103792 68734.6
0.0104667 68590.8
0.0105542 68446.2
0.0106417 68301
0.0107292 68155.3
0.0108168 68009
0.0109044 67862.2
0.010992 67714.9
0.0110797 67567.2
0.0111674 67419.1
0.0112551 67270.6
0.0113428 67121.8
0.0114306 66972.6
0.0115184 66823.2
0.0116063 66673.5
0.0116941 66523.5
0.011782 66373.3
0.01187 66222.9
0.0119579 66072.3
0.012046 65921.5
0.012134 65770.6
0.0122221 65619.5
0.0123102 65468.4
0.0123983 65317.1
0.0124865 65165.7
0.0125747 65014.3
0.012663 64862.8
0.0127513 64711.2
0.0128396 64559.6
0.012928 64407.9
0.0130164 64256.2
0.0131049 64104.6
0.0131934 63952.9
0.0132819 63801.2
0.0133705 63649.5
0.0134591 63497.8
0.0135478 63346.2
0.0136365 63194.5
0.0137253 63043
0.0138141 62891.4
0.013903 62739.9
0.0139919 62588.4
0.0140809 62437
0.0141699 62285.7
0.014259 62134.4
0.0143481 61983.2
0.0144373 61832
0.0145265 61680.9
0.0146158 61529.9
0.0147052 61378.9
0.0147946 61228
0.0148841 61077.2
0.0149736 60926.4
0.0150632 60775.8
0.0151528 60625.2
0.0152426 60474.6
0.0153324 60324.2
0.0154222 60173.8
0.0155121 60023.5
0.0156021 59873.3
0.0156922 59723.1
0.0157824 59573.1
0.0158726 59423.1
0.0159629 59273.1
0.0160533 59123.2
0.0161437 58973.4
0.0162343 58823.7
0.0163249 58674
0.0164156 58524.4
0.0165064 58374.8
0.0165973 58225.3
0.0166882 58075.9
0.0167793 57926.5
0.0168705 57777.1
0.0169617 57627.8
0.0170531 57478.6
0.0171445 57329.3
0.0172361 57180.1
0.0173278 57031
0.0174196 56881.8
0.0175114 56732.7
0.0176034 56583.6
0.0176956 56434.6
0.0177878 56285.5
0.0178801 56136.5
0.0179726 55987.6
0.0180652 55838.7
0.0181579 55689.8
0.0182508 55541
0.0183438 55392.2
0.0184369 55243.5
0.0185302 55094.9
0.0186236 54946.4
0.0187172 54797.9
0.0188109 54649.4
0.0189048 54501.1
0.0189988 54352.8
0.019093 54204.6
0.0191874 54056.4
0.0192819 53908.4
0.0193766 53760.4
0.0194714 53612.5
0.0195665 53464.6
0.0196617 53316.9
0.0197572 53169.2
0.0198528 53021.5
0.0199486 52874
0.0200446 52726.5
0.0201409 52579.1
0.0202373 52431.7
0.020334 52284.4
0.0204309 52137.2
0.020528 51990
0.0206254 51842.9
0.020723 51695.8
0.0208208 51548.8
0.0209189 51401.8
0.0210173 51254.9
0.0211159 51107.9
0.0212148 50961.1
0.021314 50814.2
0.0214134 50667.3
0.0215132 50520.5
0.0216132 50373.7
0.0217136 50226.9
0.0218143 50080
0.0219153 49933.2
0.0220167 49786.3
0.0221184 49639.4
0.0222204 49492.5
0.0223228 49345.5
0.0224256 49198.5
0.0225288 49051.4
0.0226323 48904.3
0.0227363 48757
0.0228407 48609.7
0.0229455 48462.3
0.0230507 48314.8
0.0231564 48167.1
0.0232626 48019.3
0.0233692 47871.4
0.0234763 47723.3
0.0235839 47575.1
0.0236921 47426.7
0.0238008 47278
0.02391 47129.2
0.0240198 46980.1
0.0241302 46830.8
0.0242412 46681.3
0.0243528 46531.5
0.0244651 46381.3
0.024578 46230.9
0.0246916 46080.2
0.0248059 45929.1
0.0249209 45777.6
0.0250367 45625.7
0.0251533 45473.5
0.0252706 45320.8
0.0253888 45167.6
0.0255078 45014
0.0256278 44859.9
0.0257486 44705.2
0.0258704 44549.9
0.0259931 44394.1
0.0261169 44237.7
0.0262417 44080.6
0.0263677 43922.8
0.0264947 43764.3
0.0266229 43605
0.0267524 43445
0.0268831 43284.1
0.0270151 43122.3
0.0271485 42959.6
0.0272834 42795.9
0.0274197 42631.2
0.0275575 42465.4
0.0276969 42298.5
0.0278381 42130.5
0.0279809 41961.2
0.0281257 41790.5
0.0282723 41618.5
0.0284209 41445.1
0.0285716 41270.1
0.0287245 41093.5
0.0288796 40915.2
0.0290372 40735.2
0.0291973 40553.3
0.0293601 40369.3
0.0295257 40183.3
0.0296942 39995.1
0.0298658 39804.6
0.0300407 39611.5
0.0302191 39415.9
0.0304011 39217.4
0.030587 39016.1
0.030777 38811.6
0.0309715 38603.7
0.0311705 38392.3
0.0313746 38177.2
0.031584 37958
0.0317991 37734.5
0.0320202 37506.4
0.032248 37273.3
0.0324827 37034.9
0.0327251 36790.8
0.0329758 36540.5
0.0332353 36283.6
0.0335046 36019.5
0.0337845 35747.5
0.0340759 35467
0.0343801 35177.2
0.0346984 34877.2
0.0350322 34566.1
0.0353832 34242.7
0.0357534 33905.6
0.0361452 33553.6
0.0365612 33184.8
0.0370047 32797.2
0.0374795 32388.8
0.0379899 31956.7
0.0385415 31498.1
0.0391405 31009.5
0.0397947 30486.7
0.0405132 29925.5
0.0413068 29320.8
0.0421882 28667.5
0.0431714 27960.4
0.0442717 27195.6
0.0455037 26370.9
0.046879 25488.3
0.0484033 24554.6
0.0500728 23582.9
0.0518737 22591.4
0.0537844 21600.2
0.0557797 20626.8
0.0578358 19684.3
0.0599334 18781.1
0.0620581 17921.4
0.0642001 17106.6
0.0663529 16336.3
0.0685124 15609.1
0.070676 14922.9
0.0728421 14275.8
0.0750098 13665.5
0.0771784 13089.9
0.0793476 12547.1
0.0815171 12035.3
0.0836868 11552.8
0.0858567 11098.1
0.0880266 10669.8
0.0901967 10266.2
0.0923667 9885.36
0.0945368 9525.55
0.0967068 9185.11
0.0988769 8862.55
0.101047 8556.53
0.103217 8265.86
0.105387 7989.44
0.107557 7726.25
0.109728 7475.41
0.111898 7236.06
0.114068 7007.46
0.116238 6788.9
0.118408 6579.75
0.120578 6379.41
0.122748 6187.35
0.124918 6003.07
0.127089 5826.17
0.129259 5656.29
0.131429 5493.08
0.133599 5336.21
0.135769 5185.39
0.137939 5040.34
0.14011 4900.79
0.14228 4766.51
0.14445 4637.26
0.14662 4512.83
0.14879 4393.02
0.15096 4277.64
0.153131 4166.5
0.155301 4059.45
0.157471 3956.31
0.159641 3856.95
0.161811 3761.18
0.163981 3668.82
0.166152 3579.73
0.168322 3493.75
0.170492 3410.73
0.172662 3330.54
0.174832 3253.06
0.177002 3178.17
0.179173 3105.74
0.181343 3035.68
0.183513 2967.88
0.185683 2902.25
0.187853 2838.7
0.190024 2777.14
0.192194 2717.49
0.194364 2659.67
0.196534 2603.6
0.198704 2549.19
0.200874 2496.38
0.203045 2445.09
0.205215 2395.24
0.207385 2346.79
0.209555 2299.65
0.211725 2253.78
0.213896 2209.12
0.216066 2165.61
0.218236 2123.2
0.220406 2081.85
0.222576 2041.51
0.224747 2002.14
0.226917 1963.68
0.229087 1926.11
0.231257 1889.43
0.233427 1853.64
0.235598 1818.78
0.237768 1784.84
0.239938 1751.85
0.242108 1719.81
0.244278 1688.73
0.246449 1658.64
0.248619 1629.52
0.250789 1601.4
0.252959 1574.28
0.255129 1548.16
0.257299 1523.06
0.25947 1498.97
0.26164 1475.9
0.26381 1452.77
0.26598 1429.08
0.26815 1405.47
0.270321 1381.98
0.272491 1358.67
0.274661 1335.65
0.276831 1313.05
0.279001 1290.96
0.281172 1269.48
0.283342 1248.66
0.285512 1228.53
0.287682 1209.06
0.289852 1190.25
0.292023 1172.06
0.294193 1154.46
0.296363 1137.4
0.298533 1120.83
0.300703 1104.66
0.302874 1088.82
0.305044 1073.23
0.307214 1057.84
0.309384 1042.63
0.311554 1027.58
0.313725 1012.71
0.315895 998.02
0.318065 983.528
0.320235 969.248
0.322406 955.2
0.324576 941.41
0.326746 927.909
0.328916 914.729
0.331086 901.891
0.333257 889.402
0.335427 877.251
0.337597 865.411
0.339767 853.853
0.341937 842.547
0.344108 831.472
0.346278 820.607
0.348448 809.937
0.350618 799.444
0.352788 789.108
0.354959 778.913
0.357129 768.847
0.359299 758.91
0.361469 749.111
0.363639 739.464
0.36581 729.983
0.36798 720.676
0.37015 711.543
0.37232 702.582
0.37449 693.788
0.376661 685.16
0.378831 676.697
0.381001 668.403
0.383171 660.276
0.385341 652.31
0.387512 644.493
0.389682 636.812
0.391852 629.254
0.394022 621.812
0.396192 614.484
0.398363 607.268
0.400533 600.166
0.402703 593.174
0.404873 586.287
0.407043 579.5
0.409214 572.807
0.411384 566.211
0.413554 559.714
0.415724 553.324
0.417895 547.044
0.420065 540.873
0.422235 534.809
0.424405 528.844
0.426575 522.973
0.428746 517.195
0.430916 511.508
0.433086 505.914
0.435256 500.412
0.437426 494.999
0.439597 489.667
0.441767 484.411
0.443937 479.227
0.446107 474.112
0.448277 469.069
0.450448 464.099
0.452618 459.204
0.454788 454.384
0.456958 449.634
0.459128 444.95
0.461299 440.33
0.463469 435.775
0.465639 431.285
0.467809 426.863
0.46998 422.51
0.47215 418.224
0.47432 414.002
0.47649 409.838
0.47866 405.73
0.480831 401.676
0.483001 397.679
0.485171 393.739
0.487341 389.856
0.489511 386.028
0.491682 382.253
0.493852 378.526
0.496022 374.845
0.498192 371.211
0.500362 367.625
0.502533 364.09
0.504703 360.604
0.506873 357.168
0.509043 353.777
0.511213 350.43
0.513384 347.125
0.515554 343.861
0.517724 340.64
0.519894 337.464
0.522065 334.331
0.524235 331.241
0.526405 328.191
0.528575 325.179
0.530745 322.202
0.532916 319.261
0.535086 316.358
0.537256 313.493
0.539426 310.666
0.541596 307.876
0.543767 305.12
0.545937 302.397
0.548107 299.706
0.550277 297.046
0.552447 294.419
0.554618 291.826
0.556788 289.268
0.558958 286.741
0.561128 284.246
0.563298 281.779
0.565469 279.34
0.567639 276.929
0.569809 274.548
0.571979 272.197
0.57415 269.875
0.57632 267.583
0.57849 265.317
0.58066 263.076
0.58283 260.86
0.585001 258.668
0.587171 256.502
0.589341 254.364
0.591511 252.251
0.593681 250.164
0.595852 248.1
0.598022 246.059
0.600192 244.039
0.602362 242.042
0.604532 240.068
0.606703 238.117
0.608873 236.191
0.611043 234.287
0.613213 232.403
0.615384 230.54
0.617554 228.696
0.619724 226.872
0.621894 225.068
0.624064 223.286
0.626235 221.525
0.628405 219.783
0.630575 218.061
0.632745 216.355
0.634915 214.667
0.637086 212.997
0.639256 211.346
0.641426 209.713
0.643596 208.099
0.645766 206.503
0.647937 204.923
0.650107 203.359
0.652277 201.811
0.654447 200.278
0.656618 198.763
0.658788 197.264
0.660958 195.782
0.663128 194.316
0.665298 192.865
0.667469 191.427
0.669639 190.004
0.671809 188.595
0.673979 187.201
0.676149 185.822
0.67832 184.459
0.68049 183.109
0.68266 181.773
0.68483 180.449
0.687 179.138
0.689171 177.84
0.691341 176.555
0.693511 175.285
0.695681 174.027
0.697852 172.783
0.700022 171.55
0.702192 170.329
0.704362 169.119
0.706532 167.92
0.708703 166.734
0.710873 165.561
0.713043 164.4
0.715213 163.25
0.717383 162.111
0.719554 160.981
0.721724 159.863
0.723894 158.755
0.726064 157.658
0.728234 156.572
0.730405 155.498
0.732575 154.433
0.734745 153.379
0.736915 152.333
0.739086 151.297
0.741256 150.271
0.743426 149.255
0.745596 148.249
0.747766 147.253
0.749937 146.266
0.752107 145.288
0.754277 144.318
0.756447 143.357
0.758617 142.405
0.760788 141.462
0.762958 140.529
0.765128 139.604
0.767298 138.688
0.769468 137.78
0.771639 136.879
0.773809 135.986
0.775979 135.102
0.778149 134.225
0.78032 133.358
0.78249 132.498
0.78466 131.646
0.78683 130.801
0.789 129.963
0.791171 129.133
0.793341 128.309
0.795511 127.494
0.797681 126.686
0.799851 125.886
0.802022 125.093
0.804192 124.306
0.806362 123.525
0.808532 122.751
0.810703 121.984
0.812873 121.224
0.815043 120.471
0.817213 119.724
0.819383 118.985
0.821554 118.25
0.823724 117.522
0.825894 116.8
0.828064 116.084
0.830234 115.375
0.832405 114.672
0.834575 113.975
0.836745 113.284
0.838915 112.598
0.841085 111.918
0.843256 111.243
0.845426 110.574
0.847596 109.911
