9.54919e-07 3.16765e-09
9.772e-07 3.16513e-09
1e-06 3.16261e-09
1.02333e-06 3.16009e-09
1.04721e-06 3.15757e-09
1.07164e-06 3.15505e-09
1.09665e-06 3.15254e-09
1.12223e-06 3.15002e-09
1.14842e-06 3.14751e-09
1.17521e-06 3.14501e-09
1.20263e-06 3.1425e-09
1.23069e-06 3.13999e-09
1.25941e-06 3.13749e-09
1.28879e-06 3.13499e-09
1.31886e-06 3.13249e-09
1.34964e-06 3.13e-09
1.38113e-06 3.1275e-09
1.41335e-06 3.12501e-09
1.44633e-06 3.12252e-09
1.48008e-06 3.12003e-09
1.51461e-06 3.11754e-09
1.54995e-06 3.11506e-09
1.58611e-06 3.11258e-09
1.62312e-06 3.1101e-09
1.66099e-06 3.10762e-09
1.69975e-06 3.10514e-09
1.7394e-06 3.10267e-09
1.77999e-06 3.10019e-09
1.82152e-06 3.09772e-09
1.86402e-06 3.09526e-09
1.90751e-06 3.09279e-09
1.95202e-06 3.09032e-09
1.99756e-06 3.08786e-09
2.04417e-06 3.0854e-09
2.09187e-06 3.08294e-09
2.14068e-06 3.08048e-09
2.19062e-06 3.07803e-09
2.24174e-06 3.07558e-09
2.29404e-06 3.07313e-09
2.34757e-06 3.07068e-09
2.40234e-06 3.06823e-09
2.45839e-06 3.06578e-09
2.51575e-06 3.06334e-09
2.57445e-06 3.0609e-09
2.63452e-06 3.05846e-09
2.69599e-06 3.05602e-09
2.75889e-06 3.05359e-09
2.82326e-06 3.05115e-09
2.88914e-06 3.04872e-09
2.95655e-06 3.04629e-09
3.02553e-06 3.04386e-09
3.09612e-06 3.04144e-09
3.16836e-06 3.03901e-09
3.24229e-06 3.03659e-09
3.31794e-06 3.03417e-09
3.39535e-06 3.03175e-09
3.47457e-06 3.02934e-09
3.55564e-06 3.02692e-09
3.6386e-06 3.02451e-09
3.7235e-06 3.0221e-09
3.81038e-06 3.01969e-09
3.89928e-06 3.01729e-09
3.99026e-06 3.01488e-09
4.08337e-06 3.01248e-09
4.17864e-06 3.01008e-09
4.27614e-06 3.00768e-09
4.37591e-06 3.00528e-09
4.47801e-06 3.00289e-09
4.58249e-06 3.00049e-09
4.68941e-06 2.9981e-09
4.79883e-06 2.99571e-09
4.9108e-06 2.99333e-09
5.02538e-06 2.99094e-09
5.14263e-06 2.98856e-09
5.26262e-06 2.98618e-09
5.38541e-06 2.9838e-09
5.51106e-06 2.98142e-09
5.63965e-06 2.97904e-09
5.77124e-06 2.97667e-09
5.90589e-06 2.9743e-09
6.04369e-06 2.97193e-09
6.1847e-06 2.96956e-09
6.32901e-06 2.96719e-09
6.47668e-06 2.96483e-09
6.62779e-06 2.96246e-09
6.78244e-06 2.9601e-09
6.94069e-06 2.95774e-09
7.10263e-06 2.95539e-09
7.26835e-06 2.95303e-09
7.43794e-06 2.95068e-09
7.61148e-06 2.94833e-09
7.78907e-06 2.94598e-09
7.97081e-06 2.94363e-09
8.15679e-06 2.94128e-09
8.34711e-06 2.93894e-09
8.54186e-06 2.9366e-09
8.74116e-06 2.93426e-09
8.94512e-06 2.93192e-09
9.15383e-06 2.92958e-09
9.36741e-06 2.92725e-09
9.58597e-06 2.92491e-09
9.80963e-06 2.92258e-09
1.00385e-05 2.92025e-09
1.02727e-05 2.91793e-09
1.05124e-05 2.9156e-09
1.07577e-05 2.91328e-09
1.10087e-05 2.91096e-09
1.12656e-05 2.90864e-09
1.15284e-05 2.90632e-09
1.17974e-05 2.904e-09
1.20727e-05 2.90169e-09
1.23543e-05 2.89937e-09
1.26426e-05 2.89706e-09
1.29376e-05 2.89476e-09
1.32394e-05 2.89245e-09
1.35484e-05 2.89014e-09
1.38645e-05 2.88784e-09
1.4188e-05 2.88554e-09
1.4519e-05 2.88324e-09
1.48578e-05 2.88094e-09
1.52044e-05 2.87864e-09
1.55592e-05 2.87635e-09
1.59222e-05 2.87406e-09
1.62937e-05 2.87177e-09
1.66739e-05 2.86948e-09
1.70629e-05 2.86719e-09
1.7461e-05 2.86491e-09
1.78684e-05 2.86262e-09
1.82854e-05 2.86034e-09
1.8712e-05 2.85806e-09
1.91486e-05 2.85579e-09
1.95954e-05 2.85351e-09
2.00526e-05 2.85124e-09
2.05205e-05 2.84896e-09
2.09992e-05 2.84669e-09
2.14892e-05 2.84442e-09
2.19906e-05 2.84216e-09
2.25037e-05 2.83989e-09
2.30288e-05 2.83763e-09
2.35661e-05 2.83537e-09
2.41159e-05 2.83311e-09
2.46786e-05 2.83085e-09
2.52544e-05 2.82859e-09
2.58437e-05 2.82634e-09
2.64466e-05 2.82409e-09
2.70637e-05 2.82184e-09
2.76952e-05 2.81959e-09
2.83414e-05 2.81734e-09
2.90026e-05 2.8151e-09
2.96793e-05 2.81285e-09
3.03718e-05 2.81061e-09
3.10805e-05 2.80837e-09
3.18056e-05 2.80613e-09
3.25477e-05 2.8039e-09
3.33072e-05 2.80166e-09
3.40843e-05 2.79943e-09
3.48796e-05 2.7972e-09
3.56934e-05 2.79497e-09
3.65262e-05 2.79274e-09
3.73784e-05 2.79052e-09
3.82506e-05 2.78829e-09
3.9143e-05 2.78607e-09
4.00563e-05 2.78385e-09
4.09909e-05 2.78163e-09
4.19473e-05 2.77941e-09
4.29261e-05 2.7772e-09
4.39276e-05 2.77499e-09
4.49526e-05 2.77277e-09
4.60014e-05 2.77056e-09
4.70747e-05 2.76836e-09
4.81731e-05 2.76615e-09
4.92971e-05 2.76395e-09
5.04473e-05 2.76174e-09
5.16244e-05 2.75954e-09
5.28289e-05 2.75734e-09
5.40615e-05 2.75515e-09
5.53229e-05 2.75295e-09
5.66137e-05 2.75076e-09
5.79346e-05 2.74856e-09
5.92864e-05 2.74637e-09
6.06697e-05 2.74418e-09
6.20852e-05 2.742e-09
6.35338e-05 2.73981e-09
6.50162e-05 2.73763e-09
6.65332e-05 2.73545e-09
6.80856e-05 2.73327e-09
6.96742e-05 2.73109e-09
7.12998e-05 2.72891e-09
7.29634e-05 2.72674e-09
7.46658e-05 2.72456e-09
7.6408e-05 2.72239e-09
7.81907e-05 2.72022e-09
8.00151e-05 2.71806e-09
8.1882e-05 2.71589e-09
8.37925e-05 2.71373e-09
8.57476e-05 2.71156e-09
8.77483e-05 2.7094e-09
8.97957e-05 2.70724e-09
9.18908e-05 2.70509e-09
9.40348e-05 2.70293e-09
9.62289e-05 2.70078e-09
9.84741e-05 2.69862e-09
0.000100772 2.69647e-09
0.000103123 2.69432e-09
0.000105529 2.69218e-09
0.000107991 2.69003e-09
0.000110511 2.68789e-09
0.00011309 2.68574e-09
0.000115728 2.6836e-09
0.000118428 2.68147e-09
0.000121192 2.67933e-09
0.000124019 2.67719e-09
0.000126913 2.67506e-09
0.000129874 2.67293e-09
0.000132904 2.6708e-09
0.000136005 2.66867e-09
0.000139179 2.66654e-09
0.000142426 2.66442e-09
0.000145749 2.66229e-09
0.00014915 2.66017e-09
0.00015263 2.65805e-09
0.000156191 2.65593e-09
0.000159835 2.65382e-09
0.000163565 2.6517e-09
0.000167381 2.64959e-09
0.000171286 2.64748e-09
0.000175283 2.64537e-09
0.000179373 2.64326e-09
0.000183558 2.64115e-09
0.000187841 2.63905e-09
0.000192223 2.63694e-09
0.000196708 2.63484e-09
0.000201298 2.63274e-09
0.000205995 2.63065e-09
0.000210801 2.62855e-09
0.00021572 2.62645e-09
0.000220753 2.62436e-09
0.000225904 2.62227e-09
0.000231174 2.62018e-09
0.000236568 2.61809e-09
0.000242088 2.61601e-09
0.000247736 2.61392e-09
0.000253517 2.61184e-09
0.000259432 2.60976e-09
0.000265485 2.60768e-09
0.000271679 2.6056e-09
0.000278018 2.60352e-09
0.000284505 2.60145e-09
0.000291143 2.59937e-09
0.000297936 2.5973e-09
0.000304888 2.59523e-09
0.000312002 2.59316e-09
0.000319281 2.5911e-09
0.000326731 2.58903e-09
0.000334354 2.58697e-09
0.000342156 2.58491e-09
0.000350139 2.58285e-09
0.000358308 2.58079e-09
0.000366669 2.57873e-09
0.000375224 2.57668e-09
0.000383979 2.57462e-09
0.000392938 2.57257e-09
0.000402106 2.57052e-09
0.000411488 2.56847e-09
0.000421089 2.56643e-09
0.000430914 2.56438e-09
0.000440968 2.56234e-09
0.000451257 2.56029e-09
0.000461786 2.55825e-09
0.000472561 2.55622e-09
0.000483586 2.55418e-09
0.00049487 2.55214e-09
0.000506416 2.55011e-09
0.000518232 2.54808e-09
0.000530324 2.54605e-09
0.000542697 2.54402e-09
0.00055536 2.54199e-09
0.000568317 2.53996e-09
0.000581578 2.53794e-09
0.000595147 2.53592e-09
0.000609033 2.5339e-09
0.000623244 2.53188e-09
0.000637785 2.52986e-09
0.000652666 2.52784e-09
0.000667894 2.52583e-09
0.000683478 2.52382e-09
0.000699425 2.5218e-09
0.000715744 2.51979e-09
0.000732444 2.51779e-09
0.000749534 2.51578e-09
0.000767022 2.51377e-09
0.000784919 2.51177e-09
0.000803233 2.50977e-09
0.000821974 2.50777e-09
0.000841153 2.50577e-09
0.000860779 2.50377e-09
0.000880863 2.50178e-09
0.000901415 2.49978e-09
0.000922447 2.49779e-09
0.00094397 2.4958e-09
0.000965995 2.49381e-09
0.000988534 2.49183e-09
0.0010116 2.48984e-09
0.0010352 2.48786e-09
0.00105936 2.48587e-09
0.00108407 2.48389e-09
0.00110937 2.48191e-09
0.00113525 2.47993e-09
0.00116174 2.47796e-09
0.00118884 2.47598e-09
0.00121658 2.47401e-09
0.00124497 2.47204e-09
0.00127402 2.47007e-09
0.00130374 2.4681e-09
0.00133416 2.46613e-09
0.00136529 2.46417e-09
0.00139715 2.4622e-09
0.00142975 2.46024e-09
0.0014631 2.45828e-09
0.00149724 2.45632e-09
0.00153218 2.45436e-09
0.00156793 2.45241e-09
0.00160451 2.45045e-09
0.00164195 2.4485e-09
0.00168026 2.44655e-09
0.00171946 2.4446e-09
0.00175958 2.44265e-09
0.00180064 2.4407e-09
0.00184265 2.43876e-09
0.00188564 2.43682e-09
0.00192964 2.43487e-09
0.00197466 2.43293e-09
0.00202073 2.43099e-09
0.00206788 2.42906e-09
0.00211613 2.42712e-09
0.00216551 2.42519e-09
0.00221603 2.42325e-09
0.00226774 2.42132e-09
0.00232065 2.41939e-09
0.00237479 2.41747e-09
0.0024302 2.41554e-09
0.00248691 2.41361e-09
0.00254493 2.41169e-09
0.00260431 2.40977e-09
0.00266508 2.40785e-09
0.00272726 2.40593e-09
0.00279089 2.40401e-09
0.00285601 2.4021e-09
0.00292265 2.40018e-09
0.00299084 2.39827e-09
0.00306062 2.39636e-09
0.00313203 2.39445e-09
0.00320511 2.39254e-09
0.00327989 2.39063e-09
0.00335642 2.38873e-09
0.00343473 2.38682e-09
0.00351487 2.38492e-09
0.00359688 2.38302e-09
0.00368081 2.38112e-09
0.00376669 2.37922e-09
0.00385458 2.37733e-09
0.00394451 2.37543e-09
0.00403655 2.37354e-09
0.00413073 2.37165e-09
0.00422711 2.36976e-09
0.00432574 2.36787e-09
0.00442667 2.36598e-09
0.00452995 2.3641e-09
0.00463565 2.36221e-09
0.00474381 2.36033e-09
0.00485449 2.35845e-09
0.00496776 2.35657e-09
0.00508367 2.35469e-09
0.00520228 2.35282e-09
0.00532366 2.35094e-09
0.00544787 2.34907e-09
0.00557499 2.3472e-09
0.00570506 2.34532e-09
0.00583818 2.34346e-09
0.00597439 2.34159e-09
0.00611379 2.33972e-09
0.00625644 2.33786e-09
0.00640242 2.33599e-09
0.0065518 2.33413e-09
0.00670467 2.33227e-09
0.0068611 2.33041e-09
0.00702119 2.32856e-09
0.00718501 2.3267e-09
0.00735265 2.32485e-09
0.00752421 2.32299e-09
0.00769976 2.32114e-09
0.00787942 2.31929e-09
0.00806326 2.31744e-09
0.0082514 2.3156e-09
0.00844392 2.31375e-09
0.00864094 2.31191e-09
0.00884255 2.31007e-09
0.00904887 2.30822e-09
0.00926 2.30638e-09
0.00947606 2.30455e-09
0.00969716 2.30271e-09
0.00992341 2.30088e-09
0.010155 2.29904e-09
0.0103919 2.29721e-09
0.0106344 2.29538e-09
0.0108825 2.29355e-09
0.0111364 2.29172e-09
0.0113962 2.28989e-09
0.0116621 2.28807e-09
0.0119342 2.28625e-09
0.0122127 2.28442e-09
0.0124976 2.2826e-09
0.0127892 2.28078e-09
0.0130876 2.27897e-09
0.013393 2.27715e-09
0.0137055 2.27534e-09
0.0140253 2.27352e-09
0.0143525 2.27171e-09
0.0146874 2.2699e-09
0.0150301 2.26809e-09
0.0153808 2.26628e-09
0.0157396 2.26448e-09
0.0161069 2.26267e-09
0.0164827 2.26087e-09
0.0168673 2.25907e-09
0.0172608 2.25727e-09
0.0176636 2.25547e-09
0.0180757 2.25367e-09
0.0184974 2.25188e-09
0.018929 2.25008e-09
0.0193707 2.24829e-09
0.0198227 2.2465e-09
0.0202852 2.24471e-09
0.0207585 2.24292e-09
0.0212428 2.24113e-09
0.0217385 2.23934e-09
0.0222457 2.23756e-09
0.0227647 2.23578e-09
0.0232959 2.23399e-09
0.0238394 2.23221e-09
0.0243956 2.23043e-09
0.0249648 2.22866e-09
0.0255473 2.22688e-09
0.0261434 2.22511e-09
0.0267534 2.22333e-09
0.0273776 2.22156e-09
0.0280164 2.21979e-09
0.0286701 2.21802e-09
0.029339 2.21625e-09
0.0300236 2.21449e-09
0.0307241 2.21272e-09
0.031441 2.21096e-09
0.0321746 2.2092e-09
0.0329253 2.20744e-09
0.0336935 2.20568e-09
0.0344796 2.20392e-09
0.0352841 2.20216e-09
0.0361074 2.20041e-09
0.0369499 2.19865e-09
0.037812 2.1969e-09
0.0386942 2.19515e-09
0.039597 2.1934e-09
0.0405209 2.19165e-09
0.0414664 2.18991e-09
0.0424339 2.18816e-09
0.043424 2.18642e-09
0.0444372 2.18468e-09
0.045474 2.18294e-09
0.046535 2.1812e-09
0.0476208 2.17946e-09
0.0487319 2.17772e-09
0.0498689 2.17598e-09
0.0510324 2.17425e-09
0.0522232 2.17252e-09
0.0534416 2.17079e-09
0.0546886 2.16906e-09
0.0559646 2.16733e-09
0.0572704 2.1656e-09
0.0586066 2.16387e-09
0.059974 2.16215e-09
0.0613734 2.16043e-09
0.0628054 2.15871e-09
0.0642707 2.15698e-09
0.0657703 2.15527e-09
0.0673049 2.15355e-09
0.0688753 2.15183e-09
0.0704823 2.15012e-09
0.0721268 2.1484e-09
0.0738097 2.14669e-09
0.0755319 2.14498e-09
0.0772942 2.14327e-09
0.0790977 2.14156e-09
0.0809432 2.13986e-09
0.0828318 2.13815e-09
0.0847644 2.13645e-09
0.0867422 2.13474e-09
0.0887661 2.13304e-09
0.0908372 2.13134e-09
0.0929567 2.12964e-09
0.0951255 2.12795e-09
0.097345 2.12625e-09
0.0996163 2.12456e-09
0.101941 2.12286e-09
0.104319 2.12117e-09
0.106753 2.11948e-09
0.109244 2.11779e-09
0.111793 2.11611e-09
0.114401 2.11442e-09
0.11707 2.11273e-09
0.119802 2.11105e-09
0.122597 2.10937e-09
0.125458 2.10769e-09
0.128385 2.10601e-09
0.13138 2.10433e-09
0.134446 2.10265e-09
0.137583 2.10098e-09
0.140793 2.0993e-09
0.144078 2.09763e-09
0.14744 2.09596e-09
0.15088 2.09429e-09
0.1544 2.09262e-09
0.158003 2.09095e-09
0.161689 2.08928e-09
0.165462 2.08762e-09
0.169322 2.08595e-09
0.173273 2.08429e-09
0.177316 2.08263e-09
0.181453 2.08097e-09
0.185687 2.07931e-09
0.190019 2.07766e-09
0.194453 2.076e-09
0.19899 2.07435e-09
0.203633 2.07269e-09
0.208384 2.07104e-09
0.213246 2.06939e-09
0.218222 2.06774e-09
0.223313 2.06609e-09
0.228524 2.06445e-09
0.233856 2.0628e-09
0.239312 2.06116e-09
0.244896 2.05951e-09
0.25061 2.05787e-09
0.256457 2.05623e-09
0.262441 2.05459e-09
0.268564 2.05296e-09
0.274831 2.05132e-09
0.281243 2.04969e-09
0.287805 2.04805e-09
0.29452 2.04642e-09
0.301392 2.04479e-09
0.308424 2.04316e-09
0.315621 2.04153e-09
0.322985 2.0399e-09
0.330521 2.03828e-09
0.338233 2.03665e-09
0.346124 2.03503e-09
0.3542 2.03341e-09
0.362464 2.03179e-09
0.370922 2.03017e-09
0.379576 2.02855e-09
0.388432 2.02694e-09
0.397496 2.02532e-09
0.40677 2.02371e-09
0.416261 2.02209e-09
0.425973 2.02048e-09
0.435912 2.01887e-09
0.446083 2.01726e-09
0.456491 2.01566e-09
0.467142 2.01405e-09
0.478042 2.01244e-09
0.489196 2.01084e-09
0.50061 2.00924e-09
0.51229 2.00764e-09
0.524243 2.00604e-09
0.536475 2.00444e-09
0.548992 2.00284e-09
0.561801 2.00124e-09
0.574909 1.99965e-09
0.588323 1.99806e-09
0.60205 1.99646e-09
0.616097 1.99487e-09
0.630472 1.99328e-09
0.645183 1.99169e-09
0.660236 1.99011e-09
0.675641 1.98852e-09
0.691406 1.98694e-09
0.707538 1.98535e-09
0.724046 1.98377e-09
0.74094 1.98219e-09
0.758228 1.98061e-09
0.775919 1.97903e-09
0.794023 1.97745e-09
0.812549 1.97588e-09
0.831508 1.9743e-09
0.850909 1.97273e-09
0.870763 1.97116e-09
0.89108 1.96959e-09
0.911871 1.96802e-09
0.933147 1.96645e-09
0.954919 1.96488e-09
0.9772 1.96332e-09
1 1.96175e-09
1.02333 1.96019e-09
1.04721 1.95863e-09
