3.85662e-07 2.80953e-09
6.21017e-07 2.78624e-09
1e-06 2.76313e-09
1.61026e-06 2.74022e-09
2.59294e-06 2.71749e-09
4.17532e-06 2.69496e-09
6.72336e-06 2.67261e-09
1.08264e-05 2.65045e-09
1.74333e-05 2.62847e-09
2.80722e-05 2.60667e-09
4.52035e-05 2.58505e-09
7.27895e-05 2.56362e-09
0.00011721 2.54236e-09
0.000188739 2.52127e-09
0.00030392 2.50037e-09
0.00048939 2.47963e-09
0.000788046 2.45907e-09
0.00126896 2.43868e-09
0.00204336 2.41845e-09
0.00329034 2.3984e-09
0.00529832 2.37851e-09
0.00853168 2.35878e-09
0.0137382 2.33922e-09
0.0221222 2.31982e-09
0.0356225 2.30059e-09
0.0573615 2.28151e-09
0.0923671 2.26259e-09
0.148735 2.24383e-09
0.239503 2.22522e-09
0.385662 2.20677e-09
0.621017 2.18847e-09
1 2.17032e-09
1.61026 2.15232e-09
2.59294 2.13447e-09
