6.7114e-06 2.87721e-09
6.86793e-06 2.87529e-09
7.02811e-06 2.87336e-09
7.19202e-06 2.87143e-09
7.35976e-06 2.86951e-09
7.53141e-06 2.86759e-09
7.70706e-06 2.86566e-09
7.88681e-06 2.86374e-09
8.07076e-06 2.86182e-09
8.25899e-06 2.85991e-09
8.45161e-06 2.85799e-09
8.64873e-06 2.85608e-09
8.85044e-06 2.85416e-09
9.05686e-06 2.85225e-09
9.26809e-06 2.85034e-09
9.48425e-06 2.84843e-09
9.70545e-06 2.84652e-09
9.93181e-06 2.84461e-09
1.01634e-05 2.8427e-09
1.04005e-05 2.8408e-09
1.06431e-05 2.8389e-09
1.08913e-05 2.83699e-09
1.11453e-05 2.83509e-09
1.14052e-05 2.83319e-09
1.16712e-05 2.83129e-09
1.19434e-05 2.8294e-09
1.2222e-05 2.8275e-09
1.25071e-05 2.82561e-09
1.27988e-05 2.82371e-09
1.30973e-05 2.82182e-09
1.34027e-05 2.81993e-09
1.37153e-05 2.81804e-09
1.40352e-05 2.81615e-09
1.43625e-05 2.81426e-09
1.46975e-05 2.81238e-09
1.50403e-05 2.81049e-09
1.53911e-05 2.80861e-09
1.575e-05 2.80673e-09
1.61174e-05 2.80485e-09
1.64933e-05 2.80297e-09
1.68779e-05 2.80109e-09
1.72716e-05 2.79921e-09
1.76744e-05 2.79734e-09
1.80866e-05 2.79546e-09
1.85085e-05 2.79359e-09
1.89401e-05 2.79172e-09
1.93819e-05 2.78985e-09
1.98339e-05 2.78798e-09
2.02965e-05 2.78611e-09
2.07699e-05 2.78424e-09
2.12543e-05 2.78238e-09
2.175e-05 2.78051e-09
2.22573e-05 2.77865e-09
2.27764e-05 2.77679e-09
2.33076e-05 2.77493e-09
2.38512e-05 2.77307e-09
2.44074e-05 2.77121e-09
2.49767e-05 2.76935e-09
2.55592e-05 2.76749e-09
2.61553e-05 2.76564e-09
2.67653e-05 2.76379e-09
2.73896e-05 2.76193e-09
2.80284e-05 2.76008e-09
2.86821e-05 2.75823e-09
2.9351e-05 2.75639e-09
3.00356e-05 2.75454e-09
3.07361e-05 2.75269e-09
3.1453e-05 2.75085e-09
3.21865e-05 2.749e-09
3.29372e-05 2.74716e-09
3.37054e-05 2.74532e-09
3.44915e-05 2.74348e-09
3.52959e-05 2.74164e-09
3.61191e-05 2.73981e-09
3.69615e-05 2.73797e-09
3.78236e-05 2.73614e-09
3.87057e-05 2.7343e-09
3.96085e-05 2.73247e-09
4.05323e-05 2.73064e-09
4.14776e-05 2.72881e-09
4.2445e-05 2.72698e-09
4.34349e-05 2.72515e-09
4.44479e-05 2.72333e-09
4.54846e-05 2.7215e-09
4.65454e-05 2.71968e-09
4.7631e-05 2.71786e-09
4.87419e-05 2.71603e-09
4.98787e-05 2.71421e-09
5.1042e-05 2.7124e-09
5.22324e-05 2.71058e-09
5.34506e-05 2.70876e-09
5.46972e-05 2.70695e-09
5.59729e-05 2.70513e-09
5.72784e-05 2.70332e-09
5.86143e-05 2.70151e-09
5.99813e-05 2.6997e-09
6.13803e-05 2.69789e-09
6.28118e-05 2.69608e-09
6.42768e-05 2.69427e-09
6.57759e-05 2.69247e-09
6.731e-05 2.69066e-09
6.88798e-05 2.68886e-09
7.04863e-05 2.68706e-09
7.21302e-05 2.68526e-09
7.38125e-05 2.68346e-09
7.5534e-05 2.68166e-09
7.72957e-05 2.67986e-09
7.90985e-05 2.67807e-09
8.09433e-05 2.67627e-09
8.28311e-05 2.67448e-09
8.47629e-05 2.67269e-09
8.67399e-05 2.6709e-09
8.87629e-05 2.66911e-09
9.08331e-05 2.66732e-09
9.29516e-05 2.66553e-09
9.51195e-05 2.66374e-09
9.73379e-05 2.66196e-09
9.96081e-05 2.66018e-09
0.000101931 2.65839e-09
0.000104309 2.65661e-09
0.000106741 2.65483e-09
0.000109231 2.65305e-09
0.000111778 2.65127e-09
0.000114385 2.6495e-09
0.000117053 2.64772e-09
0.000119783 2.64595e-09
0.000122577 2.64418e-09
0.000125436 2.6424e-09
0.000128361 2.64063e-09
0.000131355 2.63886e-09
0.000134419 2.63709e-09
0.000137554 2.63533e-09
0.000140762 2.63356e-09
0.000144045 2.6318e-09
0.000147404 2.63003e-09
0.000150842 2.62827e-09
0.00015436 2.62651e-09
0.00015796 2.62475e-09
0.000161644 2.62299e-09
0.000165414 2.62123e-09
0.000169272 2.61948e-09
0.00017322 2.61772e-09
0.00017726 2.61597e-09
0.000181394 2.61421e-09
0.000185625 2.61246e-09
0.000189954 2.61071e-09
0.000194385 2.60896e-09
0.000198918 2.60721e-09
0.000203558 2.60547e-09
0.000208305 2.60372e-09
0.000213163 2.60198e-09
0.000218135 2.60023e-09
0.000223222 2.59849e-09
0.000228429 2.59675e-09
0.000233756 2.59501e-09
0.000239208 2.59327e-09
0.000244787 2.59153e-09
0.000250496 2.58979e-09
0.000256339 2.58806e-09
0.000262317 2.58632e-09
0.000268435 2.58459e-09
0.000274696 2.58286e-09
0.000281102 2.58113e-09
0.000287659 2.5794e-09
0.000294368 2.57767e-09
0.000301233 2.57594e-09
0.000308259 2.57422e-09
0.000315448 2.57249e-09
0.000322805 2.57077e-09
0.000330334 2.56905e-09
0.000338038 2.56732e-09
0.000345922 2.5656e-09
0.00035399 2.56388e-09
0.000362246 2.56217e-09
0.000370695 2.56045e-09
0.00037934 2.55873e-09
0.000388188 2.55702e-09
0.000397241 2.55531e-09
0.000406506 2.55359e-09
0.000415987 2.55188e-09
0.000425689 2.55017e-09
0.000435617 2.54846e-09
0.000445777 2.54676e-09
0.000456174 2.54505e-09
0.000466813 2.54334e-09
0.000477701 2.54164e-09
0.000488842 2.53994e-09
0.000500243 2.53823e-09
0.00051191 2.53653e-09
0.000523849 2.53483e-09
0.000536067 2.53313e-09
0.00054857 2.53144e-09
0.000561364 2.52974e-09
0.000574457 2.52805e-09
0.000587854 2.52635e-09
0.000601565 2.52466e-09
0.000615595 2.52297e-09
0.000629953 2.52128e-09
0.000644645 2.51959e-09
0.00065968 2.5179e-09
0.000675065 2.51621e-09
0.00069081 2.51452e-09
0.000706921 2.51284e-09
0.000723409 2.51116e-09
0.000740281 2.50947e-09
0.000757546 2.50779e-09
0.000775214 2.50611e-09
0.000793295 2.50443e-09
0.000811796 2.50275e-09
0.00083073 2.50108e-09
0.000850105 2.4994e-09
0.000869932 2.49772e-09
0.000890221 2.49605e-09
0.000910983 2.49438e-09
0.00093223 2.49271e-09
0.000953972 2.49104e-09
0.000976222 2.48937e-09
0.00099899 2.4877e-09
0.00102229 2.48603e-09
0.00104613 2.48437e-09
0.00107053 2.4827e-09
0.0010955 2.48104e-09
0.00112105 2.47937e-09
0.00114719 2.47771e-09
0.00117395 2.47605e-09
0.00120133 2.47439e-09
0.00122935 2.47274e-09
0.00125802 2.47108e-09
0.00128736 2.46942e-09
0.00131739 2.46777e-09
0.00134811 2.46611e-09
0.00137955 2.46446e-09
0.00141173 2.46281e-09
0.00144465 2.46116e-09
0.00147835 2.45951e-09
0.00151283 2.45786e-09
0.00154811 2.45622e-09
0.00158422 2.45457e-09
0.00162116 2.45292e-09
0.00165897 2.45128e-09
0.00169767 2.44964e-09
0.00173726 2.448e-09
0.00177778 2.44636e-09
0.00181924 2.44472e-09
0.00186167 2.44308e-09
0.00190509 2.44144e-09
0.00194952 2.43981e-09
0.00199499 2.43817e-09
0.00204152 2.43654e-09
0.00208913 2.4349e-09
0.00213786 2.43327e-09
0.00218772 2.43164e-09
0.00223874 2.43001e-09
0.00229096 2.42838e-09
0.00234439 2.42676e-09
0.00239907 2.42513e-09
0.00245502 2.4235e-09
0.00251228 2.42188e-09
0.00257087 2.42026e-09
0.00263083 2.41864e-09
0.00269219 2.41702e-09
0.00275498 2.4154e-09
0.00281923 2.41378e-09
0.00288499 2.41216e-09
0.00295227 2.41054e-09
0.00302113 2.40893e-09
0.00309159 2.40731e-09
0.00316369 2.4057e-09
0.00323748 2.40409e-09
0.00331299 2.40248e-09
0.00339025 2.40087e-09
0.00346932 2.39926e-09
0.00355024 2.39765e-09
0.00363304 2.39604e-09
0.00371777 2.39444e-09
0.00380448 2.39283e-09
0.00389321 2.39123e-09
0.00398401 2.38963e-09
0.00407693 2.38803e-09
0.00417202 2.38643e-09
0.00426932 2.38483e-09
0.00436889 2.38323e-09
0.00447079 2.38163e-09
0.00457506 2.38004e-09
0.00468176 2.37844e-09
0.00479096 2.37685e-09
0.0049027 2.37525e-09
0.00501704 2.37366e-09
0.00513405 2.37207e-09
0.00525379 2.37048e-09
0.00537633 2.36889e-09
0.00550172 2.36731e-09
0.00563003 2.36572e-09
0.00576134 2.36413e-09
0.00589571 2.36255e-09
0.00603322 2.36097e-09
0.00617393 2.35939e-09
0.00631792 2.3578e-09
0.00646527 2.35622e-09
0.00661606 2.35465e-09
0.00677037 2.35307e-09
0.00692827 2.35149e-09
0.00708986 2.34991e-09
0.00725521 2.34834e-09
0.00742443 2.34677e-09
0.00759758 2.34519e-09
0.00777478 2.34362e-09
0.00795611 2.34205e-09
0.00814167 2.34048e-09
0.00833156 2.33891e-09
0.00852587 2.33735e-09
0.00872472 2.33578e-09
0.00892821 2.33422e-09
0.00913644 2.33265e-09
0.00934952 2.33109e-09
0.00956758 2.32953e-09
0.00979072 2.32796e-09
0.0100191 2.3264e-09
0.0102527 2.32485e-09
0.0104919 2.32329e-09
0.0107366 2.32173e-09
0.010987 2.32017e-09
0.0112432 2.31862e-09
0.0115054 2.31707e-09
0.0117738 2.31551e-09
0.0120484 2.31396e-09
0.0123294 2.31241e-09
0.0126169 2.31086e-09
0.0129112 2.30931e-09
0.0132123 2.30777e-09
0.0135205 2.30622e-09
0.0138358 2.30467e-09
0.0141585 2.30313e-09
0.0144887 2.30159e-09
0.0148266 2.30004e-09
0.0151724 2.2985e-09
0.0155263 2.29696e-09
0.0158884 2.29542e-09
0.016259 2.29388e-09
0.0166382 2.29235e-09
0.0170262 2.29081e-09
0.0174233 2.28928e-09
0.0178297 2.28774e-09
0.0182455 2.28621e-09
0.0186711 2.28468e-09
0.0191065 2.28315e-09
0.0195522 2.28162e-09
0.0200082 2.28009e-09
0.0204748 2.27856e-09
0.0209524 2.27703e-09
0.021441 2.27551e-09
0.0219411 2.27398e-09
0.0224528 2.27246e-09
0.0229765 2.27094e-09
0.0235124 2.26941e-09
0.0240607 2.26789e-09
0.0246219 2.26637e-09
0.0251961 2.26485e-09
0.0257838 2.26334e-09
0.0263851 2.26182e-09
0.0270005 2.2603e-09
0.0276302 2.25879e-09
0.0282747 2.25728e-09
0.0289341 2.25576e-09
0.0296089 2.25425e-09
0.0302995 2.25274e-09
0.0310062 2.25123e-09
0.0317293 2.24972e-09
0.0324693 2.24821e-09
0.0332266 2.24671e-09
0.0340015 2.2452e-09
0.0347946 2.2437e-09
0.0356061 2.24219e-09
0.0364365 2.24069e-09
0.0372863 2.23919e-09
0.0381559 2.23769e-09
0.0390458 2.23619e-09
0.0399565 2.23469e-09
0.0408884 2.23319e-09
0.041842 2.2317e-09
0.0428179 2.2302e-09
0.0438165 2.22871e-09
0.0448385 2.22721e-09
0.0458842 2.22572e-09
0.0469544 2.22423e-09
0.0480495 2.22274e-09
0.0491701 2.22125e-09
0.0503169 2.21976e-09
0.0514904 2.21827e-09
0.0526914 2.21679e-09
0.0539203 2.2153e-09
0.0551778 2.21382e-09
0.0564647 2.21233e-09
0.0577817 2.21085e-09
0.0591293 2.20937e-09
0.0605084 2.20789e-09
0.0619196 2.20641e-09
0.0633637 2.20493e-09
0.0648415 2.20345e-09
0.0663538 2.20198e-09
0.0679014 2.2005e-09
0.069485 2.19903e-09
0.0711056 2.19755e-09
0.072764 2.19608e-09
0.0744611 2.19461e-09
0.0761977 2.19314e-09
0.0779749 2.19167e-09
0.0797935 2.1902e-09
0.0816545 2.18873e-09
0.0835589 2.18727e-09
0.0855077 2.1858e-09
0.087502 2.18434e-09
0.0895428 2.18287e-09
0.0916312 2.18141e-09
0.0937683 2.17995e-09
0.0959552 2.17849e-09
0.0981932 2.17703e-09
0.100483 2.17557e-09
0.102827 2.17411e-09
0.105225 2.17265e-09
0.107679 2.1712e-09
0.110191 2.16974e-09
0.112761 2.16829e-09
0.11539 2.16684e-09
0.118082 2.16538e-09
0.120836 2.16393e-09
0.123654 2.16248e-09
0.126538 2.16103e-09
0.129489 2.15958e-09
0.132509 2.15814e-09
0.1356 2.15669e-09
0.138762 2.15525e-09
0.141999 2.1538e-09
0.14531 2.15236e-09
0.148699 2.15092e-09
0.152167 2.14948e-09
0.155716 2.14803e-09
0.159348 2.1466e-09
0.163065 2.14516e-09
0.166868 2.14372e-09
0.17076 2.14228e-09
0.174742 2.14085e-09
0.178818 2.13941e-09
0.182988 2.13798e-09
0.187256 2.13655e-09
0.191623 2.13511e-09
0.196093 2.13368e-09
0.200666 2.13225e-09
0.205346 2.13082e-09
0.210135 2.1294e-09
0.215036 2.12797e-09
0.220052 2.12654e-09
0.225184 2.12512e-09
0.230436 2.1237e-09
0.23581 2.12227e-09
0.24131 2.12085e-09
0.246938 2.11943e-09
0.252697 2.11801e-09
0.258591 2.11659e-09
0.264622 2.11517e-09
0.270794 2.11375e-09
0.277109 2.11234e-09
0.283572 2.11092e-09
0.290186 2.10951e-09
0.296954 2.10809e-09
0.30388 2.10668e-09
0.310967 2.10527e-09
0.31822 2.10386e-09
0.325642 2.10245e-09
0.333236 2.10104e-09
0.341008 2.09963e-09
0.348962 2.09822e-09
0.3571 2.09682e-09
0.365429 2.09541e-09
0.373952 2.09401e-09
0.382674 2.09261e-09
0.391599 2.0912e-09
0.400732 2.0898e-09
0.410078 2.0884e-09
0.419642 2.087e-09
0.429429 2.0856e-09
0.439445 2.08421e-09
0.449694 2.08281e-09
0.460182 2.08141e-09
0.470915 2.08002e-09
0.481898 2.07862e-09
0.493137 2.07723e-09
0.504639 2.07584e-09
0.516408 2.07445e-09
0.528452 2.07306e-09
0.540777 2.07167e-09
0.55339 2.07028e-09
0.566296 2.06889e-09
0.579504 2.06751e-09
0.59302 2.06612e-09
0.606851 2.06474e-09
0.621004 2.06335e-09
