3.85662e-07 3.37675e-09
6.21017e-07 3.32605e-09
1e-06 3.27611e-09
1.61026e-06 3.22693e-09
2.59294e-06 3.17848e-09
4.17532e-06 3.13076e-09
6.72336e-06 3.08375e-09
1.08264e-05 3.03745e-09
1.74333e-05 2.99185e-09
2.80722e-05 2.94693e-09
4.52035e-05 2.90269e-09
7.27895e-05 2.85911e-09
0.00011721 2.81618e-09
0.000188739 2.7739e-09
0.00030392 2.73225e-09
0.00048939 2.69123e-09
0.000788046 2.65083e-09
0.00126896 2.61103e-09
0.00204336 2.57182e-09
0.00329034 2.53321e-09
0.00529832 2.49518e-09
0.00853168 2.45772e-09
0.0137382 2.42082e-09
0.0221222 2.38447e-09
0.0356225 2.34867e-09
0.0573615 2.31341e-09
0.0923671 2.27868e-09
0.148735 2.24446e-09
0.239503 2.21077e-09
0.385662 2.17757e-09
0.621017 2.14488e-09
1 2.11268e-09
1.61026 2.08096e-09
2.59294 2.04972e-09
