9.54919e-07 3.08383e-09
9.772e-07 3.08166e-09
1e-06 3.0795e-09
1.02333e-06 3.07735e-09
1.04721e-06 3.07519e-09
1.07164e-06 3.07303e-09
1.09665e-06 3.07088e-09
1.12223e-06 3.06873e-09
1.14842e-06 3.06658e-09
1.17521e-06 3.06443e-09
1.20263e-06 3.06228e-09
1.23069e-06 3.06014e-09
1.25941e-06 3.05799e-09
1.28879e-06 3.05585e-09
1.31886e-06 3.05371e-09
1.34964e-06 3.05157e-09
1.38113e-06 3.04943e-09
1.41335e-06 3.04729e-09
1.44633e-06 3.04516e-09
1.48008e-06 3.04302e-09
1.51461e-06 3.04089e-09
1.54995e-06 3.03876e-09
1.58611e-06 3.03663e-09
1.62312e-06 3.0345e-09
1.66099e-06 3.03237e-09
1.69975e-06 3.03025e-09
1.7394e-06 3.02812e-09
1.77999e-06 3.026e-09
1.82152e-06 3.02388e-09
1.86402e-06 3.02176e-09
1.90751e-06 3.01965e-09
1.95202e-06 3.01753e-09
1.99756e-06 3.01541e-09
2.04417e-06 3.0133e-09
2.09187e-06 3.01119e-09
2.14068e-06 3.00908e-09
2.19062e-06 3.00697e-09
2.24174e-06 3.00486e-09
2.29404e-06 3.00276e-09
2.34757e-06 3.00065e-09
2.40234e-06 2.99855e-09
2.45839e-06 2.99645e-09
2.51575e-06 2.99435e-09
2.57445e-06 2.99225e-09
2.63452e-06 2.99015e-09
2.69599e-06 2.98806e-09
2.75889e-06 2.98596e-09
2.82326e-06 2.98387e-09
2.88914e-06 2.98178e-09
2.95655e-06 2.97969e-09
3.02553e-06 2.9776e-09
3.09612e-06 2.97552e-09
3.16836e-06 2.97343e-09
3.24229e-06 2.97135e-09
3.31794e-06 2.96926e-09
3.39535e-06 2.96718e-09
3.47457e-06 2.9651e-09
3.55564e-06 2.96303e-09
3.6386e-06 2.96095e-09
3.7235e-06 2.95887e-09
3.81038e-06 2.9568e-09
3.89928e-06 2.95473e-09
3.99026e-06 2.95266e-09
4.08337e-06 2.95059e-09
4.17864e-06 2.94852e-09
4.27614e-06 2.94645e-09
4.37591e-06 2.94439e-09
4.47801e-06 2.94233e-09
4.58249e-06 2.94026e-09
4.68941e-06 2.9382e-09
4.79883e-06 2.93614e-09
4.9108e-06 2.93409e-09
5.02538e-06 2.93203e-09
5.14263e-06 2.92998e-09
5.26262e-06 2.92792e-09
5.38541e-06 2.92587e-09
5.51106e-06 2.92382e-09
5.63965e-06 2.92177e-09
5.77124e-06 2.91972e-09
5.90589e-06 2.91768e-09
6.04369e-06 2.91563e-09
6.1847e-06 2.91359e-09
6.32901e-06 2.91155e-09
6.47668e-06 2.90951e-09
6.62779e-06 2.90747e-09
6.78244e-06 2.90543e-09
6.94069e-06 2.90339e-09
7.10263e-06 2.90136e-09
7.26835e-06 2.89933e-09
7.43794e-06 2.89729e-09
7.61148e-06 2.89526e-09
7.78907e-06 2.89324e-09
7.97081e-06 2.89121e-09
8.15679e-06 2.88918e-09
8.34711e-06 2.88716e-09
8.54186e-06 2.88513e-09
8.74116e-06 2.88311e-09
8.94512e-06 2.88109e-09
9.15383e-06 2.87907e-09
9.36741e-06 2.87705e-09
9.58597e-06 2.87504e-09
9.80963e-06 2.87302e-09
1.00385e-05 2.87101e-09
1.02727e-05 2.869e-09
1.05124e-05 2.86699e-09
1.07577e-05 2.86498e-09
1.10087e-05 2.86297e-09
1.12656e-05 2.86096e-09
1.15284e-05 2.85896e-09
1.17974e-05 2.85695e-09
1.20727e-05 2.85495e-09
1.23543e-05 2.85295e-09
1.26426e-05 2.85095e-09
1.29376e-05 2.84895e-09
1.32394e-05 2.84696e-09
1.35484e-05 2.84496e-09
1.38645e-05 2.84297e-09
1.4188e-05 2.84098e-09
1.4519e-05 2.83899e-09
1.48578e-05 2.837e-09
1.52044e-05 2.83501e-09
1.55592e-05 2.83302e-09
1.59222e-05 2.83104e-09
1.62937e-05 2.82905e-09
1.66739e-05 2.82707e-09
1.70629e-05 2.82509e-09
1.7461e-05 2.82311e-09
1.78684e-05 2.82113e-09
1.82854e-05 2.81915e-09
1.8712e-05 2.81718e-09
1.91486e-05 2.8152e-09
1.95954e-05 2.81323e-09
2.00526e-05 2.81126e-09
2.05205e-05 2.80929e-09
2.09992e-05 2.80732e-09
2.14892e-05 2.80535e-09
2.19906e-05 2.80339e-09
2.25037e-05 2.80142e-09
2.30288e-05 2.79946e-09
2.35661e-05 2.7975e-09
2.41159e-05 2.79554e-09
2.46786e-05 2.79358e-09
2.52544e-05 2.79162e-09
2.58437e-05 2.78966e-09
2.64466e-05 2.78771e-09
2.70637e-05 2.78575e-09
2.76952e-05 2.7838e-09
2.83414e-05 2.78185e-09
2.90026e-05 2.7799e-09
2.96793e-05 2.77795e-09
3.03718e-05 2.77601e-09
3.10805e-05 2.77406e-09
3.18056e-05 2.77212e-09
3.25477e-05 2.77017e-09
3.33072e-05 2.76823e-09
3.40843e-05 2.76629e-09
3.48796e-05 2.76435e-09
3.56934e-05 2.76242e-09
3.65262e-05 2.76048e-09
3.73784e-05 2.75855e-09
3.82506e-05 2.75661e-09
3.9143e-05 2.75468e-09
4.00563e-05 2.75275e-09
4.09909e-05 2.75082e-09
4.19473e-05 2.74889e-09
4.29261e-05 2.74697e-09
4.39276e-05 2.74504e-09
4.49526e-05 2.74312e-09
4.60014e-05 2.7412e-09
4.70747e-05 2.73928e-09
4.81731e-05 2.73736e-09
4.92971e-05 2.73544e-09
5.04473e-05 2.73352e-09
5.16244e-05 2.7316e-09
5.28289e-05 2.72969e-09
5.40615e-05 2.72778e-09
5.53229e-05 2.72587e-09
5.66137e-05 2.72396e-09
5.79346e-05 2.72205e-09
5.92864e-05 2.72014e-09
6.06697e-05 2.71823e-09
6.20852e-05 2.71633e-09
6.35338e-05 2.71442e-09
6.50162e-05 2.71252e-09
6.65332e-05 2.71062e-09
6.80856e-05 2.70872e-09
6.96742e-05 2.70682e-09
7.12998e-05 2.70493e-09
7.29634e-05 2.70303e-09
7.46658e-05 2.70114e-09
7.6408e-05 2.69924e-09
7.81907e-05 2.69735e-09
8.00151e-05 2.69546e-09
8.1882e-05 2.69357e-09
8.37925e-05 2.69168e-09
8.57476e-05 2.6898e-09
8.77483e-05 2.68791e-09
8.97957e-05 2.68603e-09
9.18908e-05 2.68415e-09
9.40348e-05 2.68227e-09
9.62289e-05 2.68039e-09
9.84741e-05 2.67851e-09
0.000100772 2.67663e-09
0.000103123 2.67475e-09
0.000105529 2.67288e-09
0.000107991 2.67101e-09
0.000110511 2.66914e-09
0.00011309 2.66726e-09
0.000115728 2.66587e-09
0.000118428 2.66508e-09
0.000121192 2.66429e-09
0.000124019 2.6635e-09
0.000126913 2.6627e-09
0.000129874 2.66191e-09
0.000132904 2.66112e-09
0.000136005 2.66033e-09
0.000139179 2.65954e-09
0.000142426 2.65875e-09
0.000145749 2.65796e-09
0.00014915 2.65717e-09
0.00015263 2.65638e-09
0.000156191 2.65559e-09
0.000159835 2.6548e-09
0.000163565 2.65401e-09
0.000167381 2.65323e-09
0.000171286 2.65244e-09
0.000175283 2.65165e-09
0.000179373 2.65086e-09
0.000183558 2.65007e-09
0.000187841 2.64929e-09
0.000192223 2.6485e-09
0.000196708 2.64771e-09
0.000201298 2.64693e-09
0.000205995 2.64614e-09
0.000210801 2.64535e-09
0.00021572 2.64457e-09
0.000220753 2.64378e-09
0.000225904 2.643e-09
0.000231174 2.64221e-09
0.000236568 2.64143e-09
0.000242088 2.64064e-09
0.000247736 2.63986e-09
0.000253517 2.63907e-09
0.000259432 2.63829e-09
0.000265485 2.6375e-09
0.000271679 2.63672e-09
0.000278018 2.63594e-09
0.000284505 2.63515e-09
0.000291143 2.63437e-09
0.000297936 2.63359e-09
0.000304888 2.63281e-09
0.000312002 2.63202e-09
0.000319281 2.63124e-09
0.000326731 2.63046e-09
0.000334354 2.62968e-09
0.000342156 2.6289e-09
0.000350139 2.62812e-09
0.000358308 2.62733e-09
0.000366669 2.62655e-09
0.000375224 2.62577e-09
0.000383979 2.62499e-09
0.000392938 2.62421e-09
0.000402106 2.62343e-09
0.000411488 2.62265e-09
0.000421089 2.62188e-09
0.000430914 2.6211e-09
0.000440968 2.62032e-09
0.000451257 2.61954e-09
0.000461786 2.61876e-09
0.000472561 2.61798e-09
0.000483586 2.6172e-09
0.00049487 2.61643e-09
0.000506416 2.61565e-09
0.000518232 2.61487e-09
0.000530324 2.6141e-09
0.000542697 2.61332e-09
0.00055536 2.61254e-09
0.000568317 2.61177e-09
0.000581578 2.61099e-09
0.000595147 2.61021e-09
0.000609033 2.60944e-09
0.000623244 2.60866e-09
0.000637785 2.60789e-09
0.000652666 2.60711e-09
0.000667894 2.60634e-09
0.000683478 2.60556e-09
0.000699425 2.60479e-09
0.000715744 2.60402e-09
0.000732444 2.60324e-09
0.000749534 2.60247e-09
0.000767022 2.6017e-09
0.000784919 2.60092e-09
0.000803233 2.60015e-09
0.000821974 2.59938e-09
0.000841153 2.59861e-09
0.000860779 2.59783e-09
0.000880863 2.59706e-09
0.000901415 2.59629e-09
0.000922447 2.59552e-09
0.00094397 2.59475e-09
0.000965995 2.59398e-09
0.000988534 2.59321e-09
0.0010116 2.59243e-09
0.0010352 2.59166e-09
0.00105936 2.59089e-09
0.00108407 2.59012e-09
0.00110937 2.58936e-09
0.00113525 2.58859e-09
0.00116174 2.58782e-09
0.00118884 2.58705e-09
0.00121658 2.58628e-09
0.00124497 2.58551e-09
0.00127402 2.58474e-09
0.00130374 2.58397e-09
0.00133416 2.58321e-09
0.00136529 2.58244e-09
0.00139715 2.58167e-09
0.00142975 2.5809e-09
0.0014631 2.58014e-09
0.00149724 2.57937e-09
0.00153218 2.57861e-09
0.00156793 2.57784e-09
0.00160451 2.57707e-09
0.00164195 2.57631e-09
0.00168026 2.57554e-09
0.00171946 2.57478e-09
0.00175958 2.57401e-09
0.00180064 2.57325e-09
0.00184265 2.57248e-09
0.00188564 2.57172e-09
0.00192964 2.57095e-09
0.00197466 2.57019e-09
0.00202073 2.56943e-09
0.00206788 2.56866e-09
0.00211613 2.5679e-09
0.00216551 2.56714e-09
0.00221603 2.56637e-09
0.00226774 2.56561e-09
0.00232065 2.56485e-09
0.00237479 2.56409e-09
0.0024302 2.56333e-09
0.00248691 2.56256e-09
0.00254493 2.5618e-09
0.00260431 2.56104e-09
0.00266508 2.56028e-09
0.00272726 2.55952e-09
0.00279089 2.55876e-09
0.00285601 2.558e-09
0.00292265 2.55724e-09
0.00299084 2.55648e-09
0.00306062 2.55572e-09
0.00313203 2.55496e-09
0.00320511 2.5542e-09
0.00327989 2.55344e-09
0.00335642 2.55268e-09
0.00343473 2.55192e-09
0.00351487 2.55117e-09
0.00359688 2.55041e-09
0.00368081 2.54965e-09
0.00376669 2.54889e-09
0.00385458 2.54814e-09
0.00394451 2.54738e-09
0.00403655 2.54662e-09
0.00413073 2.54587e-09
0.00422711 2.54511e-09
0.00432574 2.54435e-09
0.00442667 2.5436e-09
0.00452995 2.54284e-09
0.00463565 2.54209e-09
0.00474381 2.54133e-09
0.00485449 2.54057e-09
0.00496776 2.53982e-09
0.00508367 2.53907e-09
0.00520228 2.53831e-09
0.00532366 2.53756e-09
0.00544787 2.5368e-09
0.00557499 2.53605e-09
0.00570506 2.5353e-09
0.00583818 2.53454e-09
0.00597439 2.53379e-09
0.00611379 2.53304e-09
0.00625644 2.53228e-09
0.00640242 2.53153e-09
0.0065518 2.53078e-09
0.00670467 2.53003e-09
0.0068611 2.52928e-09
0.00702119 2.52852e-09
0.00718501 2.52777e-09
0.00735265 2.52702e-09
0.00752421 2.52627e-09
0.00769976 2.52552e-09
0.00787942 2.52477e-09
0.00806326 2.52402e-09
0.0082514 2.52327e-09
0.00844392 2.52252e-09
0.00864094 2.52177e-09
0.00884255 2.52102e-09
0.00904887 2.52027e-09
0.00926 2.51952e-09
0.00947606 2.51877e-09
0.00969716 2.51803e-09
0.00992341 2.51728e-09
0.010155 2.51653e-09
0.0103919 2.51578e-09
0.0106344 2.51504e-09
0.0108825 2.51429e-09
0.0111364 2.51354e-09
0.0113962 2.51279e-09
0.0116621 2.51205e-09
0.0119342 2.5113e-09
0.0122127 2.51055e-09
0.0124976 2.50981e-09
0.0127892 2.50906e-09
0.0130876 2.50832e-09
0.013393 2.50757e-09
0.0137055 2.50683e-09
0.0140253 2.50608e-09
0.0143525 2.50534e-09
0.0146874 2.50459e-09
0.0150301 2.50385e-09
0.0153808 2.50311e-09
0.0157396 2.50236e-09
0.0161069 2.50162e-09
0.0164827 2.50087e-09
0.0168673 2.50013e-09
0.0172608 2.49939e-09
0.0176636 2.49865e-09
0.0180757 2.4979e-09
0.0184974 2.49716e-09
0.018929 2.49642e-09
0.0193707 2.49568e-09
0.0198227 2.49494e-09
0.0202852 2.4942e-09
0.0207585 2.49345e-09
0.0212428 2.49271e-09
0.0217385 2.49197e-09
0.0222457 2.49051e-09
0.0227647 2.48831e-09
0.0232959 2.48611e-09
0.0238394 2.48391e-09
0.0243956 2.48172e-09
0.0249648 2.47952e-09
0.0255473 2.47733e-09
0.0261434 2.47514e-09
0.0267534 2.47296e-09
0.0273776 2.47077e-09
0.0280164 2.46859e-09
0.0286701 2.46641e-09
0.029339 2.46423e-09
0.0300236 2.46205e-09
0.0307241 2.45988e-09
0.031441 2.45771e-09
0.0321746 2.45553e-09
0.0329253 2.45337e-09
0.0336935 2.4512e-09
0.0344796 2.44903e-09
0.0352841 2.44687e-09
0.0361074 2.44471e-09
0.0369499 2.44255e-09
0.037812 2.44039e-09
0.0386942 2.43823e-09
0.039597 2.43608e-09
0.0405209 2.43393e-09
0.0414664 2.43178e-09
0.0424339 2.42963e-09
0.043424 2.42748e-09
0.0444372 2.42534e-09
0.045474 2.42319e-09
0.046535 2.42105e-09
0.0476208 2.41892e-09
0.0487319 2.41678e-09
0.0498689 2.41464e-09
0.0510324 2.41251e-09
0.0522232 2.41038e-09
0.0534416 2.40825e-09
0.0546886 2.40612e-09
0.0559646 2.404e-09
0.0572704 2.40187e-09
0.0586066 2.39975e-09
0.059974 2.39763e-09
0.0613734 2.39551e-09
0.0628054 2.3934e-09
0.0642707 2.39128e-09
0.0657703 2.38917e-09
0.0673049 2.38706e-09
0.0688753 2.38495e-09
0.0704823 2.38284e-09
0.0721268 2.38074e-09
0.0738097 2.37863e-09
0.0755319 2.37653e-09
0.0772942 2.37443e-09
0.0790977 2.37234e-09
0.0809432 2.37024e-09
0.0828318 2.36815e-09
0.0847644 2.36605e-09
0.0867422 2.36396e-09
0.0887661 2.36187e-09
0.0908372 2.35979e-09
0.0929567 2.3577e-09
0.0951255 2.35562e-09
0.097345 2.35354e-09
0.0996163 2.35146e-09
0.101941 2.34938e-09
0.104319 2.34731e-09
0.106753 2.34523e-09
0.109244 2.34316e-09
0.111793 2.34109e-09
0.114401 2.33902e-09
0.11707 2.33696e-09
0.119802 2.33489e-09
0.122597 2.33283e-09
0.125458 2.33077e-09
0.128385 2.32871e-09
0.13138 2.32665e-09
0.134446 2.3246e-09
0.137583 2.32254e-09
0.140793 2.32049e-09
0.144078 2.31844e-09
0.14744 2.31639e-09
0.15088 2.31435e-09
0.1544 2.3123e-09
0.158003 2.31026e-09
0.161689 2.30822e-09
0.165462 2.30618e-09
0.169322 2.30414e-09
0.173273 2.30211e-09
0.177316 2.30007e-09
0.181453 2.29804e-09
0.185687 2.29601e-09
0.190019 2.29398e-09
0.194453 2.29196e-09
0.19899 2.28993e-09
0.203633 2.28791e-09
0.208384 2.28589e-09
0.213246 2.28387e-09
0.218222 2.28185e-09
0.223313 2.27983e-09
0.228524 2.27782e-09
0.233856 2.27581e-09
0.239312 2.2738e-09
0.244896 2.27179e-09
0.25061 2.26978e-09
0.256457 2.26778e-09
0.262441 2.26577e-09
0.268564 2.26377e-09
0.274831 2.26177e-09
0.281243 2.25977e-09
0.287805 2.25778e-09
0.29452 2.25578e-09
0.301392 2.25379e-09
0.308424 2.2518e-09
0.315621 2.24981e-09
0.322985 2.24782e-09
0.330521 2.24583e-09
0.338233 2.24385e-09
0.346124 2.24187e-09
0.3542 2.23989e-09
0.362464 2.23791e-09
0.370922 2.23593e-09
0.379576 2.23396e-09
0.388432 2.23198e-09
0.397496 2.23001e-09
0.40677 2.22804e-09
0.416261 2.22607e-09
0.425973 2.22411e-09
0.435912 2.22214e-09
0.446083 2.22018e-09
0.456491 2.21822e-09
0.467142 2.21626e-09
0.478042 2.2143e-09
0.489196 2.21234e-09
0.50061 2.21039e-09
0.51229 2.20844e-09
0.524243 2.20648e-09
0.536475 2.20454e-09
0.548992 2.20259e-09
0.561801 2.20064e-09
0.574909 2.1987e-09
0.588323 2.19676e-09
0.60205 2.19481e-09
0.616097 2.19288e-09
0.630472 2.19094e-09
0.645183 2.189e-09
0.660236 2.18707e-09
0.675641 2.18514e-09
0.691406 2.18321e-09
0.707538 2.18128e-09
0.724046 2.17935e-09
0.74094 2.17743e-09
0.758228 2.1755e-09
0.775919 2.17358e-09
0.794023 2.17166e-09
0.812549 2.16974e-09
0.831508 2.16782e-09
0.850909 2.16591e-09
0.870763 2.164e-09
0.89108 2.16208e-09
0.911871 2.16017e-09
0.933147 2.15827e-09
0.954919 2.15636e-09
0.9772 2.15445e-09
1 2.15255e-09
1.02333 2.15065e-09
1.04721 2.14875e-09
