9.54919e-07 3.52035e-09
9.772e-07 3.51646e-09
1e-06 3.51257e-09
1.02333e-06 3.50869e-09
1.04721e-06 3.50481e-09
1.07164e-06 3.50093e-09
1.09665e-06 3.49706e-09
1.12223e-06 3.4932e-09
1.14842e-06 3.48933e-09
1.17521e-06 3.48548e-09
1.20263e-06 3.48162e-09
1.23069e-06 3.47777e-09
1.25941e-06 3.47393e-09
1.28879e-06 3.47009e-09
1.31886e-06 3.46625e-09
1.34964e-06 3.46242e-09
1.38113e-06 3.45859e-09
1.41335e-06 3.45477e-09
1.44633e-06 3.45095e-09
1.48008e-06 3.44713e-09
1.51461e-06 3.44332e-09
1.54995e-06 3.43951e-09
1.58611e-06 3.43571e-09
1.62312e-06 3.43191e-09
1.66099e-06 3.42812e-09
1.69975e-06 3.42433e-09
1.7394e-06 3.42054e-09
1.77999e-06 3.41676e-09
1.82152e-06 3.41298e-09
1.86402e-06 3.40921e-09
1.90751e-06 3.40544e-09
1.95202e-06 3.40167e-09
1.99756e-06 3.39791e-09
2.04417e-06 3.39416e-09
2.09187e-06 3.3904e-09
2.14068e-06 3.38665e-09
2.19062e-06 3.38291e-09
2.24174e-06 3.37917e-09
2.29404e-06 3.37543e-09
2.34757e-06 3.3717e-09
2.40234e-06 3.36797e-09
2.45839e-06 3.36425e-09
2.51575e-06 3.36053e-09
2.57445e-06 3.35682e-09
2.63452e-06 3.3531e-09
2.69599e-06 3.3494e-09
2.75889e-06 3.34569e-09
2.82326e-06 3.34199e-09
2.88914e-06 3.3383e-09
2.95655e-06 3.33461e-09
3.02553e-06 3.33092e-09
3.09612e-06 3.32724e-09
3.16836e-06 3.32356e-09
3.24229e-06 3.31989e-09
3.31794e-06 3.31621e-09
3.39535e-06 3.31255e-09
3.47457e-06 3.30889e-09
3.55564e-06 3.30523e-09
3.6386e-06 3.30157e-09
3.7235e-06 3.29792e-09
3.81038e-06 3.29428e-09
3.89928e-06 3.29063e-09
3.99026e-06 3.287e-09
4.08337e-06 3.28336e-09
4.17864e-06 3.27973e-09
4.27614e-06 3.27611e-09
4.37591e-06 3.27248e-09
4.47801e-06 3.26887e-09
4.58249e-06 3.26525e-09
4.68941e-06 3.26164e-09
4.79883e-06 3.25803e-09
4.9108e-06 3.25443e-09
5.02538e-06 3.25083e-09
5.14263e-06 3.24724e-09
5.26262e-06 3.24365e-09
5.38541e-06 3.24006e-09
5.51106e-06 3.23648e-09
5.63965e-06 3.2329e-09
5.77124e-06 3.22933e-09
5.90589e-06 3.22576e-09
6.04369e-06 3.22219e-09
6.1847e-06 3.21863e-09
6.32901e-06 3.21507e-09
6.47668e-06 3.21152e-09
6.62779e-06 3.20797e-09
6.78244e-06 3.20442e-09
6.94069e-06 3.20088e-09
7.10263e-06 3.19734e-09
7.26835e-06 3.1938e-09
7.43794e-06 3.19027e-09
7.61148e-06 3.18674e-09
7.78907e-06 3.18322e-09
7.97081e-06 3.1797e-09
8.15679e-06 3.17618e-09
8.34711e-06 3.17267e-09
8.54186e-06 3.16917e-09
8.74116e-06 3.16566e-09
8.94512e-06 3.16216e-09
9.15383e-06 3.15867e-09
9.36741e-06 3.15517e-09
9.58597e-06 3.15168e-09
9.80963e-06 3.1482e-09
1.00385e-05 3.14472e-09
1.02727e-05 3.14124e-09
1.05124e-05 3.13777e-09
1.07577e-05 3.1343e-09
1.10087e-05 3.13083e-09
1.12656e-05 3.12737e-09
1.15284e-05 3.12392e-09
1.17974e-05 3.12046e-09
1.20727e-05 3.11701e-09
1.23543e-05 3.11357e-09
1.26426e-05 3.11012e-09
1.29376e-05 3.10668e-09
1.32394e-05 3.10325e-09
1.35484e-05 3.09982e-09
1.38645e-05 3.09639e-09
1.4188e-05 3.09297e-09
1.4519e-05 3.08955e-09
1.48578e-05 3.08613e-09
1.52044e-05 3.08272e-09
1.55592e-05 3.07931e-09
1.59222e-05 3.07591e-09
1.62937e-05 3.07251e-09
1.66739e-05 3.06911e-09
1.70629e-05 3.06572e-09
1.7461e-05 3.06233e-09
1.78684e-05 3.05894e-09
1.82854e-05 3.05556e-09
1.8712e-05 3.05218e-09
1.91486e-05 3.04881e-09
1.95954e-05 3.04543e-09
2.00526e-05 3.04207e-09
2.05205e-05 3.0387e-09
2.09992e-05 3.03534e-09
2.14892e-05 3.03199e-09
2.19906e-05 3.02864e-09
2.25037e-05 3.02529e-09
2.30288e-05 3.02194e-09
2.35661e-05 3.0186e-09
2.41159e-05 3.01526e-09
2.46786e-05 3.01193e-09
2.52544e-05 3.0086e-09
2.58437e-05 3.00527e-09
2.64466e-05 3.00195e-09
2.70637e-05 2.99863e-09
2.76952e-05 2.99532e-09
2.83414e-05 2.99201e-09
2.90026e-05 2.9887e-09
2.96793e-05 2.98539e-09
3.03718e-05 2.98209e-09
3.10805e-05 2.9788e-09
3.18056e-05 2.9755e-09
3.25477e-05 2.97221e-09
3.33072e-05 2.96893e-09
3.40843e-05 2.96564e-09
3.48796e-05 2.96236e-09
3.56934e-05 2.95909e-09
3.65262e-05 2.95582e-09
3.73784e-05 2.95255e-09
3.82506e-05 2.94928e-09
3.9143e-05 2.94602e-09
4.00563e-05 2.94277e-09
4.09909e-05 2.93951e-09
4.19473e-05 2.93626e-09
4.29261e-05 2.93302e-09
4.39276e-05 2.92977e-09
4.49526e-05 2.92653e-09
4.60014e-05 2.9233e-09
4.70747e-05 2.92007e-09
4.81731e-05 2.91684e-09
4.92971e-05 2.91361e-09
5.04473e-05 2.91039e-09
5.16244e-05 2.90717e-09
5.28289e-05 2.90396e-09
5.40615e-05 2.90075e-09
5.53229e-05 2.89754e-09
5.66137e-05 2.89434e-09
5.79346e-05 2.89114e-09
5.92864e-05 2.88794e-09
6.06697e-05 2.88475e-09
6.20852e-05 2.88156e-09
6.35338e-05 2.87837e-09
6.50162e-05 2.87519e-09
6.65332e-05 2.87201e-09
6.80856e-05 2.86884e-09
6.96742e-05 2.86567e-09
7.12998e-05 2.8625e-09
7.29634e-05 2.85933e-09
7.46658e-05 2.85617e-09
7.6408e-05 2.85301e-09
7.81907e-05 2.84986e-09
8.00151e-05 2.84671e-09
8.1882e-05 2.84356e-09
8.37925e-05 2.84042e-09
8.57476e-05 2.83728e-09
8.77483e-05 2.83414e-09
8.97957e-05 2.83101e-09
9.18908e-05 2.82888e-09
9.40348e-05 2.82738e-09
9.62289e-05 2.82589e-09
9.84741e-05 2.82439e-09
0.000100772 2.8229e-09
0.000103123 2.8214e-09
0.000105529 2.81991e-09
0.000107991 2.81842e-09
0.000110511 2.81692e-09
0.00011309 2.81543e-09
0.000115728 2.81394e-09
0.000118428 2.81245e-09
0.000121192 2.81097e-09
0.000124019 2.80948e-09
0.000126913 2.80799e-09
0.000129874 2.8065e-09
0.000132904 2.80502e-09
0.000136005 2.80353e-09
0.000139179 2.80205e-09
0.000142426 2.80057e-09
0.000145749 2.79908e-09
0.00014915 2.7976e-09
0.00015263 2.79612e-09
0.000156191 2.79464e-09
0.000159835 2.79316e-09
0.000163565 2.79168e-09
0.000167381 2.79021e-09
0.000171286 2.78873e-09
0.000175283 2.78725e-09
0.000179373 2.78578e-09
0.000183558 2.7843e-09
0.000187841 2.78283e-09
0.000192223 2.78136e-09
0.000196708 2.77988e-09
0.000201298 2.77841e-09
0.000205995 2.77694e-09
0.000210801 2.77547e-09
0.00021572 2.774e-09
0.000220753 2.77254e-09
0.000225904 2.77107e-09
0.000231174 2.7696e-09
0.000236568 2.76814e-09
0.000242088 2.76667e-09
0.000247736 2.76521e-09
0.000253517 2.76374e-09
0.000259432 2.76228e-09
0.000265485 2.76082e-09
0.000271679 2.75936e-09
0.000278018 2.7579e-09
0.000284505 2.75644e-09
0.000291143 2.75498e-09
0.000297936 2.75352e-09
0.000304888 2.75206e-09
0.000312002 2.7506e-09
0.000319281 2.74915e-09
0.000326731 2.74769e-09
0.000334354 2.74624e-09
0.000342156 2.74479e-09
0.000350139 2.74333e-09
0.000358308 2.74188e-09
0.000366669 2.74043e-09
0.000375224 2.73898e-09
0.000383979 2.73753e-09
0.000392938 2.73608e-09
0.000402106 2.73463e-09
0.000411488 2.73318e-09
0.000421089 2.73174e-09
0.000430914 2.73029e-09
0.000440968 2.72885e-09
0.000451257 2.7274e-09
0.000461786 2.72596e-09
0.000472561 2.72452e-09
0.000483586 2.72307e-09
0.00049487 2.72163e-09
0.000506416 2.72019e-09
0.000518232 2.71875e-09
0.000530324 2.71731e-09
0.000542697 2.71587e-09
0.00055536 2.71444e-09
0.000568317 2.713e-09
0.000581578 2.71156e-09
0.000595147 2.71013e-09
0.000609033 2.70869e-09
0.000623244 2.70726e-09
0.000637785 2.70583e-09
0.000652666 2.70439e-09
0.000667894 2.70296e-09
0.000683478 2.70153e-09
0.000699425 2.7001e-09
0.000715744 2.69867e-09
0.000732444 2.69725e-09
0.000749534 2.69582e-09
0.000767022 2.69439e-09
0.000784919 2.69296e-09
0.000803233 2.69154e-09
0.000821974 2.69011e-09
0.000841153 2.68869e-09
0.000860779 2.68727e-09
0.000880863 2.68585e-09
0.000901415 2.68442e-09
0.000922447 2.683e-09
0.00094397 2.68158e-09
0.000965995 2.68016e-09
0.000988534 2.67874e-09
0.0010116 2.67733e-09
0.0010352 2.67591e-09
0.00105936 2.67449e-09
0.00108407 2.67308e-09
0.00110937 2.67166e-09
0.00113525 2.67025e-09
0.00116174 2.66883e-09
0.00118884 2.66742e-09
0.00121658 2.66601e-09
0.00124497 2.6646e-09
0.00127402 2.66319e-09
0.00130374 2.66178e-09
0.00133416 2.66037e-09
0.00136529 2.65896e-09
0.00139715 2.65755e-09
0.00142975 2.65615e-09
0.0014631 2.65474e-09
0.00149724 2.65334e-09
0.00153218 2.65193e-09
0.00156793 2.65053e-09
0.00160451 2.64913e-09
0.00164195 2.64772e-09
0.00168026 2.64632e-09
0.00171946 2.64492e-09
0.00175958 2.64352e-09
0.00180064 2.64212e-09
0.00184265 2.64072e-09
0.00188564 2.63933e-09
0.00192964 2.63793e-09
0.00197466 2.63653e-09
0.00202073 2.63514e-09
0.00206788 2.63374e-09
0.00211613 2.63235e-09
0.00216551 2.63096e-09
0.00221603 2.62956e-09
0.00226774 2.62817e-09
0.00232065 2.62678e-09
0.00237479 2.62539e-09
0.0024302 2.624e-09
0.00248691 2.62261e-09
0.00254493 2.62122e-09
0.00260431 2.61984e-09
0.00266508 2.61845e-09
0.00272726 2.61706e-09
0.00279089 2.61568e-09
0.00285601 2.61429e-09
0.00292265 2.61291e-09
0.00299084 2.61153e-09
0.00306062 2.61014e-09
0.00313203 2.60876e-09
0.00320511 2.60738e-09
0.00327989 2.606e-09
0.00335642 2.60462e-09
0.00343473 2.60324e-09
0.00351487 2.60187e-09
0.00359688 2.60049e-09
0.00368081 2.59911e-09
0.00376669 2.59774e-09
0.00385458 2.59636e-09
0.00394451 2.59499e-09
0.00403655 2.59361e-09
0.00413073 2.59224e-09
0.00422711 2.59087e-09
0.00432574 2.5895e-09
0.00442667 2.58813e-09
0.00452995 2.58676e-09
0.00463565 2.58539e-09
0.00474381 2.58402e-09
0.00485449 2.58265e-09
0.00496776 2.58128e-09
0.00508367 2.57992e-09
0.00520228 2.57855e-09
0.00532366 2.57719e-09
0.00544787 2.57582e-09
0.00557499 2.57446e-09
0.00570506 2.5731e-09
0.00583818 2.57173e-09
0.00597439 2.57037e-09
0.00611379 2.56901e-09
0.00625644 2.56765e-09
0.00640242 2.56629e-09
0.0065518 2.56494e-09
0.00670467 2.56358e-09
0.0068611 2.56222e-09
0.00702119 2.56086e-09
0.00718501 2.55951e-09
0.00735265 2.55815e-09
0.00752421 2.5568e-09
0.00769976 2.55545e-09
0.00787942 2.55409e-09
0.00806326 2.55274e-09
0.0082514 2.55139e-09
0.00844392 2.55004e-09
0.00864094 2.54869e-09
0.00884255 2.54734e-09
0.00904887 2.54599e-09
0.00926 2.54465e-09
0.00947606 2.5433e-09
0.00969716 2.54195e-09
0.00992341 2.54061e-09
0.010155 2.53926e-09
0.0103919 2.53792e-09
0.0106344 2.53658e-09
0.0108825 2.53523e-09
0.0111364 2.53389e-09
0.0113962 2.53255e-09
0.0116621 2.53121e-09
0.0119342 2.52987e-09
0.0122127 2.52853e-09
0.0124976 2.52719e-09
0.0127892 2.52585e-09
0.0130876 2.52452e-09
0.013393 2.52318e-09
0.0137055 2.52185e-09
0.0140253 2.52051e-09
0.0143525 2.51918e-09
0.0146874 2.51797e-09
0.0150301 2.5171e-09
0.0153808 2.51623e-09
0.0157396 2.51536e-09
0.0161069 2.51449e-09
0.0164827 2.51362e-09
0.0168673 2.51275e-09
0.0172608 2.51188e-09
0.0176636 2.51101e-09
0.0180757 2.51014e-09
0.0184974 2.50927e-09
0.018929 2.5084e-09
0.0193707 2.50753e-09
0.0198227 2.50666e-09
0.0202852 2.5058e-09
0.0207585 2.50493e-09
0.0212428 2.50406e-09
0.0217385 2.50319e-09
0.0222457 2.50233e-09
0.0227647 2.50146e-09
0.0232959 2.5006e-09
0.0238394 2.49973e-09
0.0243956 2.49886e-09
0.0249648 2.498e-09
0.0255473 2.49713e-09
0.0261434 2.49627e-09
0.0267534 2.49541e-09
0.0273776 2.49454e-09
0.0280164 2.49368e-09
0.0286701 2.49282e-09
0.029339 2.49195e-09
0.0300236 2.49109e-09
0.0307241 2.49023e-09
0.031441 2.48937e-09
0.0321746 2.4885e-09
0.0329253 2.48764e-09
0.0336935 2.48678e-09
0.0344796 2.48592e-09
0.0352841 2.48506e-09
0.0361074 2.4842e-09
0.0369499 2.48334e-09
0.037812 2.48248e-09
0.0386942 2.48162e-09
0.039597 2.48076e-09
0.0405209 2.4799e-09
0.0414664 2.47904e-09
0.0424339 2.47819e-09
0.043424 2.47733e-09
0.0444372 2.47647e-09
0.045474 2.47561e-09
0.046535 2.47476e-09
0.0476208 2.4739e-09
0.0487319 2.47304e-09
0.0498689 2.47219e-09
0.0510324 2.47133e-09
0.0522232 2.47048e-09
0.0534416 2.46962e-09
0.0546886 2.46877e-09
0.0559646 2.46791e-09
0.0572704 2.46706e-09
0.0586066 2.4662e-09
0.059974 2.46535e-09
0.0613734 2.4645e-09
0.0628054 2.46364e-09
0.0642707 2.46279e-09
0.0657703 2.46194e-09
0.0673049 2.46108e-09
0.0688753 2.46023e-09
0.0704823 2.45938e-09
0.0721268 2.45853e-09
0.0738097 2.45768e-09
0.0755319 2.45683e-09
0.0772942 2.45598e-09
0.0790977 2.45513e-09
0.0809432 2.45428e-09
0.0828318 2.45343e-09
0.0847644 2.45258e-09
0.0867422 2.45173e-09
0.0887661 2.45088e-09
0.0908372 2.45003e-09
0.0929567 2.44918e-09
0.0951255 2.44834e-09
0.097345 2.44749e-09
0.0996163 2.44664e-09
0.101941 2.44579e-09
0.104319 2.44495e-09
0.106753 2.4441e-09
0.109244 2.44326e-09
0.111793 2.44241e-09
0.114401 2.44156e-09
0.11707 2.44072e-09
0.119802 2.43987e-09
0.122597 2.43903e-09
0.125458 2.43819e-09
0.128385 2.43734e-09
0.13138 2.4365e-09
0.134446 2.43565e-09
0.137583 2.43481e-09
0.140793 2.43397e-09
0.144078 2.43313e-09
0.14744 2.43228e-09
0.15088 2.43144e-09
0.1544 2.4306e-09
0.158003 2.42976e-09
0.161689 2.42892e-09
0.165462 2.42808e-09
0.169322 2.42724e-09
0.173273 2.4264e-09
0.177316 2.42556e-09
0.181453 2.42472e-09
0.185687 2.42388e-09
0.190019 2.42304e-09
0.194453 2.4222e-09
0.19899 2.42136e-09
0.203633 2.42052e-09
0.208384 2.41968e-09
0.213246 2.41885e-09
0.218222 2.41801e-09
0.223313 2.41717e-09
0.228524 2.41633e-09
0.233856 2.4155e-09
0.239312 2.41466e-09
0.244896 2.41383e-09
0.25061 2.41299e-09
0.256457 2.41216e-09
0.262441 2.41132e-09
0.268564 2.41049e-09
0.274831 2.40965e-09
0.281243 2.40882e-09
0.287805 2.40798e-09
0.29452 2.40715e-09
0.301392 2.40632e-09
0.308424 2.40548e-09
0.315621 2.40465e-09
0.322985 2.40382e-09
0.330521 2.40299e-09
0.338233 2.40215e-09
0.346124 2.40132e-09
0.3542 2.40049e-09
0.362464 2.39966e-09
0.370922 2.39883e-09
0.379576 2.398e-09
0.388432 2.39717e-09
0.397496 2.39634e-09
0.40677 2.39551e-09
0.416261 2.39468e-09
0.425973 2.39385e-09
0.435912 2.39302e-09
0.446083 2.39219e-09
0.456491 2.39137e-09
0.467142 2.39054e-09
0.478042 2.38971e-09
0.489196 2.38888e-09
0.50061 2.38806e-09
0.51229 2.38723e-09
0.524243 2.3864e-09
0.536475 2.38558e-09
0.548992 2.38475e-09
0.561801 2.38393e-09
0.574909 2.3831e-09
0.588323 2.38228e-09
0.60205 2.38145e-09
0.616097 2.38063e-09
0.630472 2.3798e-09
0.645183 2.37898e-09
0.660236 2.37816e-09
0.675641 2.37733e-09
0.691406 2.37651e-09
0.707538 2.37569e-09
0.724046 2.37486e-09
0.74094 2.37404e-09
0.758228 2.37322e-09
0.775919 2.3724e-09
0.794023 2.37158e-09
0.812549 2.37076e-09
0.831508 2.36994e-09
0.850909 2.36912e-09
0.870763 2.3683e-09
0.89108 2.36748e-09
0.911871 2.36666e-09
0.933147 2.36584e-09
0.954919 2.36502e-09
0.9772 2.3642e-09
1 2.36338e-09
1.02333 2.36256e-09
1.04721 2.36174e-09
