3.85662e-07 7.11297e-10
6.21017e-07 1.44929e-09
1e-06 2.95298e-09
1.61026e-06 2.91383e-09
2.59294e-06 2.8752e-09
4.17532e-06 2.83708e-09
6.72336e-06 2.79947e-09
1.08264e-05 2.76236e-09
1.74333e-05 2.72573e-09
2.80722e-05 2.6896e-09
4.52035e-05 2.65394e-09
7.27895e-05 2.61876e-09
0.00011721 2.58404e-09
0.000188739 2.54978e-09
0.00030392 2.51598e-09
0.00048939 2.48262e-09
0.000788046 2.44971e-09
0.00126896 2.41723e-09
0.00204336 2.38519e-09
0.00329034 2.35357e-09
0.00529832 2.32236e-09
0.00853168 2.29158e-09
0.0137382 2.2612e-09
0.0221222 2.23122e-09
0.0356225 2.20164e-09
0.0573615 2.17245e-09
0.0923671 2.14394e-09
0.148735 2.11725e-09
0.239503 2.09091e-09
0.385662 2.06488e-09
0.621017 2.03919e-09
1 2.01381e-09
1.61026 2.71828
2.59294 2.71828
