3.85662e-07 5.17612e-10
6.21017e-07 1.06552e-09
1e-06 2.19341e-09
1.61026e-06 2.20552e-09
2.59294e-06 2.2177e-09
4.17532e-06 2.22994e-09
6.72336e-06 2.24225e-09
1.08264e-05 2.25463e-09
1.74333e-05 2.26707e-09
2.80722e-05 2.27959e-09
4.52035e-05 2.29217e-09
7.27895e-05 2.30483e-09
0.00011721 2.31755e-09
0.000188739 2.33034e-09
0.00030392 2.34321e-09
0.00048939 2.35614e-09
0.000788046 2.36915e-09
0.00126896 2.38223e-09
0.00204336 2.39538e-09
0.00329034 2.4086e-09
0.00529832 2.4219e-09
0.00853168 2.39652e-09
0.0137382 2.36404e-09
0.0221222 2.33201e-09
0.0356225 2.30041e-09
0.0573615 2.26924e-09
0.0923671 2.23849e-09
0.148735 2.20816e-09
0.239503 2.17824e-09
0.385662 2.14872e-09
0.621017 2.1196e-09
1 2.09088e-09
1.61026 2.71828
2.59294 2.71828
