3.85662e-07 8.22644e-10
6.21017e-07 1.66832e-09
1e-06 3.38334e-09
1.61026e-06 3.2665e-09
2.59294e-06 3.15368e-09
4.17532e-06 3.04477e-09
6.72336e-06 2.93961e-09
1.08264e-05 2.86939e-09
1.74333e-05 2.82933e-09
2.80722e-05 2.78982e-09
4.52035e-05 2.75087e-09
7.27895e-05 2.71246e-09
0.00011721 2.67459e-09
0.000188739 2.63725e-09
0.00030392 2.60043e-09
0.00048939 2.56412e-09
0.000788046 2.52832e-09
0.00126896 2.49302e-09
0.00204336 2.45821e-09
0.00329034 2.42389e-09
0.00529832 2.39005e-09
0.00853168 2.35668e-09
0.0137382 2.32377e-09
0.0221222 2.29133e-09
0.0356225 2.25934e-09
0.0573615 2.22779e-09
0.0923671 2.19669e-09
0.148735 2.16602e-09
0.239503 2.13577e-09
0.385662 2.10595e-09
0.621017 2.07655e-09
1 2.04756e-09
1.61026 2.71828
2.59294 2.71828
