3.85662e-07 3.05374e-09
6.21017e-07 3.01457e-09
1e-06 2.97591e-09
1.61026e-06 2.93774e-09
2.59294e-06 2.90006e-09
4.17532e-06 2.86286e-09
6.72336e-06 2.82614e-09
1.08264e-05 2.78989e-09
1.74333e-05 2.75411e-09
2.80722e-05 2.71878e-09
4.52035e-05 2.68391e-09
7.27895e-05 2.64949e-09
0.00011721 2.6155e-09
0.000188739 2.58196e-09
0.00030392 2.54884e-09
0.00048939 2.51615e-09
0.000788046 2.48388e-09
0.00126896 2.45202e-09
0.00204336 2.42057e-09
0.00329034 2.38952e-09
0.00529832 2.35887e-09
0.00853168 2.32862e-09
0.0137382 2.29875e-09
0.0221222 2.26926e-09
0.0356225 2.24016e-09
0.0573615 2.21143e-09
0.0923671 2.18306e-09
0.148735 2.15506e-09
0.239503 2.12742e-09
0.385662 2.10013e-09
0.621017 2.0732e-09
1 2.04661e-09
1.61026 2.02036e-09
2.59294 1.99444e-09
