3.85662e-07 3.19564e-09
6.21017e-07 3.14123e-09
1e-06 3.08774e-09
1.61026e-06 3.03517e-09
2.59294e-06 2.98349e-09
4.17532e-06 2.9327e-09
6.72336e-06 2.88276e-09
1.08264e-05 2.83368e-09
1.74333e-05 2.78543e-09
2.80722e-05 2.73801e-09
4.52035e-05 2.69139e-09
7.27895e-05 2.64557e-09
0.00011721 2.60052e-09
0.000188739 2.55625e-09
0.00030392 2.51272e-09
0.00048939 2.46994e-09
0.000788046 2.42789e-09
0.00126896 2.38655e-09
0.00204336 2.34592e-09
0.00329034 2.30597e-09
0.00529832 2.26671e-09
0.00853168 2.22812e-09
0.0137382 2.19018e-09
0.0221222 2.15289e-09
0.0356225 2.11624e-09
0.0573615 2.0802e-09
0.0923671 2.04479e-09
0.148735 2.00997e-09
0.239503 1.97575e-09
0.385662 1.94211e-09
0.621017 1.90904e-09
1 1.87654e-09
1.61026 1.84459e-09
2.59294 1.81318e-09
