3.85662e-07 3.45143e-09
6.21017e-07 3.38548e-09
1e-06 3.32078e-09
1.61026e-06 3.25732e-09
2.59294e-06 3.19507e-09
4.17532e-06 3.13401e-09
6.72336e-06 3.07412e-09
1.08264e-05 3.01537e-09
1.74333e-05 2.95775e-09
2.80722e-05 2.90123e-09
4.52035e-05 2.84578e-09
7.27895e-05 2.7914e-09
0.00011721 2.73806e-09
0.000188739 2.68573e-09
0.00030392 2.63441e-09
0.00048939 2.58406e-09
0.000788046 2.53468e-09
0.00126896 2.48624e-09
0.00204336 2.43873e-09
0.00329034 2.39213e-09
0.00529832 2.34641e-09
0.00853168 2.30157e-09
0.0137382 2.25759e-09
0.0221222 2.21445e-09
0.0356225 2.17213e-09
0.0573615 2.13062e-09
0.0923671 2.0899e-09
0.148735 2.04996e-09
0.239503 2.01079e-09
0.385662 1.97236e-09
0.621017 1.93467e-09
1 1.8977e-09
1.61026 1.86143e-09
2.59294 1.82586e-09
