3.85662e-07 3.66016e-09
6.21017e-07 3.58429e-09
1e-06 3.51e-09
1.61026e-06 3.43724e-09
2.59294e-06 3.366e-09
4.17532e-06 3.29623e-09
6.72336e-06 3.22791e-09
1.08264e-05 3.161e-09
1.74333e-05 3.09548e-09
2.80722e-05 3.03132e-09
4.52035e-05 2.96849e-09
7.27895e-05 2.90696e-09
0.00011721 2.8467e-09
0.000188739 2.7877e-09
0.00030392 2.72992e-09
0.00048939 2.67333e-09
0.000788046 2.61792e-09
0.00126896 2.56366e-09
0.00204336 2.51052e-09
0.00329034 2.45848e-09
0.00529832 2.40752e-09
0.00853168 2.35762e-09
0.0137382 2.30875e-09
0.0221222 2.2609e-09
0.0356225 2.21404e-09
0.0573615 2.16814e-09
0.0923671 2.1232e-09
0.148735 2.0792e-09
0.239503 2.0361e-09
0.385662 1.9939e-09
0.621017 1.95257e-09
1 1.91209e-09
1.61026 1.87246e-09
2.59294 1.83365e-09
