3.85662e-07 3.60678e-09
6.21017e-07 3.53405e-09
1e-06 3.46279e-09
1.61026e-06 3.39296e-09
2.59294e-06 3.32454e-09
4.17532e-06 3.2575e-09
6.72336e-06 3.19181e-09
1.08264e-05 3.12745e-09
1.74333e-05 3.06438e-09
2.80722e-05 3.00259e-09
4.52035e-05 2.94204e-09
7.27895e-05 2.88272e-09
0.00011721 2.82459e-09
0.000188739 2.76763e-09
0.00030392 2.71182e-09
0.00048939 2.65713e-09
0.000788046 2.60355e-09
0.00126896 2.55105e-09
0.00204336 2.49961e-09
0.00329034 2.44921e-09
0.00529832 2.39982e-09
0.00853168 2.35143e-09
0.0137382 2.30401e-09
0.0221222 2.25755e-09
0.0356225 2.21202e-09
0.0573615 2.16742e-09
0.0923671 2.12371e-09
0.148735 2.08089e-09
0.239503 2.03893e-09
0.385662 1.99781e-09
0.621017 1.95753e-09
1 1.91805e-09
1.61026 1.87937e-09
2.59294 1.84148e-09
