6.74313e-06 2.9139e-09
6.90034e-06 2.912e-09
7.06123e-06 2.9101e-09
7.22586e-06 2.9082e-09
7.39433e-06 2.9063e-09
7.56673e-06 2.9044e-09
7.74315e-06 2.9025e-09
7.92368e-06 2.90061e-09
8.10843e-06 2.89871e-09
8.29748e-06 2.89682e-09
8.49093e-06 2.89493e-09
8.6889e-06 2.89303e-09
8.89148e-06 2.89114e-09
9.09879e-06 2.88926e-09
9.31093e-06 2.88737e-09
9.52801e-06 2.88548e-09
9.75016e-06 2.8836e-09
9.97749e-06 2.88171e-09
1.02101e-05 2.87983e-09
1.04482e-05 2.87795e-09
1.06918e-05 2.87607e-09
1.0941e-05 2.87419e-09
1.11961e-05 2.87231e-09
1.14572e-05 2.87044e-09
1.17243e-05 2.86856e-09
1.19977e-05 2.86669e-09
1.22774e-05 2.86482e-09
1.25636e-05 2.86295e-09
1.28566e-05 2.86108e-09
1.31563e-05 2.85921e-09
1.3463e-05 2.85734e-09
1.37769e-05 2.85547e-09
1.40982e-05 2.85361e-09
1.44269e-05 2.85174e-09
1.47632e-05 2.84988e-09
1.51074e-05 2.84802e-09
1.54597e-05 2.84616e-09
1.58201e-05 2.8443e-09
1.61889e-05 2.84244e-09
1.65664e-05 2.84058e-09
1.69526e-05 2.83873e-09
1.73479e-05 2.83687e-09
1.77524e-05 2.83502e-09
1.81663e-05 2.83317e-09
1.85898e-05 2.83132e-09
1.90232e-05 2.82947e-09
1.94668e-05 2.82762e-09
1.99206e-05 2.82577e-09
2.03851e-05 2.82393e-09
2.08604e-05 2.82208e-09
2.13467e-05 2.82024e-09
2.18444e-05 2.8184e-09
2.23537e-05 2.81656e-09
2.28749e-05 2.81472e-09
2.34083e-05 2.81288e-09
2.3954e-05 2.81104e-09
2.45125e-05 2.8092e-09
2.5084e-05 2.80737e-09
2.56689e-05 2.80554e-09
2.62673e-05 2.8037e-09
2.68798e-05 2.80187e-09
2.75065e-05 2.80004e-09
2.81478e-05 2.79821e-09
2.88041e-05 2.79638e-09
2.94756e-05 2.79456e-09
3.01629e-05 2.79273e-09
3.08661e-05 2.79091e-09
3.15858e-05 2.78908e-09
3.23222e-05 2.78726e-09
3.30758e-05 2.78544e-09
3.3847e-05 2.78362e-09
3.46361e-05 2.7818e-09
3.54436e-05 2.77999e-09
3.627e-05 2.77817e-09
3.71157e-05 2.77636e-09
3.7981e-05 2.77454e-09
3.88665e-05 2.77273e-09
3.97727e-05 2.77092e-09
4.07e-05 2.76911e-09
4.1649e-05 2.7673e-09
4.262e-05 2.76549e-09
4.36137e-05 2.76369e-09
4.46306e-05 2.76188e-09
4.56711e-05 2.76008e-09
4.6736e-05 2.75827e-09
4.78256e-05 2.75647e-09
4.89407e-05 2.75467e-09
5.00817e-05 2.75287e-09
5.12494e-05 2.75107e-09
5.24443e-05 2.74928e-09
5.3667e-05 2.74748e-09
5.49183e-05 2.74569e-09
5.61987e-05 2.74389e-09
5.7509e-05 2.7421e-09
5.88498e-05 2.74031e-09
6.02219e-05 2.73852e-09
6.1626e-05 2.73673e-09
6.30628e-05 2.73494e-09
6.45331e-05 2.73316e-09
6.60377e-05 2.73137e-09
6.75774e-05 2.72959e-09
6.9153e-05 2.7278e-09
7.07653e-05 2.72602e-09
7.24152e-05 2.72424e-09
7.41036e-05 2.72246e-09
7.58313e-05 2.72068e-09
7.75993e-05 2.71891e-09
7.94086e-05 2.71713e-09
8.126e-05 2.71535e-09
8.31546e-05 2.71358e-09
8.50934e-05 2.71181e-09
8.70773e-05 2.71004e-09
8.91075e-05 2.70827e-09
9.11851e-05 2.7065e-09
9.33111e-05 2.70473e-09
9.54866e-05 2.70296e-09
9.77129e-05 2.7012e-09
9.99911e-05 2.69943e-09
0.000102322 2.69767e-09
0.000104708 2.69591e-09
0.000107149 2.69415e-09
0.000109648 2.69239e-09
0.000112204 2.69063e-09
0.00011482 2.68887e-09
0.000117497 2.68711e-09
0.000120237 2.68536e-09
0.00012304 2.6836e-09
0.000125909 2.68185e-09
0.000128844 2.6801e-09
0.000131848 2.67835e-09
0.000134922 2.6766e-09
0.000138068 2.67485e-09
0.000141287 2.6731e-09
0.000144581 2.67136e-09
0.000147952 2.66961e-09
0.000151402 2.66787e-09
0.000154932 2.66613e-09
0.000158544 2.66438e-09
0.00016224 2.66264e-09
0.000166023 2.6609e-09
0.000169894 2.65917e-09
0.000173855 2.65743e-09
0.000177908 2.65569e-09
0.000182056 2.65396e-09
0.000186301 2.65222e-09
0.000190645 2.65049e-09
0.00019509 2.64876e-09
0.000199638 2.64703e-09
0.000204293 2.6453e-09
0.000209056 2.64357e-09
0.00021393 2.64185e-09
0.000218918 2.64012e-09
0.000224022 2.6384e-09
0.000229245 2.63667e-09
0.00023459 2.63495e-09
0.000240059 2.63323e-09
0.000245656 2.63151e-09
0.000251384 2.62979e-09
0.000257245 2.62807e-09
0.000263243 2.62636e-09
0.00026938 2.62464e-09
0.000275661 2.62293e-09
0.000282088 2.62121e-09
0.000288665 2.6195e-09
0.000295395 2.61779e-09
0.000302282 2.61608e-09
0.00030933 2.61437e-09
0.000316542 2.61266e-09
0.000323922 2.61096e-09
0.000331475 2.60925e-09
0.000339203 2.60755e-09
0.000347112 2.60584e-09
0.000355205 2.60414e-09
0.000363486 2.60244e-09
0.000371961 2.60074e-09
0.000380633 2.59904e-09
0.000389508 2.59734e-09
0.000398589 2.59565e-09
0.000407882 2.59395e-09
0.000417392 2.59226e-09
0.000427124 2.59056e-09
0.000437082 2.58887e-09
0.000447273 2.58718e-09
0.000457701 2.58549e-09
0.000468373 2.5838e-09
0.000479293 2.58211e-09
0.000490467 2.58043e-09
0.000501903 2.57874e-09
0.000513605 2.57706e-09
0.00052558 2.57537e-09
0.000537833 2.57369e-09
0.000550373 2.57201e-09
0.000563205 2.57033e-09
0.000576336 2.56865e-09
0.000589774 2.56697e-09
0.000603524 2.5653e-09
0.000617596 2.56362e-09
0.000631995 2.56195e-09
0.00064673 2.56027e-09
0.000661809 2.5586e-09
0.000677239 2.55693e-09
0.000693029 2.55526e-09
0.000709187 2.55359e-09
0.000725722 2.55192e-09
0.000742642 2.55025e-09
0.000759957 2.54859e-09
0.000777675 2.54692e-09
0.000795807 2.54526e-09
0.000814361 2.5436e-09
0.000833348 2.54193e-09
0.000852778 2.54027e-09
0.00087266 2.53861e-09
0.000893007 2.53696e-09
0.000913827 2.5353e-09
0.000935133 2.53364e-09
0.000956936 2.53199e-09
0.000979247 2.53033e-09
0.00100208 2.52868e-09
0.00102544 2.52703e-09
0.00104935 2.52538e-09
0.00107382 2.52373e-09
0.00109885 2.52208e-09
0.00112447 2.52043e-09
0.00115069 2.51879e-09
0.00117752 2.51714e-09
0.00120497 2.5155e-09
0.00123307 2.51385e-09
0.00126182 2.51221e-09
0.00129123 2.51057e-09
0.00132134 2.50893e-09
0.00135215 2.50729e-09
0.00138367 2.50565e-09
0.00141593 2.50402e-09
0.00144895 2.50238e-09
0.00148273 2.50075e-09
0.0015173 2.49911e-09
0.00155267 2.49748e-09
0.00158888 2.49585e-09
0.00162592 2.49422e-09
0.00166383 2.49259e-09
0.00170262 2.49096e-09
0.00174232 2.48933e-09
0.00178294 2.48771e-09
0.00182451 2.48608e-09
0.00186705 2.48446e-09
0.00191058 2.48284e-09
0.00195512 2.48121e-09
0.00200071 2.47959e-09
0.00204736 2.47797e-09
0.00209509 2.47636e-09
0.00214394 2.47474e-09
0.00219392 2.47312e-09
0.00224507 2.47151e-09
0.00229742 2.46989e-09
0.00235098 2.46828e-09
0.0024058 2.46667e-09
0.00246189 2.46505e-09
0.00251929 2.46344e-09
0.00257803 2.46184e-09
0.00263813 2.46023e-09
0.00269964 2.45862e-09
0.00276258 2.45701e-09
0.00282699 2.45541e-09
0.00289291 2.45381e-09
0.00296035 2.4522e-09
0.00302937 2.4506e-09
0.00310001 2.449e-09
0.00317228 2.4474e-09
0.00324624 2.4458e-09
0.00332193 2.4442e-09
0.00339938 2.44261e-09
0.00347864 2.44101e-09
0.00355974 2.43942e-09
0.00364274 2.43782e-09
0.00372767 2.43623e-09
0.00381458 2.43464e-09
0.00390352 2.43305e-09
0.00399453 2.43146e-09
0.00408766 2.42987e-09
0.00418297 2.42828e-09
0.0042805 2.4267e-09
0.0043803 2.42511e-09
0.00448242 2.42353e-09
0.00458693 2.42195e-09
0.00469388 2.42036e-09
0.00480331 2.41878e-09
0.0049153 2.4172e-09
0.00502991 2.41562e-09
0.00514718 2.41405e-09
0.00526719 2.41247e-09
0.00538999 2.41089e-09
0.00551566 2.40932e-09
0.00564426 2.40774e-09
0.00577586 2.40617e-09
0.00591052 2.4046e-09
0.00604832 2.40303e-09
0.00618934 2.40146e-09
0.00633365 2.39989e-09
0.00648132 2.39832e-09
0.00663243 2.39676e-09
0.00678707 2.39519e-09
0.00694531 2.39363e-09
0.00710724 2.39206e-09
0.00727295 2.3905e-09
0.00744251 2.38894e-09
0.00761604 2.38738e-09
0.00779361 2.38582e-09
0.00797532 2.38426e-09
0.00816126 2.3827e-09
0.00835154 2.38115e-09
0.00854626 2.37959e-09
0.00874552 2.37804e-09
0.00894942 2.37648e-09
0.00915808 2.37493e-09
0.0093716 2.37338e-09
0.0095901 2.37183e-09
0.00981369 2.37028e-09
0.0100425 2.36873e-09
0.0102766 2.36718e-09
0.0105162 2.36564e-09
0.0107614 2.36409e-09
0.0110123 2.36255e-09
0.0112691 2.361e-09
0.0115318 2.35946e-09
0.0118007 2.35792e-09
0.0120758 2.35638e-09
0.0123574 2.35484e-09
0.0126455 2.3533e-09
0.0129403 2.35177e-09
0.013242 2.35023e-09
0.0135508 2.34869e-09
0.0138667 2.34716e-09
0.01419 2.34563e-09
0.0145209 2.34409e-09
0.0148594 2.34256e-09
0.0152059 2.34103e-09
0.0155604 2.3395e-09
0.0159232 2.33798e-09
0.0162944 2.33645e-09
0.0166743 2.33492e-09
0.0170631 2.3334e-09
0.0174609 2.33187e-09
0.017868 2.33035e-09
0.0182846 2.32883e-09
0.0187109 2.32731e-09
0.0191472 2.32579e-09
0.0195936 2.32427e-09
0.0200504 2.32275e-09
0.0205179 2.32123e-09
0.0209963 2.31972e-09
0.0214858 2.3182e-09
0.0219868 2.31669e-09
0.0224994 2.31517e-09
0.023024 2.31366e-09
0.0235608 2.31215e-09
0.0241101 2.31064e-09
0.0246722 2.30913e-09
0.0252475 2.30762e-09
0.0258361 2.30611e-09
0.0264385 2.30461e-09
0.0270549 2.3031e-09
0.0276857 2.3016e-09
0.0283312 2.30009e-09
0.0289918 2.29859e-09
0.0296677 2.29709e-09
0.0303594 2.29559e-09
0.0310672 2.29409e-09
0.0317916 2.29259e-09
0.0325328 2.29109e-09
0.0332913 2.2896e-09
0.0340675 2.2881e-09
0.0348618 2.28661e-09
0.0356746 2.28511e-09
0.0365064 2.28362e-09
0.0373575 2.28213e-09
0.0382285 2.28064e-09
0.0391198 2.27915e-09
0.0400319 2.27766e-09
0.0409652 2.27617e-09
0.0419203 2.27468e-09
0.0428977 2.2732e-09
0.0438979 2.27171e-09
0.0449214 2.27023e-09
0.0459687 2.26875e-09
0.0470405 2.26726e-09
0.0481373 2.26578e-09
0.0492596 2.2643e-09
0.0504081 2.26282e-09
0.0515833 2.26135e-09
0.052786 2.25987e-09
0.0540167 2.25839e-09
0.0552761 2.25692e-09
0.0565649 2.25544e-09
0.0578837 2.25397e-09
0.0592333 2.2525e-09
0.0606143 2.25103e-09
0.0620276 2.24956e-09
0.0634737 2.24809e-09
0.0649536 2.24662e-09
0.0664681 2.24515e-09
0.0680178 2.24368e-09
0.0696036 2.24222e-09
0.0712264 2.24075e-09
0.0728871 2.23929e-09
0.0745865 2.23783e-09
0.0763254 2.23637e-09
0.078105 2.2349e-09
0.079926 2.23344e-09
0.0817895 2.23199e-09
0.0836964 2.23053e-09
0.0856478 2.22907e-09
0.0876447 2.22761e-09
0.0896882 2.22616e-09
0.0917793 2.22471e-09
0.0939191 2.22325e-09
0.0961089 2.2218e-09
0.0983496 2.22035e-09
0.100643 2.2189e-09
0.102989 2.21745e-09
0.10539 2.216e-09
0.107848 2.21455e-09
0.110362 2.21311e-09
0.112935 2.21166e-09
0.115568 2.21022e-09
0.118263 2.20877e-09
0.12102 2.20733e-09
0.123842 2.20589e-09
0.126729 2.20445e-09
0.129684 2.20301e-09
0.132707 2.20157e-09
0.135801 2.20013e-09
0.138968 2.19869e-09
0.142208 2.19726e-09
0.145523 2.19582e-09
0.148916 2.19439e-09
0.152388 2.19295e-09
0.155941 2.19152e-09
0.159577 2.19009e-09
0.163298 2.18866e-09
0.167105 2.18723e-09
0.171001 2.1858e-09
0.174988 2.18437e-09
0.179068 2.18294e-09
0.183243 2.18152e-09
0.187515 2.18009e-09
0.191887 2.17867e-09
0.196361 2.17725e-09
0.200939 2.17582e-09
0.205624 2.1744e-09
0.210418 2.17298e-09
0.215324 2.17156e-09
0.220344 2.17014e-09
0.225482 2.16873e-09
0.230739 2.16731e-09
0.236119 2.16589e-09
0.241624 2.16448e-09
0.247257 2.16307e-09
0.253022 2.16165e-09
0.258921 2.16024e-09
0.264958 2.15883e-09
0.271136 2.15742e-09
0.277457 2.15601e-09
0.283926 2.1546e-09
0.290546 2.15319e-09
0.29732 2.15179e-09
0.304252 2.15038e-09
0.311346 2.14898e-09
0.318605 2.14757e-09
0.326033 2.14617e-09
0.333635 2.14477e-09
0.341413 2.14337e-09
0.349373 2.14197e-09
0.357519 2.14057e-09
0.365855 2.13917e-09
0.374385 2.13777e-09
0.383114 2.13638e-09
0.392046 2.13498e-09
