3.85662e-07 6.46652e-11
6.21017e-07 1.42353e-10
1e-06 2.17359e-10
1.61026e-06 2.1911e-10
2.59294e-06 2.20875e-10
4.17532e-06 2.22654e-10
6.72336e-06 2.24448e-10
1.08264e-05 2.26256e-10
1.74333e-05 2.28078e-10
2.80722e-05 2.29916e-10
4.52035e-05 2.31768e-10
7.27895e-05 2.33635e-10
0.00011721 2.35517e-10
0.000188739 2.37414e-10
0.00030392 2.39326e-10
0.00048939 2.41254e-10
0.000788046 2.43197e-10
0.00126896 2.45156e-10
0.00204336 2.47131e-10
0.00329034 2.49122e-10
0.00529832 2.51128e-10
0.00853168 2.53151e-10
0.0137382 2.58907e-10
0.0221222 2.85975e-10
0.0356225 3.15873e-10
0.0573615 3.48897e-10
0.0923671 3.85374e-10
0.148735 4.25664e-10
0.239503 4.70167e-10
0.385662 5.19322e-10
0.621017 5.73616e-10
1 6.33586e-10
1.61026 2.71828
2.59294 2.71828
