6.80726e-06 3.26306e-09
6.96602e-06 3.25958e-09
7.12848e-06 3.25611e-09
7.29473e-06 3.25263e-09
7.46485e-06 3.24917e-09
7.63895e-06 3.2457e-09
7.8171e-06 3.24224e-09
7.99941e-06 3.23878e-09
8.18597e-06 3.23533e-09
8.37688e-06 3.23188e-09
8.57225e-06 3.22843e-09
8.77217e-06 3.22499e-09
8.97675e-06 3.22155e-09
9.1861e-06 3.21812e-09
9.40034e-06 3.21468e-09
9.61957e-06 3.21126e-09
9.84392e-06 3.20783e-09
1.00735e-05 3.20441e-09
1.03084e-05 3.20099e-09
1.05488e-05 3.19758e-09
1.07949e-05 3.19417e-09
1.10466e-05 3.19077e-09
1.13042e-05 3.18736e-09
1.15679e-05 3.18396e-09
1.18377e-05 3.18057e-09
1.21137e-05 3.17718e-09
1.23963e-05 3.17379e-09
1.26854e-05 3.17041e-09
1.29812e-05 3.16702e-09
1.32839e-05 3.16365e-09
1.35938e-05 3.16027e-09
1.39108e-05 3.1569e-09
1.42352e-05 3.15354e-09
1.45672e-05 3.15018e-09
1.49069e-05 3.14682e-09
1.52546e-05 3.14346e-09
1.56104e-05 3.14011e-09
1.59744e-05 3.13676e-09
1.6347e-05 3.13342e-09
1.67282e-05 3.13007e-09
1.71183e-05 3.12674e-09
1.75176e-05 3.1234e-09
1.79261e-05 3.12007e-09
1.83442e-05 3.11674e-09
1.8772e-05 3.11342e-09
1.92098e-05 3.1101e-09
1.96578e-05 3.10678e-09
2.01163e-05 3.10347e-09
2.05854e-05 3.10016e-09
2.10655e-05 3.09686e-09
2.15568e-05 3.09355e-09
2.20595e-05 3.09026e-09
2.2574e-05 3.08696e-09
2.31005e-05 3.08367e-09
2.36392e-05 3.08038e-09
2.41905e-05 3.0771e-09
2.47547e-05 3.07381e-09
2.5332e-05 3.07054e-09
2.59228e-05 3.06726e-09
2.65274e-05 3.06399e-09
2.7146e-05 3.06072e-09
2.77791e-05 3.05746e-09
2.8427e-05 3.0542e-09
2.909e-05 3.05094e-09
2.97684e-05 3.04769e-09
3.04626e-05 3.04444e-09
3.11731e-05 3.04119e-09
3.19001e-05 3.03795e-09
3.26441e-05 3.03471e-09
3.34054e-05 3.03148e-09
3.41845e-05 3.02824e-09
3.49817e-05 3.02501e-09
3.57976e-05 3.02179e-09
3.66324e-05 3.01857e-09
3.74867e-05 3.01535e-09
3.8361e-05 3.01213e-09
3.92557e-05 3.00892e-09
4.01712e-05 3.00571e-09
4.1108e-05 3.00251e-09
4.20668e-05 2.99931e-09
4.30478e-05 2.99611e-09
4.40518e-05 2.99291e-09
4.50791e-05 2.98972e-09
4.61305e-05 2.98653e-09
4.72063e-05 2.98335e-09
4.83073e-05 2.98017e-09
4.94339e-05 2.97699e-09
5.05868e-05 2.97381e-09
5.17665e-05 2.97064e-09
5.29738e-05 2.96748e-09
5.42093e-05 2.96431e-09
5.54735e-05 2.96115e-09
5.67673e-05 2.95799e-09
5.80912e-05 2.95484e-09
5.9446e-05 2.95169e-09
6.08324e-05 2.94854e-09
6.22511e-05 2.9454e-09
6.37029e-05 2.94226e-09
6.51886e-05 2.93912e-09
6.67089e-05 2.93598e-09
6.82647e-05 2.93285e-09
6.98567e-05 2.92973e-09
7.14859e-05 2.9266e-09
7.31531e-05 2.92348e-09
7.48592e-05 2.92036e-09
7.6605e-05 2.91725e-09
7.83916e-05 2.91414e-09
8.02198e-05 2.91103e-09
8.20907e-05 2.90793e-09
8.40052e-05 2.90483e-09
8.59643e-05 2.90173e-09
8.79692e-05 2.89863e-09
9.00208e-05 2.89554e-09
9.21202e-05 2.89246e-09
9.42686e-05 2.88937e-09
9.64672e-05 2.88629e-09
9.8717e-05 2.88321e-09
0.000101019 2.88014e-09
0.000103375 2.87707e-09
0.000105786 2.874e-09
0.000108253 2.87093e-09
0.000110778 2.86787e-09
0.000113361 2.86482e-09
0.000116005 2.86176e-09
0.000118711 2.85871e-09
0.000121479 2.85566e-09
0.000124312 2.85262e-09
0.000127211 2.84957e-09
0.000130178 2.84654e-09
0.000133214 2.8435e-09
0.000136321 2.84047e-09
0.0001395 2.83744e-09
0.000142754 2.83441e-09
0.000146083 2.83139e-09
0.00014949 2.82837e-09
0.000152976 2.82536e-09
0.000156544 2.82234e-09
0.000160195 2.81933e-09
0.000163931 2.81633e-09
0.000167754 2.81332e-09
0.000171666 2.81032e-09
0.00017567 2.80733e-09
0.000179767 2.80433e-09
0.000183959 2.80134e-09
0.00018825 2.79836e-09
0.00019264 2.79537e-09
0.000197133 2.79239e-09
0.00020173 2.78941e-09
0.000206435 2.78644e-09
0.000211249 2.78347e-09
0.000216176 2.7805e-09
0.000221218 2.77753e-09
0.000226377 2.77457e-09
0.000231657 2.77161e-09
0.000237059 2.76866e-09
0.000242588 2.76571e-09
0.000248245 2.76276e-09
0.000254035 2.75981e-09
0.00025996 2.75687e-09
0.000266022 2.75393e-09
0.000272226 2.75099e-09
0.000278575 2.74806e-09
0.000285072 2.74513e-09
0.00029172 2.7422e-09
0.000298524 2.73928e-09
0.000305486 2.73636e-09
0.000312611 2.73344e-09
0.000319901 2.73052e-09
0.000327362 2.72761e-09
0.000334997 2.7247e-09
0.000342809 2.7218e-09
0.000350804 2.7189e-09
0.000358986 2.716e-09
0.000367358 2.7131e-09
0.000375925 2.71021e-09
0.000384693 2.70732e-09
0.000393664 2.70443e-09
0.000402845 2.70155e-09
0.00041224 2.69867e-09
0.000421855 2.69579e-09
0.000431693 2.69291e-09
0.000441761 2.69004e-09
0.000452063 2.68717e-09
0.000462606 2.68431e-09
0.000473395 2.68145e-09
0.000484436 2.67859e-09
0.000495734 2.67573e-09
0.000507295 2.67288e-09
0.000519126 2.67003e-09
0.000531233 2.66718e-09
0.000543622 2.66434e-09
0.000556301 2.66149e-09
0.000569275 2.65866e-09
0.000582551 2.65582e-09
0.000596137 2.65299e-09
0.00061004 2.65016e-09
0.000624268 2.64733e-09
0.000638827 2.64451e-09
0.000653725 2.64169e-09
0.000668971 2.63887e-09
0.000684573 2.63606e-09
0.000700538 2.63325e-09
0.000716876 2.63044e-09
0.000733595 2.62764e-09
0.000750704 2.62484e-09
0.000768212 2.62204e-09
0.000786128 2.61924e-09
0.000804462 2.61645e-09
0.000823223 2.61366e-09
0.000842422 2.61087e-09
0.000862069 2.60809e-09
0.000882174 2.6053e-09
0.000902748 2.60253e-09
0.000923802 2.59975e-09
0.000945346 2.59698e-09
0.000967394 2.59421e-09
0.000989955 2.59144e-09
0.00101304 2.58868e-09
0.00103667 2.58592e-09
0.00106085 2.58316e-09
0.00108559 2.58041e-09
0.0011109 2.57766e-09
0.00113681 2.57491e-09
0.00116333 2.57216e-09
0.00119046 2.56942e-09
0.00121822 2.56668e-09
0.00124663 2.56394e-09
0.0012757 2.56121e-09
0.00130546 2.55848e-09
0.0013359 2.55575e-09
0.00136706 2.55302e-09
0.00139894 2.5503e-09
0.00143157 2.54758e-09
0.00146495 2.54487e-09
0.00149912 2.54215e-09
0.00153408 2.53944e-09
0.00156986 2.53673e-09
0.00160647 2.53403e-09
0.00164394 2.53133e-09
0.00168227 2.52863e-09
0.00172151 2.52593e-09
0.00176166 2.52324e-09
0.00180274 2.52055e-09
0.00184479 2.51786e-09
0.00188781 2.51517e-09
0.00193184 2.51249e-09
0.00197689 2.50981e-09
0.002023 2.50714e-09
0.00207018 2.50446e-09
0.00211846 2.50179e-09
0.00216786 2.49912e-09
0.00221842 2.49646e-09
0.00227016 2.4938e-09
0.0023231 2.49114e-09
0.00237728 2.48848e-09
0.00243272 2.48583e-09
0.00248946 2.48318e-09
0.00254752 2.48053e-09
0.00260693 2.47789e-09
0.00266773 2.47524e-09
0.00272995 2.4726e-09
0.00279361 2.46997e-09
0.00285876 2.46733e-09
0.00292544 2.4647e-09
0.00299366 2.46207e-09
0.00306348 2.45945e-09
0.00313493 2.45683e-09
0.00320804 2.45421e-09
0.00328286 2.45159e-09
0.00335942 2.44897e-09
0.00343777 2.44636e-09
0.00351794 2.44375e-09
0.00359999 2.44115e-09
0.00368394 2.43855e-09
0.00376986 2.43595e-09
0.00385778 2.43335e-09
0.00394775 2.43075e-09
0.00403982 2.42816e-09
0.00413404 2.42557e-09
0.00423045 2.42299e-09
0.00432911 2.4204e-09
0.00443007 2.41782e-09
0.00453339 2.41524e-09
0.00463912 2.41267e-09
0.00474731 2.41009e-09
0.00485803 2.40752e-09
0.00497132 2.40496e-09
0.00508726 2.40239e-09
0.00520591 2.39983e-09
0.00532732 2.39727e-09
0.00545156 2.39472e-09
0.0055787 2.39216e-09
0.00570881 2.38961e-09
0.00584195 2.38706e-09
0.00597819 2.38452e-09
0.00611762 2.38198e-09
0.00626029 2.37944e-09
0.00640629 2.3769e-09
0.0065557 2.37436e-09
0.00670859 2.37183e-09
0.00686505 2.3693e-09
0.00702515 2.36678e-09
0.00718899 2.36425e-09
0.00735665 2.36173e-09
0.00752822 2.35921e-09
0.00770379 2.3567e-09
0.00788346 2.35418e-09
0.00806732 2.35167e-09
0.00825546 2.34917e-09
0.00844799 2.34666e-09
0.00864502 2.34416e-09
0.00884663 2.34166e-09
0.00905295 2.33916e-09
0.00926408 2.33667e-09
0.00948014 2.33418e-09
0.00970123 2.33169e-09
0.00992748 2.3292e-09
0.010159 2.32672e-09
0.0103959 2.32424e-09
0.0106384 2.32176e-09
0.0108865 2.31928e-09
0.0111404 2.31681e-09
0.0114002 2.31434e-09
0.0116661 2.31187e-09
0.0119382 2.30941e-09
0.0122166 2.30694e-09
0.0125015 2.30448e-09
0.012793 2.30203e-09
0.0130914 2.29957e-09
0.0133967 2.29712e-09
0.0137092 2.29467e-09
0.0140289 2.29222e-09
0.0143561 2.28978e-09
0.0146909 2.28734e-09
0.0150335 2.2849e-09
0.0153841 2.28246e-09
0.0157429 2.28003e-09
0.01611 2.2776e-09
0.0164857 2.27517e-09
0.0168702 2.27274e-09
0.0172637 2.27032e-09
0.0176663 2.2679e-09
0.0180783 2.26548e-09
0.0184999 2.26306e-09
0.0189314 2.26065e-09
0.0193729 2.25824e-09
0.0198247 2.25583e-09
0.020287 2.25343e-09
0.0207602 2.25102e-09
0.0212443 2.24862e-09
0.0217398 2.24622e-09
0.0222468 2.24383e-09
0.0227656 2.24144e-09
0.0232966 2.23905e-09
0.0238399 2.23666e-09
0.0243959 2.23427e-09
0.0249648 2.23189e-09
0.0255471 2.22951e-09
0.0261429 2.22713e-09
0.0267526 2.22476e-09
0.0273765 2.22239e-09
0.028015 2.22002e-09
0.0286683 2.21765e-09
0.0293369 2.21528e-09
0.0300211 2.21292e-09
0.0307212 2.21056e-09
0.0314377 2.20821e-09
0.0321709 2.20585e-09
0.0329212 2.2035e-09
0.033689 2.20115e-09
0.0344747 2.1988e-09
0.0352787 2.19646e-09
0.0361014 2.19412e-09
0.0369434 2.19178e-09
0.037805 2.18944e-09
0.0386867 2.1871e-09
0.0395889 2.18477e-09
0.0405122 2.18244e-09
0.041457 2.18011e-09
0.0424239 2.17779e-09
0.0434133 2.17547e-09
0.0444257 2.17315e-09
0.0454618 2.17083e-09
0.0465221 2.16852e-09
0.0476071 2.1662e-09
0.0487173 2.16389e-09
0.0498535 2.16159e-09
0.0510162 2.15928e-09
0.052206 2.15698e-09
0.0534235 2.15468e-09
0.0546695 2.15238e-09
0.0559445 2.15009e-09
0.0572492 2.14779e-09
0.0585843 2.1455e-09
0.0599506 2.14321e-09
0.0613488 2.14093e-09
0.0627796 2.13865e-09
0.0642437 2.13637e-09
0.065742 2.13409e-09
0.0672752 2.13181e-09
0.0688442 2.12954e-09
0.0704497 2.12727e-09
0.0720928 2.125e-09
0.0737741 2.12273e-09
0.0754946 2.12047e-09
0.0772553 2.11821e-09
0.079057 2.11595e-09
0.0809008 2.11369e-09
0.0827876 2.11144e-09
0.0847183 2.10919e-09
0.0866941 2.10694e-09
0.088716 2.10469e-09
0.090785 2.10245e-09
0.0929023 2.10021e-09
0.0950689 2.09797e-09
0.0972861 2.09573e-09
0.099555 2.0935e-09
0.101877 2.09126e-09
0.104253 2.08903e-09
0.106684 2.08681e-09
0.109172 2.08458e-09
0.111718 2.08236e-09
0.114324 2.08014e-09
0.11699 2.07792e-09
0.119718 2.0757e-09
0.12251 2.07349e-09
0.125368 2.07128e-09
0.128291 2.06907e-09
0.131283 2.06686e-09
0.134345 2.06466e-09
0.137478 2.06246e-09
0.140685 2.06026e-09
0.143966 2.05806e-09
0.147323 2.05587e-09
0.150759 2.05368e-09
0.154275 2.05149e-09
0.157873 2.0493e-09
0.161555 2.04711e-09
0.165323 2.04493e-09
0.169178 2.04275e-09
0.173124 2.04057e-09
0.177161 2.03839e-09
0.181293 2.03622e-09
0.185521 2.03405e-09
0.189848 2.03188e-09
0.194275 2.02971e-09
0.198806 2.02755e-09
0.203443 2.02539e-09
0.208187 2.02323e-09
0.213043 2.02107e-09
0.218011 2.01892e-09
0.223096 2.01676e-09
0.228299 2.01461e-09
0.233623 2.01246e-09
0.239072 2.01032e-09
0.244647 2.00817e-09
0.250353 2.00603e-09
0.256191 2.00389e-09
0.262166 2.00176e-09
0.268281 1.99962e-09
0.274537 1.99749e-09
0.28094 1.99536e-09
0.287492 1.99323e-09
0.294197 1.99111e-09
0.301058 1.98898e-09
0.308079 1.98686e-09
0.315264 1.98474e-09
0.322617 1.98263e-09
0.330141 1.98051e-09
0.33784 1.9784e-09
0.345719 1.97629e-09
0.353782 1.97418e-09
0.362033 1.97208e-09
0.370476 1.96998e-09
0.379117 1.96788e-09
0.387958 1.96578e-09
0.397006 1.96368e-09
0.406265 1.96159e-09
0.41574 1.9595e-09
0.425436 1.95741e-09
0.435358 1.95532e-09
0.445511 1.95323e-09
0.455901 1.95115e-09
0.466534 1.94907e-09
0.477414 1.94699e-09
0.488548 1.94492e-09
0.499942 1.94284e-09
0.511601 1.94077e-09
0.523533 1.9387e-09
0.535743 1.93663e-09
0.548237 1.93457e-09
0.561023 1.93251e-09
0.574107 1.93045e-09
0.587496 1.92839e-09
0.601198 1.92633e-09
0.615219 1.92428e-09
0.629567 1.92222e-09
