7.36141e-06 1.95443e-09
7.53311e-06 1.95607e-09
7.70882e-06 1.95771e-09
7.88862e-06 1.95934e-09
8.07262e-06 1.96098e-09
8.26091e-06 1.96263e-09
8.4536e-06 1.96427e-09
8.65077e-06 1.96591e-09
8.85255e-06 1.96756e-09
9.05903e-06 1.96921e-09
9.27033e-06 1.97085e-09
9.48655e-06 1.9725e-09
9.70782e-06 1.97415e-09
9.93426e-06 1.97581e-09
1.0166e-05 1.97746e-09
1.04031e-05 1.97912e-09
1.06457e-05 1.98077e-09
1.0894e-05 1.98243e-09
1.11481e-05 1.98409e-09
1.14082e-05 1.98575e-09
1.16743e-05 1.98741e-09
1.19466e-05 1.98908e-09
1.22252e-05 1.99074e-09
1.25103e-05 1.99241e-09
1.28021e-05 1.99408e-09
1.31008e-05 1.99575e-09
1.34063e-05 1.99742e-09
1.3719e-05 1.99909e-09
1.4039e-05 2.00076e-09
1.43665e-05 2.00244e-09
1.47016e-05 2.00411e-09
1.50445e-05 2.00579e-09
1.53954e-05 2.00747e-09
1.57545e-05 2.00915e-09
1.61219e-05 2.01083e-09
1.6498e-05 2.01251e-09
1.68828e-05 2.0142e-09
1.72766e-05 2.01588e-09
1.76795e-05 2.01757e-09
1.80919e-05 2.01926e-09
1.85139e-05 2.02095e-09
1.89457e-05 2.02264e-09
1.93876e-05 2.02434e-09
1.98398e-05 2.02603e-09
2.03026e-05 2.02773e-09
2.07761e-05 2.02942e-09
2.12607e-05 2.03112e-09
2.17566e-05 2.03282e-09
2.22641e-05 2.03452e-09
2.27834e-05 2.03623e-09
2.33148e-05 2.03793e-09
2.38586e-05 2.03964e-09
2.44151e-05 2.04134e-09
2.49846e-05 2.04305e-09
2.55673e-05 2.04476e-09
2.61637e-05 2.04647e-09
2.67739e-05 2.04819e-09
2.73984e-05 2.0499e-09
2.80375e-05 2.05162e-09
2.86914e-05 2.05334e-09
2.93606e-05 2.05505e-09
3.00455e-05 2.05677e-09
3.07463e-05 2.0585e-09
3.14634e-05 2.06022e-09
3.21973e-05 2.06194e-09
3.29483e-05 2.06367e-09
3.37168e-05 2.0654e-09
3.45032e-05 2.06713e-09
3.5308e-05 2.06886e-09
3.61315e-05 2.07059e-09
3.69743e-05 2.07232e-09
3.78367e-05 2.07406e-09
3.87192e-05 2.07579e-09
3.96223e-05 2.07753e-09
4.05465e-05 2.07927e-09
4.14922e-05 2.08101e-09
4.246e-05 2.08275e-09
4.34504e-05 2.08449e-09
4.44638e-05 2.08624e-09
4.55009e-05 2.08799e-09
4.65622e-05 2.08973e-09
4.76483e-05 2.09148e-09
4.87596e-05 2.09323e-09
4.98969e-05 2.09498e-09
5.10608e-05 2.09674e-09
5.22517e-05 2.09849e-09
5.34705e-05 2.10025e-09
5.47177e-05 2.10201e-09
5.59939e-05 2.10377e-09
5.73e-05 2.10553e-09
5.86365e-05 2.10729e-09
6.00041e-05 2.10906e-09
6.14037e-05 2.11082e-09
6.28359e-05 2.11259e-09
6.43015e-05 2.11436e-09
6.58014e-05 2.11613e-09
6.73361e-05 2.1179e-09
6.89067e-05 2.11967e-09
7.0514e-05 2.12144e-09
7.21587e-05 2.12322e-09
7.38417e-05 2.125e-09
7.55641e-05 2.12678e-09
7.73266e-05 2.12856e-09
7.91302e-05 2.13034e-09
8.09759e-05 2.13212e-09
8.28646e-05 2.13391e-09
8.47974e-05 2.13569e-09
8.67752e-05 2.13748e-09
8.87992e-05 2.13927e-09
9.08704e-05 2.14106e-09
9.29899e-05 2.14285e-09
9.51589e-05 2.14465e-09
9.73784e-05 2.14644e-09
9.96497e-05 2.14824e-09
0.000101974 2.15004e-09
0.000104353 2.15183e-09
0.000106787 2.15364e-09
0.000109277 2.15544e-09
0.000111826 2.15724e-09
0.000114434 2.15905e-09
0.000117104 2.16086e-09
0.000119835 2.16266e-09
0.00012263 2.16448e-09
0.00012549 2.16629e-09
0.000128417 2.1681e-09
0.000131413 2.16991e-09
0.000134478 2.17173e-09
0.000137614 2.17355e-09
0.000140824 2.17537e-09
0.000144109 2.17719e-09
0.00014747 2.17901e-09
0.00015091 2.18084e-09
0.00015443 2.18266e-09
0.000158032 2.18449e-09
0.000161718 2.18632e-09
0.00016549 2.18815e-09
0.00016935 2.18998e-09
0.0001733 2.19181e-09
0.000177342 2.19365e-09
0.000181478 2.19548e-09
0.000185711 2.19732e-09
0.000190043 2.19916e-09
0.000194476 2.201e-09
0.000199012 2.20284e-09
0.000203653 2.20469e-09
0.000208404 2.20653e-09
0.000213265 2.20838e-09
0.000218239 2.21023e-09
0.000223329 2.21208e-09
0.000228538 2.21393e-09
0.000233869 2.21578e-09
0.000239324 2.21764e-09
0.000244906 2.21949e-09
0.000250618 2.22135e-09
0.000256464 2.22321e-09
0.000262446 2.22507e-09
0.000268567 2.22693e-09
0.000274831 2.2288e-09
0.000281242 2.23066e-09
0.000287801 2.23253e-09
0.000294514 2.2344e-09
0.000301384 2.23627e-09
0.000308413 2.23814e-09
0.000315607 2.24002e-09
0.000322968 2.24189e-09
0.000330502 2.24377e-09
0.00033821 2.24565e-09
0.000346099 2.24752e-09
0.000354172 2.24941e-09
0.000362432 2.25129e-09
0.000370886 2.25317e-09
0.000379537 2.25506e-09
0.000388389 2.25695e-09
0.000397448 2.25884e-09
0.000406719 2.26073e-09
0.000416205 2.26262e-09
0.000425913 2.26451e-09
0.000435847 2.26641e-09
0.000446013 2.26831e-09
0.000456416 2.2702e-09
0.000467062 2.27211e-09
0.000477956 2.27401e-09
0.000489104 2.27591e-09
0.000500512 2.27782e-09
0.000512187 2.27972e-09
0.000524133 2.28163e-09
0.000536358 2.28354e-09
0.000548869 2.28545e-09
0.000561671 2.28736e-09
0.000574772 2.28928e-09
0.000588178 2.2912e-09
0.000601897 2.29311e-09
0.000615936 2.29503e-09
0.000630302 2.29695e-09
0.000645004 2.29888e-09
0.000660048 2.3008e-09
0.000675444 2.30273e-09
0.000691198 2.30465e-09
0.00070732 2.30658e-09
0.000723818 2.30851e-09
0.000740701 2.31045e-09
0.000757977 2.31238e-09
0.000775657 2.31432e-09
0.000793749 2.31625e-09
0.000812263 2.31819e-09
0.000831208 2.32013e-09
0.000850596 2.32207e-09
0.000870436 2.32402e-09
0.000890738 2.32596e-09
0.000911514 2.32791e-09
0.000932775 2.32986e-09
0.000954532 2.33181e-09
0.000976796 2.33376e-09
0.000999579 2.33571e-09
0.00102289 2.33767e-09
0.00104675 2.33963e-09
0.00107117 2.34159e-09
0.00109615 2.34355e-09
0.00112172 2.34551e-09
0.00114788 2.34747e-09
0.00117466 2.34944e-09
0.00120206 2.3514e-09
0.00123009 2.35337e-09
0.00125878 2.35534e-09
0.00128814 2.35731e-09
0.00131819 2.35928e-09
0.00134894 2.36126e-09
0.0013804 2.36324e-09
0.0014126 2.36521e-09
0.00144555 2.36719e-09
0.00147926 2.36918e-09
0.00151376 2.37116e-09
0.00154907 2.37314e-09
0.0015852 2.37513e-09
0.00162218 2.37712e-09
0.00166002 2.37911e-09
0.00169873 2.3811e-09
0.00173836 2.38309e-09
0.0017789 2.38509e-09
0.0018204 2.38708e-09
0.00186286 2.38908e-09
0.00190631 2.39108e-09
0.00195077 2.39308e-09
0.00199627 2.39509e-09
0.00204283 2.39709e-09
0.00209048 2.3991e-09
0.00213924 2.40111e-09
0.00218914 2.40312e-09
0.0022402 2.40513e-09
0.00229245 2.40714e-09
0.00234592 2.40915e-09
0.00240064 2.41117e-09
0.00245663 2.41319e-09
0.00251393 2.41521e-09
0.00257257 2.41723e-09
0.00263257 2.41925e-09
0.00269398 2.42128e-09
0.00275681 2.42331e-09
0.00282111 2.42534e-09
0.00288691 2.42737e-09
0.00295425 2.4294e-09
0.00302316 2.43143e-09
0.00309367 2.43347e-09
0.00316583 2.4355e-09
0.00323967 2.43754e-09
0.00331524 2.43958e-09
0.00339256 2.44162e-09
0.00347169 2.44367e-09
0.00355267 2.44571e-09
0.00363553 2.44776e-09
0.00372033 2.44981e-09
0.0038071 2.45186e-09
0.0038959 2.45391e-09
0.00398677 2.45597e-09
0.00407976 2.45802e-09
0.00417492 2.46008e-09
0.0042723 2.46214e-09
0.00437195 2.4642e-09
0.00447392 2.46626e-09
0.00457828 2.46833e-09
0.00468506 2.47039e-09
0.00479434 2.47246e-09
0.00490617 2.47453e-09
0.0050206 2.4766e-09
0.0051377 2.47867e-09
0.00525754 2.48075e-09
0.00538017 2.48283e-09
0.00550566 2.4849e-09
0.00563408 2.48698e-09
0.00576549 2.48907e-09
0.00589997 2.49115e-09
0.00603758 2.49323e-09
0.00617841 2.49532e-09
0.00632251 2.49741e-09
0.00646998 2.4995e-09
0.00662089 2.50159e-09
0.00677532 2.50369e-09
0.00693335 2.50578e-09
0.00709507 2.50788e-09
0.00726056 2.50998e-09
0.00742991 2.51208e-09
0.00760321 2.51418e-09
0.00778055 2.51629e-09
0.00796203 2.51839e-09
0.00814774 2.5205e-09
0.00833779 2.52261e-09
0.00853226 2.52472e-09
0.00873127 2.52684e-09
0.00893493 2.52895e-09
0.00914333 2.53107e-09
0.00935659 2.53319e-09
0.00957483 2.53531e-09
0.00979816 2.53743e-09
0.0100267 2.53955e-09
0.0102606 2.54168e-09
0.0104999 2.54381e-09
0.0107448 2.54594e-09
0.0109954 2.54807e-09
0.0112519 2.5502e-09
0.0115143 2.55234e-09
0.0117829 2.55447e-09
0.0120577 2.55661e-09
0.012339 2.55875e-09
0.0126268 2.56089e-09
0.0129213 2.56304e-09
0.0132227 2.56518e-09
0.0135311 2.56733e-09
0.0138467 2.56948e-09
0.0141696 2.57163e-09
0.0145002 2.57378e-09
0.0148384 2.57593e-09
0.0151845 2.57809e-09
0.0155386 2.58025e-09
0.0159011 2.58241e-09
0.0162719 2.58457e-09
0.0166515 2.58673e-09
0.0170399 2.5889e-09
0.0174373 2.59107e-09
0.017844 2.59323e-09
0.0182602 2.59541e-09
0.0186862 2.59758e-09
0.019122 2.59975e-09
0.019568 2.60193e-09
0.0200244 2.60411e-09
0.0204915 2.60629e-09
0.0209695 2.60847e-09
0.0214586 2.61065e-09
0.0219591 2.61284e-09
0.0224713 2.61502e-09
0.0229954 2.61721e-09
0.0235317 2.6194e-09
0.0240806 2.6216e-09
0.0246423 2.62379e-09
0.0252171 2.62599e-09
0.0258052 2.62818e-09
0.0264071 2.63038e-09
0.0270231 2.63259e-09
0.0276534 2.63479e-09
0.0282984 2.637e-09
0.0289584 2.6392e-09
0.0296339 2.64141e-09
0.0303251 2.64362e-09
0.0310324 2.64584e-09
0.0317562 2.64805e-09
0.0324969 2.65027e-09
0.0332549 2.65249e-09
0.0340305 2.65471e-09
0.0348243 2.65693e-09
0.0356365 2.65915e-09
0.0364677 2.66138e-09
0.0373183 2.66361e-09
0.0381888 2.66583e-09
0.0390795 2.66807e-09
0.039991 2.6703e-09
0.0409238 2.67253e-09
0.0418783 2.67477e-09
0.0428551 2.67701e-09
0.0438547 2.67925e-09
0.0448776 2.68149e-09
0.0459243 2.68374e-09
0.0469955 2.68599e-09
0.0480917 2.68823e-09
0.0492134 2.69048e-09
0.0503613 2.69274e-09
0.0515359 2.69499e-09
0.052738 2.69725e-09
0.0539681 2.6995e-09
0.0552268 2.70176e-09
0.056515 2.70402e-09
0.0578332 2.70629e-09
0.0591821 2.70855e-09
0.0605625 2.71082e-09
0.0619751 2.71309e-09
0.0634206 2.71536e-09
0.0648999 2.71763e-09
0.0664137 2.71991e-09
0.0679627 2.72219e-09
0.0695479 2.72446e-09
0.0711701 2.72674e-09
0.0728301 2.72903e-09
0.0745289 2.73131e-09
0.0762672 2.7336e-09
0.0780461 2.73589e-09
0.0798665 2.73818e-09
0.0817294 2.74047e-09
0.0836357 2.74276e-09
0.0855864 2.74506e-09
0.0875827 2.74736e-09
0.0896255 2.74965e-09
0.091716 2.75196e-09
0.0938553 2.75426e-09
0.0960444 2.75657e-09
0.0982846 2.75887e-09
0.100577 2.76118e-09
0.102923 2.76349e-09
0.105324 2.76581e-09
0.10778 2.76812e-09
0.110294 2.77044e-09
0.112867 2.77276e-09
0.115499 2.77508e-09
0.118193 2.7774e-09
0.12095 2.77973e-09
0.123771 2.78205e-09
0.126658 2.78438e-09
0.129612 2.78671e-09
0.132635 2.78905e-09
0.135729 2.79138e-09
0.138895 2.79372e-09
0.142135 2.79605e-09
0.14545 2.7984e-09
0.148842 2.80074e-09
0.152314 2.80308e-09
0.155867 2.80543e-09
0.159502 2.80778e-09
0.163223 2.81013e-09
0.16703 2.81248e-09
0.170926 2.81483e-09
0.174912 2.81719e-09
0.178992 2.81955e-09
0.183167 2.82191e-09
0.187439 2.82427e-09
0.191811 2.82663e-09
0.196285 2.829e-09
0.200864 2.83137e-09
0.205549 2.83374e-09
0.210343 2.83611e-09
0.215249 2.83848e-09
0.22027 2.84086e-09
0.225407 2.84324e-09
0.230665 2.84562e-09
0.236045 2.848e-09
0.241551 2.85038e-09
0.247185 2.85277e-09
0.25295 2.85516e-09
0.25885 2.85755e-09
0.264888 2.85994e-09
0.271066 2.86233e-09
0.277389 2.86473e-09
0.283859 2.86713e-09
0.29048 2.86953e-09
0.297255 2.87193e-09
0.304188 2.87433e-09
0.311283 2.87674e-09
0.318544 2.87915e-09
0.325974 2.88156e-09
0.333577 2.88397e-09
0.341358 2.88638e-09
0.34932 2.8888e-09
0.357467 2.89122e-09
0.365805 2.89364e-09
0.374337 2.89606e-09
0.383069 2.89848e-09
0.392004 2.90091e-09
0.401147 2.90334e-09
0.410503 2.90577e-09
0.420078 2.9082e-09
0.429876 2.91063e-09
0.439903 2.91307e-09
0.450164 2.91551e-09
0.460664 2.91795e-09
0.471408 2.92039e-09
0.482404 2.92284e-09
0.493656 2.92528e-09
0.50517 2.92773e-09
0.516953 2.93018e-09
0.52901 2.93264e-09
0.541349 2.93509e-09
0.553976 2.93755e-09
0.566897 2.94001e-09
0.58012 2.94247e-09
0.593651 2.94493e-09
0.607498 2.9474e-09
0.621667 2.94986e-09
0.636168 2.95233e-09
0.651006 2.9548e-09
0.66619 2.95728e-09
0.681729 2.95975e-09
