6.72856e-06 3.05668e-09
6.8855e-06 3.05416e-09
7.04611e-06 3.05164e-09
7.21046e-06 3.04912e-09
7.37865e-06 3.0466e-09
7.55076e-06 3.04408e-09
7.72688e-06 3.04157e-09
7.90711e-06 3.03905e-09
8.09155e-06 3.03654e-09
8.28028e-06 3.03404e-09
8.47342e-06 3.03153e-09
8.67107e-06 3.02903e-09
8.87333e-06 3.02652e-09
9.0803e-06 3.02402e-09
9.2921e-06 3.02153e-09
9.50884e-06 3.01903e-09
9.73064e-06 3.01654e-09
9.95761e-06 3.01404e-09
1.01899e-05 3.01155e-09
1.04276e-05 3.00907e-09
1.06708e-05 3.00658e-09
1.09197e-05 3.0041e-09
1.11744e-05 3.00162e-09
1.1435e-05 2.99914e-09
1.17018e-05 2.99666e-09
1.19747e-05 2.99418e-09
1.2254e-05 2.99171e-09
1.25398e-05 2.98924e-09
1.28323e-05 2.98677e-09
1.31317e-05 2.9843e-09
1.3438e-05 2.98184e-09
1.37514e-05 2.97938e-09
1.40722e-05 2.97691e-09
1.44004e-05 2.97446e-09
1.47363e-05 2.972e-09
1.508e-05 2.96954e-09
1.54318e-05 2.96709e-09
1.57917e-05 2.96464e-09
1.61601e-05 2.96219e-09
1.6537e-05 2.95974e-09
1.69227e-05 2.9573e-09
1.73175e-05 2.95486e-09
1.77214e-05 2.95242e-09
1.81348e-05 2.94998e-09
1.85577e-05 2.94754e-09
1.89906e-05 2.94511e-09
1.94336e-05 2.94267e-09
1.98869e-05 2.94024e-09
2.03507e-05 2.93781e-09
2.08254e-05 2.93539e-09
2.13112e-05 2.93296e-09
2.18083e-05 2.93054e-09
2.2317e-05 2.92812e-09
2.28375e-05 2.9257e-09
2.33702e-05 2.92328e-09
2.39153e-05 2.92087e-09
2.44732e-05 2.91846e-09
2.5044e-05 2.91605e-09
2.56282e-05 2.91364e-09
2.62259e-05 2.91123e-09
2.68377e-05 2.90882e-09
2.74637e-05 2.90642e-09
2.81043e-05 2.90402e-09
2.87598e-05 2.90162e-09
2.94306e-05 2.89923e-09
3.01171e-05 2.89683e-09
3.08196e-05 2.89444e-09
3.15385e-05 2.89205e-09
3.22741e-05 2.88966e-09
3.30269e-05 2.88727e-09
3.37973e-05 2.88489e-09
3.45856e-05 2.8825e-09
3.53923e-05 2.88012e-09
3.62179e-05 2.87774e-09
3.70627e-05 2.87537e-09
3.79272e-05 2.87299e-09
3.88118e-05 2.87062e-09
3.97171e-05 2.86825e-09
4.06435e-05 2.86588e-09
4.15916e-05 2.86351e-09
4.25617e-05 2.86115e-09
4.35545e-05 2.85878e-09
4.45704e-05 2.85642e-09
4.561e-05 2.85406e-09
4.66739e-05 2.8517e-09
4.77626e-05 2.84935e-09
4.88766e-05 2.84699e-09
5.00167e-05 2.84464e-09
5.11834e-05 2.84229e-09
5.23772e-05 2.83995e-09
5.35989e-05 2.8376e-09
5.48492e-05 2.83526e-09
5.61285e-05 2.83291e-09
5.74377e-05 2.83057e-09
5.87775e-05 2.82824e-09
6.01485e-05 2.8259e-09
6.15515e-05 2.82356e-09
6.29872e-05 2.82123e-09
6.44564e-05 2.8189e-09
6.59598e-05 2.81657e-09
6.74984e-05 2.81425e-09
6.90728e-05 2.81192e-09
7.06839e-05 2.8096e-09
7.23327e-05 2.80728e-09
7.40199e-05 2.80496e-09
7.57464e-05 2.80264e-09
7.75132e-05 2.80033e-09
7.93212e-05 2.79802e-09
8.11714e-05 2.7957e-09
8.30648e-05 2.79339e-09
8.50023e-05 2.79109e-09
8.6985e-05 2.78878e-09
8.90139e-05 2.78648e-09
9.10902e-05 2.78418e-09
9.32149e-05 2.78188e-09
9.53892e-05 2.77958e-09
9.76142e-05 2.77728e-09
9.9891e-05 2.77499e-09
0.000102221 2.7727e-09
0.000104605 2.77041e-09
0.000107045 2.76812e-09
0.000109542 2.76583e-09
0.000112097 2.76355e-09
0.000114712 2.76126e-09
0.000117388 2.75898e-09
0.000120126 2.7567e-09
0.000122928 2.75443e-09
0.000125795 2.75215e-09
0.000128729 2.74988e-09
0.000131732 2.74761e-09
0.000134805 2.74534e-09
0.000137949 2.74307e-09
0.000141167 2.7408e-09
0.000144459 2.73854e-09
0.000147829 2.73628e-09
0.000151277 2.73402e-09
0.000154806 2.73176e-09
0.000158417 2.7295e-09
0.000162112 2.72725e-09
0.000165893 2.725e-09
0.000169763 2.72274e-09
0.000173722 2.7205e-09
0.000177774 2.71825e-09
0.000181921 2.716e-09
0.000186164 2.71376e-09
0.000190507 2.71152e-09
0.00019495 2.70928e-09
0.000199498 2.70704e-09
0.000204151 2.7048e-09
0.000208913 2.70257e-09
0.000213786 2.70034e-09
0.000218773 2.69811e-09
0.000223876 2.69588e-09
0.000229097 2.69365e-09
0.000234441 2.69143e-09
0.00023991 2.6892e-09
0.000245506 2.68698e-09
0.000251232 2.68476e-09
0.000257092 2.68254e-09
0.000263089 2.68033e-09
0.000269226 2.67811e-09
0.000275505 2.6759e-09
0.000281932 2.67369e-09
0.000288508 2.67148e-09
0.000295237 2.66928e-09
0.000302124 2.66707e-09
0.000309171 2.66487e-09
0.000316382 2.66267e-09
0.000323762 2.66047e-09
0.000331314 2.65827e-09
0.000339042 2.65608e-09
0.00034695 2.65388e-09
0.000355043 2.65169e-09
0.000363324 2.6495e-09
0.000371799 2.64731e-09
0.000380471 2.64512e-09
0.000389346 2.64294e-09
0.000398428 2.64076e-09
0.000407721 2.63857e-09
0.000417231 2.63639e-09
0.000426963 2.63422e-09
0.000436922 2.63204e-09
0.000447114 2.62987e-09
0.000457543 2.62769e-09
0.000468215 2.62552e-09
0.000479136 2.62336e-09
0.000490312 2.62119e-09
0.000501749 2.61902e-09
0.000513453 2.61686e-09
0.000525429 2.6147e-09
0.000537685 2.61254e-09
0.000550226 2.61038e-09
0.000563061 2.60822e-09
0.000576194 2.60607e-09
0.000589634 2.60392e-09
0.000603388 2.60177e-09
0.000617462 2.59962e-09
0.000631864 2.59747e-09
0.000646603 2.59532e-09
0.000661685 2.59318e-09
0.000677119 2.59104e-09
0.000692913 2.5889e-09
0.000709075 2.58676e-09
0.000725615 2.58462e-09
0.00074254 2.58249e-09
0.00075986 2.58035e-09
0.000777584 2.57822e-09
0.000795721 2.57609e-09
0.000814282 2.57397e-09
0.000833275 2.57184e-09
0.000852711 2.56972e-09
0.000872601 2.56759e-09
0.000892955 2.56547e-09
0.000913783 2.56335e-09
0.000935098 2.56124e-09
0.000956909 2.55912e-09
0.000979229 2.55701e-09
0.00100207 2.55489e-09
0.00102544 2.55278e-09
0.00104936 2.55067e-09
0.00107384 2.54857e-09
0.00109889 2.54646e-09
0.00112452 2.54436e-09
0.00115075 2.54226e-09
0.00117759 2.54016e-09
0.00120506 2.53806e-09
0.00123317 2.53596e-09
0.00126193 2.53387e-09
0.00129136 2.53177e-09
0.00132149 2.52968e-09
0.00135231 2.52759e-09
0.00138385 2.52551e-09
0.00141613 2.52342e-09
0.00144916 2.52134e-09
0.00148297 2.51925e-09
0.00151756 2.51717e-09
0.00155295 2.51509e-09
0.00158918 2.51302e-09
0.00162625 2.51094e-09
0.00166418 2.50887e-09
0.001703 2.50679e-09
0.00174272 2.50472e-09
0.00178337 2.50265e-09
0.00182497 2.50059e-09
0.00186753 2.49852e-09
0.00191109 2.49646e-09
0.00195567 2.49439e-09
0.00200129 2.49233e-09
0.00204797 2.49028e-09
0.00209574 2.48822e-09
0.00214462 2.48616e-09
0.00219465 2.48411e-09
0.00224584 2.48206e-09
0.00229822 2.48001e-09
0.00235183 2.47796e-09
0.00240669 2.47591e-09
0.00246282 2.47387e-09
0.00252027 2.47182e-09
0.00257905 2.46978e-09
0.00263921 2.46774e-09
0.00270077 2.4657e-09
0.00276377 2.46367e-09
0.00282823 2.46163e-09
0.0028942 2.4596e-09
0.00296171 2.45757e-09
0.00303079 2.45554e-09
0.00310149 2.45351e-09
0.00317383 2.45148e-09
0.00324786 2.44946e-09
0.00332362 2.44743e-09
0.00340114 2.44541e-09
0.00348048 2.44339e-09
0.00356166 2.44137e-09
0.00364474 2.43936e-09
0.00372975 2.43734e-09
0.00381675 2.43533e-09
0.00390578 2.43332e-09
0.00399688 2.43131e-09
0.00409011 2.4293e-09
0.00418551 2.42729e-09
0.00428314 2.42529e-09
0.00438304 2.42328e-09
0.00448528 2.42128e-09
0.0045899 2.41928e-09
0.00469696 2.41728e-09
0.00480652 2.41529e-09
0.00491863 2.41329e-09
0.00503336 2.4113e-09
0.00515077 2.40931e-09
0.00527091 2.40732e-09
0.00539386 2.40533e-09
0.00551967 2.40334e-09
0.00564842 2.40136e-09
0.00578017 2.39937e-09
0.00591499 2.39739e-09
0.00605296 2.39541e-09
0.00619415 2.39343e-09
0.00633863 2.39145e-09
0.00648648 2.38948e-09
0.00663778 2.38751e-09
0.00679261 2.38553e-09
0.00695105 2.38356e-09
0.00711318 2.38159e-09
0.0072791 2.37963e-09
0.00744889 2.37766e-09
0.00762263 2.3757e-09
0.00780043 2.37373e-09
0.00798238 2.37177e-09
0.00816857 2.36981e-09
0.00835911 2.36786e-09
0.00855409 2.3659e-09
0.00875361 2.36395e-09
0.00895779 2.36199e-09
0.00916674 2.36004e-09
0.00938055 2.35809e-09
0.00959936 2.35615e-09
0.00982327 2.3542e-09
0.0100524 2.35226e-09
0.0102869 2.35031e-09
0.0105268 2.34837e-09
0.0107724 2.34643e-09
0.0110236 2.34449e-09
0.0112808 2.34256e-09
0.0115439 2.34062e-09
0.0118131 2.33869e-09
0.0120887 2.33676e-09
0.0123707 2.33483e-09
0.0126592 2.3329e-09
0.0129545 2.33097e-09
0.0132567 2.32904e-09
0.0135659 2.32712e-09
0.0138823 2.3252e-09
0.0142061 2.32328e-09
0.0145375 2.32136e-09
0.0148766 2.31944e-09
0.0152236 2.31753e-09
0.0155787 2.31561e-09
0.015942 2.3137e-09
0.0163139 2.31179e-09
0.0166944 2.30988e-09
0.0170838 2.30797e-09
0.0174823 2.30606e-09
0.0178901 2.30416e-09
0.0183074 2.30226e-09
0.0187344 2.30035e-09
0.0191714 2.29845e-09
0.0196186 2.29655e-09
0.0200762 2.29466e-09
0.0205445 2.29276e-09
0.0210237 2.29087e-09
0.0215141 2.28898e-09
0.0220159 2.28709e-09
0.0225294 2.2852e-09
0.0230549 2.28331e-09
0.0235927 2.28142e-09
0.024143 2.27954e-09
0.0247061 2.27766e-09
0.0252824 2.27577e-09
0.0258721 2.27389e-09
0.0264756 2.27202e-09
0.0270931 2.27014e-09
0.0277251 2.26826e-09
0.0283718 2.26639e-09
0.0290336 2.26452e-09
0.0297108 2.26265e-09
0.0304038 2.26078e-09
0.031113 2.25891e-09
0.0318387 2.25705e-09
0.0325814 2.25518e-09
0.0333413 2.25332e-09
0.034119 2.25146e-09
0.0349149 2.2496e-09
0.0357293 2.24774e-09
0.0365627 2.24588e-09
0.0374155 2.24403e-09
0.0382882 2.24217e-09
0.0391813 2.24032e-09
0.0400952 2.23847e-09
0.0410305 2.23662e-09
0.0419875 2.23477e-09
0.0429669 2.23293e-09
0.0439691 2.23108e-09
0.0449947 2.22924e-09
0.0460442 2.2274e-09
0.0471182 2.22556e-09
0.0482172 2.22372e-09
0.0493419 2.22188e-09
0.0504928 2.22005e-09
0.0516706 2.21822e-09
0.0528758 2.21638e-09
0.0541092 2.21455e-09
0.0553713 2.21272e-09
0.0566628 2.2109e-09
0.0579845 2.20907e-09
0.059337 2.20724e-09
0.0607211 2.20542e-09
0.0621374 2.2036e-09
0.0635868 2.20178e-09
0.06507 2.19996e-09
0.0665877 2.19814e-09
0.0681409 2.19633e-09
0.0697303 2.19451e-09
0.0713568 2.1927e-09
0.0730212 2.19089e-09
0.0747245 2.18908e-09
0.0764675 2.18727e-09
0.0782511 2.18546e-09
0.0800763 2.18366e-09
0.0819441 2.18186e-09
0.0838555 2.18005e-09
0.0858114 2.17825e-09
0.087813 2.17645e-09
0.0898613 2.17466e-09
0.0919573 2.17286e-09
0.0941023 2.17106e-09
0.0962972 2.16927e-09
0.0985434 2.16748e-09
0.100842 2.16569e-09
0.103194 2.1639e-09
0.105601 2.16211e-09
0.108064 2.16033e-09
0.110585 2.15854e-09
0.113164 2.15676e-09
0.115804 2.15498e-09
0.118505 2.1532e-09
0.121269 2.15142e-09
0.124098 2.14964e-09
0.126993 2.14787e-09
0.129955 2.14609e-09
0.132986 2.14432e-09
0.136088 2.14255e-09
0.139262 2.14078e-09
0.142511 2.13901e-09
0.145835 2.13724e-09
0.149236 2.13548e-09
0.152717 2.13371e-09
0.156279 2.13195e-09
0.159925 2.13019e-09
0.163655 2.12843e-09
0.167472 2.12667e-09
0.171379 2.12492e-09
0.175376 2.12316e-09
0.179467 2.12141e-09
0.183653 2.11965e-09
0.187937 2.1179e-09
0.19232 2.11615e-09
0.196806 2.11441e-09
0.201397 2.11266e-09
0.206094 2.11091e-09
0.210902 2.10917e-09
0.215821 2.10743e-09
0.220855 2.10569e-09
0.226007 2.10395e-09
0.231278 2.10221e-09
0.236673 2.10047e-09
0.242193 2.09874e-09
0.247843 2.09701e-09
0.253624 2.09527e-09
0.25954 2.09354e-09
0.265593 2.09181e-09
0.271788 2.09009e-09
0.278128 2.08836e-09
0.284615 2.08663e-09
0.291254 2.08491e-09
0.298048 2.08319e-09
0.305 2.08147e-09
0.312114 2.07975e-09
0.319394 2.07803e-09
0.326844 2.07631e-09
0.334468 2.0746e-09
0.342269 2.07288e-09
0.350253 2.07117e-09
0.358423 2.06946e-09
0.366783 2.06775e-09
0.375338 2.06604e-09
0.384093 2.06434e-09
0.393052 2.06263e-09
0.40222 2.06093e-09
0.411602 2.05923e-09
0.421203 2.05753e-09
0.431028 2.05583e-09
0.441082 2.05413e-09
0.45137 2.05243e-09
0.461898 2.05074e-09
0.472672 2.04904e-09
0.483698 2.04735e-09
0.49498 2.04566e-09
0.506525 2.04397e-09
0.51834 2.04228e-09
0.530431 2.04059e-09
0.542803 2.03891e-09
0.555464 2.03722e-09
0.568421 2.03554e-09
0.581679 2.03386e-09
0.595247 2.03218e-09
0.609131 2.0305e-09
0.62334 2.02882e-09
