9.54919e-07 3.54079e-09
9.772e-07 3.53792e-09
1e-06 3.53505e-09
1.02333e-06 3.53218e-09
1.04721e-06 3.52932e-09
1.07164e-06 3.52646e-09
1.09665e-06 3.5236e-09
1.12223e-06 3.52074e-09
1.14842e-06 3.51789e-09
1.17521e-06 3.51504e-09
1.20263e-06 3.51219e-09
1.23069e-06 3.50934e-09
1.25941e-06 3.5065e-09
1.28879e-06 3.50365e-09
1.31886e-06 3.50081e-09
1.34964e-06 3.49798e-09
1.38113e-06 3.49514e-09
1.41335e-06 3.49231e-09
1.44633e-06 3.48948e-09
1.48008e-06 3.48665e-09
1.51461e-06 3.48382e-09
1.54995e-06 3.481e-09
1.58611e-06 3.47818e-09
1.62312e-06 3.47536e-09
1.66099e-06 3.47254e-09
1.69975e-06 3.46972e-09
1.7394e-06 3.46691e-09
1.77999e-06 3.4641e-09
1.82152e-06 3.46129e-09
1.86402e-06 3.45849e-09
1.90751e-06 3.45568e-09
1.95202e-06 3.45288e-09
1.99756e-06 3.45008e-09
2.04417e-06 3.44729e-09
2.09187e-06 3.44449e-09
2.14068e-06 3.4417e-09
2.19062e-06 3.43891e-09
2.24174e-06 3.43612e-09
2.29404e-06 3.43334e-09
2.34757e-06 3.43056e-09
2.40234e-06 3.42777e-09
2.45839e-06 3.425e-09
2.51575e-06 3.42222e-09
2.57445e-06 3.41945e-09
2.63452e-06 3.41667e-09
2.69599e-06 3.4139e-09
2.75889e-06 3.41114e-09
2.82326e-06 3.40837e-09
2.88914e-06 3.40561e-09
2.95655e-06 3.40285e-09
3.02553e-06 3.40009e-09
3.09612e-06 3.39733e-09
3.16836e-06 3.39458e-09
3.24229e-06 3.39183e-09
3.31794e-06 3.38908e-09
3.39535e-06 3.38633e-09
3.47457e-06 3.38359e-09
3.55564e-06 3.38084e-09
3.6386e-06 3.3781e-09
3.7235e-06 3.37536e-09
3.81038e-06 3.37263e-09
3.89928e-06 3.36989e-09
3.99026e-06 3.36716e-09
4.08337e-06 3.36443e-09
4.17864e-06 3.36171e-09
4.27614e-06 3.35898e-09
4.37591e-06 3.35626e-09
4.47801e-06 3.35354e-09
4.58249e-06 3.35082e-09
4.68941e-06 3.3481e-09
4.79883e-06 3.34539e-09
4.9108e-06 3.34268e-09
5.02538e-06 3.33997e-09
5.14263e-06 3.33726e-09
5.26262e-06 3.33455e-09
5.38541e-06 3.33185e-09
5.51106e-06 3.32915e-09
5.63965e-06 3.32645e-09
5.77124e-06 3.32376e-09
5.90589e-06 3.32106e-09
6.04369e-06 3.31837e-09
6.1847e-06 3.31568e-09
6.32901e-06 3.31299e-09
6.47668e-06 3.31031e-09
6.62779e-06 3.30762e-09
6.78244e-06 3.30494e-09
6.94069e-06 3.30226e-09
7.10263e-06 3.29959e-09
7.26835e-06 3.29691e-09
7.43794e-06 3.29424e-09
7.61148e-06 3.29157e-09
7.78907e-06 3.2889e-09
7.97081e-06 3.28623e-09
8.15679e-06 3.28357e-09
8.34711e-06 3.28091e-09
8.54186e-06 3.27825e-09
8.74116e-06 3.27559e-09
8.94512e-06 3.27294e-09
9.15383e-06 3.27028e-09
9.36741e-06 3.26763e-09
9.58597e-06 3.26498e-09
9.80963e-06 3.26234e-09
1.00385e-05 3.25969e-09
1.02727e-05 3.25705e-09
1.05124e-05 3.25441e-09
1.07577e-05 3.25177e-09
1.10087e-05 3.24913e-09
1.12656e-05 3.2465e-09
1.15284e-05 3.24387e-09
1.17974e-05 3.24124e-09
1.20727e-05 3.23861e-09
1.23543e-05 3.23599e-09
1.26426e-05 3.23336e-09
1.29376e-05 3.23074e-09
1.32394e-05 3.22812e-09
1.35484e-05 3.22551e-09
1.38645e-05 3.22289e-09
1.4188e-05 3.22028e-09
1.4519e-05 3.21767e-09
1.48578e-05 3.21506e-09
1.52044e-05 3.21246e-09
1.55592e-05 3.20985e-09
1.59222e-05 3.20725e-09
1.62937e-05 3.20465e-09
1.66739e-05 3.20205e-09
1.70629e-05 3.19946e-09
1.7461e-05 3.19686e-09
1.78684e-05 3.19427e-09
1.82854e-05 3.19168e-09
1.8712e-05 3.18909e-09
1.91486e-05 3.18651e-09
1.95954e-05 3.18393e-09
2.00526e-05 3.18135e-09
2.05205e-05 3.17877e-09
2.09992e-05 3.17619e-09
2.14892e-05 3.17362e-09
2.19906e-05 3.17104e-09
2.25037e-05 3.16847e-09
2.30288e-05 3.1659e-09
2.35661e-05 3.16334e-09
2.41159e-05 3.16077e-09
2.46786e-05 3.15821e-09
2.52544e-05 3.15565e-09
2.58437e-05 3.15309e-09
2.64466e-05 3.15054e-09
2.70637e-05 3.14798e-09
2.76952e-05 3.14543e-09
2.83414e-05 3.14288e-09
2.90026e-05 3.14033e-09
2.96793e-05 3.13779e-09
3.03718e-05 3.13524e-09
3.10805e-05 3.1327e-09
3.18056e-05 3.13016e-09
3.25477e-05 3.12763e-09
3.33072e-05 3.12509e-09
3.40843e-05 3.12256e-09
3.48796e-05 3.12003e-09
3.56934e-05 3.1175e-09
3.65262e-05 3.11497e-09
3.73784e-05 3.11245e-09
3.82506e-05 3.10992e-09
3.9143e-05 3.1074e-09
4.00563e-05 3.10488e-09
4.09909e-05 3.10237e-09
4.19473e-05 3.09985e-09
4.29261e-05 3.09734e-09
4.39276e-05 3.09483e-09
4.49526e-05 3.09232e-09
4.60014e-05 3.08981e-09
4.70747e-05 3.08731e-09
4.81731e-05 3.0848e-09
4.92971e-05 3.0823e-09
5.04473e-05 3.07981e-09
5.16244e-05 3.07731e-09
5.28289e-05 3.07481e-09
5.40615e-05 3.07232e-09
5.53229e-05 3.06983e-09
5.66137e-05 3.06734e-09
5.79346e-05 3.06486e-09
5.92864e-05 3.06237e-09
6.06697e-05 3.05989e-09
6.20852e-05 3.05741e-09
6.35338e-05 3.05493e-09
6.50162e-05 3.05245e-09
6.65332e-05 3.04998e-09
6.80856e-05 3.04751e-09
6.96742e-05 3.04504e-09
7.12998e-05 3.04257e-09
7.29634e-05 3.0401e-09
7.46658e-05 3.03764e-09
7.6408e-05 3.03518e-09
7.81907e-05 3.03272e-09
8.00151e-05 3.03026e-09
8.1882e-05 3.0278e-09
8.37925e-05 3.02535e-09
8.57476e-05 3.02289e-09
8.77483e-05 3.02044e-09
8.97957e-05 3.018e-09
9.18908e-05 3.01555e-09
9.40348e-05 3.0131e-09
9.62289e-05 3.01066e-09
9.84741e-05 3.00822e-09
0.000100772 3.00578e-09
0.000103123 3.00335e-09
0.000105529 3.00091e-09
0.000107991 2.99848e-09
0.000110511 2.99605e-09
0.00011309 2.99362e-09
0.000115728 2.99119e-09
0.000118428 2.98877e-09
0.000121192 2.98635e-09
0.000124019 2.98392e-09
0.000126913 2.98151e-09
0.000129874 2.97909e-09
0.000132904 2.97667e-09
0.000136005 2.97426e-09
0.000139179 2.97185e-09
0.000142426 2.96944e-09
0.000145749 2.96703e-09
0.00014915 2.96463e-09
0.00015263 2.96223e-09
0.000156191 2.95982e-09
0.000159835 2.95743e-09
0.000163565 2.95503e-09
0.000167381 2.95263e-09
0.000171286 2.95024e-09
0.000175283 2.94785e-09
0.000179373 2.94546e-09
0.000183558 2.94307e-09
0.000187841 2.94068e-09
0.000192223 2.9383e-09
0.000196708 2.93592e-09
0.000201298 2.93354e-09
0.000205995 2.93116e-09
0.000210801 2.92879e-09
0.00021572 2.92641e-09
0.000220753 2.92404e-09
0.000225904 2.92167e-09
0.000231174 2.9193e-09
0.000236568 2.91693e-09
0.000242088 2.91457e-09
0.000247736 2.91221e-09
0.000253517 2.90985e-09
0.000259432 2.90749e-09
0.000265485 2.90513e-09
0.000271679 2.90278e-09
0.000278018 2.90042e-09
0.000284505 2.89807e-09
0.000291143 2.89572e-09
0.000297936 2.89337e-09
0.000304888 2.89103e-09
0.000312002 2.88869e-09
0.000319281 2.88634e-09
0.000326731 2.884e-09
0.000334354 2.88167e-09
0.000342156 2.87933e-09
0.000350139 2.877e-09
0.000358308 2.87466e-09
0.000366669 2.87233e-09
0.000375224 2.87001e-09
0.000383979 2.86768e-09
0.000392938 2.86535e-09
0.000402106 2.86303e-09
0.000411488 2.86071e-09
0.000421089 2.85839e-09
0.000430914 2.85608e-09
0.000440968 2.85376e-09
0.000451257 2.85145e-09
0.000461786 2.84914e-09
0.000472561 2.84683e-09
0.000483586 2.84452e-09
0.00049487 2.84221e-09
0.000506416 2.83991e-09
0.000518232 2.83761e-09
0.000530324 2.83531e-09
0.000542697 2.83301e-09
0.00055536 2.83071e-09
0.000568317 2.82842e-09
0.000581578 2.82612e-09
0.000595147 2.82383e-09
0.000609033 2.82154e-09
0.000623244 2.81926e-09
0.000637785 2.81697e-09
0.000652666 2.81469e-09
0.000667894 2.81241e-09
0.000683478 2.81013e-09
0.000699425 2.80785e-09
0.000715744 2.80557e-09
0.000732444 2.8033e-09
0.000749534 2.80103e-09
0.000767022 2.79876e-09
0.000784919 2.79649e-09
0.000803233 2.79422e-09
0.000821974 2.79195e-09
0.000841153 2.78969e-09
0.000860779 2.78743e-09
0.000880863 2.78517e-09
0.000901415 2.78291e-09
0.000922447 2.78066e-09
0.00094397 2.7784e-09
0.000965995 2.77615e-09
0.000988534 2.7739e-09
0.0010116 2.77165e-09
0.0010352 2.76941e-09
0.00105936 2.76716e-09
0.00108407 2.76492e-09
0.00110937 2.76268e-09
0.00113525 2.76044e-09
0.00116174 2.7582e-09
0.00118884 2.75596e-09
0.00121658 2.75373e-09
0.00124497 2.7515e-09
0.00127402 2.74927e-09
0.00130374 2.74704e-09
0.00133416 2.74481e-09
0.00136529 2.74259e-09
0.00139715 2.74036e-09
0.00142975 2.73814e-09
0.0014631 2.73592e-09
0.00149724 2.7337e-09
0.00153218 2.73149e-09
0.00156793 2.72927e-09
0.00160451 2.72706e-09
0.00164195 2.72485e-09
0.00168026 2.72264e-09
0.00171946 2.72043e-09
0.00175958 2.71823e-09
0.00180064 2.71603e-09
0.00184265 2.71382e-09
0.00188564 2.71162e-09
0.00192964 2.70943e-09
0.00197466 2.70723e-09
0.00202073 2.70504e-09
0.00206788 2.70284e-09
0.00211613 2.70065e-09
0.00216551 2.69846e-09
0.00221603 2.69628e-09
0.00226774 2.69409e-09
0.00232065 2.69191e-09
0.00237479 2.68972e-09
0.0024302 2.68754e-09
0.00248691 2.68536e-09
0.00254493 2.68319e-09
0.00260431 2.68101e-09
0.00266508 2.67884e-09
0.00272726 2.67667e-09
0.00279089 2.6745e-09
0.00285601 2.67233e-09
0.00292265 2.67016e-09
0.00299084 2.668e-09
0.00306062 2.66584e-09
0.00313203 2.66368e-09
0.00320511 2.66152e-09
0.00327989 2.65936e-09
0.00335642 2.6572e-09
0.00343473 2.65505e-09
0.00351487 2.6529e-09
0.00359688 2.65075e-09
0.00368081 2.6486e-09
0.00376669 2.64645e-09
0.00385458 2.64431e-09
0.00394451 2.64216e-09
0.00403655 2.64002e-09
0.00413073 2.63788e-09
0.00422711 2.63574e-09
0.00432574 2.63361e-09
0.00442667 2.63147e-09
0.00452995 2.62934e-09
0.00463565 2.62721e-09
0.00474381 2.62508e-09
0.00485449 2.62295e-09
0.00496776 2.62082e-09
0.00508367 2.6187e-09
0.00520228 2.61658e-09
0.00532366 2.61445e-09
0.00544787 2.61234e-09
0.00557499 2.61022e-09
0.00570506 2.6081e-09
0.00583818 2.60599e-09
0.00597439 2.60387e-09
0.00611379 2.60176e-09
0.00625644 2.59966e-09
0.00640242 2.59755e-09
0.0065518 2.59544e-09
0.00670467 2.59334e-09
0.0068611 2.59124e-09
0.00702119 2.58914e-09
0.00718501 2.58704e-09
0.00735265 2.58494e-09
0.00752421 2.58284e-09
0.00769976 2.58075e-09
0.00787942 2.57866e-09
0.00806326 2.57657e-09
0.0082514 2.57448e-09
0.00844392 2.57239e-09
0.00864094 2.57031e-09
0.00884255 2.56822e-09
0.00904887 2.56614e-09
0.00926 2.56406e-09
0.00947606 2.56198e-09
0.00969716 2.55991e-09
0.00992341 2.55783e-09
0.010155 2.55576e-09
0.0103919 2.55369e-09
0.0106344 2.55162e-09
0.0108825 2.54955e-09
0.0111364 2.54748e-09
0.0113962 2.54542e-09
0.0116621 2.54335e-09
0.0119342 2.54129e-09
0.0122127 2.53923e-09
0.0124976 2.53717e-09
0.0127892 2.53512e-09
0.0130876 2.53306e-09
0.013393 2.53101e-09
0.0137055 2.52896e-09
0.0140253 2.52691e-09
0.0143525 2.52486e-09
0.0146874 2.52281e-09
0.0150301 2.52077e-09
0.0153808 2.51872e-09
0.0157396 2.51668e-09
0.0161069 2.51464e-09
0.0164827 2.5126e-09
0.0168673 2.51057e-09
0.0172608 2.50853e-09
0.0176636 2.5065e-09
0.0180757 2.50447e-09
0.0184974 2.50244e-09
0.018929 2.50041e-09
0.0193707 2.49838e-09
0.0198227 2.49635e-09
0.0202852 2.49433e-09
0.0207585 2.49231e-09
0.0212428 2.49029e-09
0.0217385 2.48827e-09
0.0222457 2.48625e-09
0.0227647 2.48424e-09
0.0232959 2.48222e-09
0.0238394 2.48021e-09
0.0243956 2.4782e-09
0.0249648 2.47619e-09
0.0255473 2.47419e-09
0.0261434 2.47218e-09
0.0267534 2.47018e-09
0.0273776 2.46817e-09
0.0280164 2.46617e-09
0.0286701 2.46417e-09
0.029339 2.46218e-09
0.0300236 2.46018e-09
0.0307241 2.45819e-09
0.031441 2.45554e-09
0.0321746 2.45247e-09
0.0329253 2.44941e-09
0.0336935 2.44635e-09
0.0344796 2.44329e-09
0.0352841 2.44024e-09
0.0361074 2.43719e-09
0.0369499 2.43414e-09
0.037812 2.4311e-09
0.0386942 2.42806e-09
0.039597 2.42503e-09
0.0405209 2.422e-09
0.0414664 2.41897e-09
0.0424339 2.41546e-09
0.043424 2.39454e-09
0.0444372 2.3738e-09
0.045474 2.35325e-09
0.046535 2.33287e-09
0.0476208 2.31267e-09
0.0487319 2.29264e-09
0.0498689 2.27279e-09
0.0510324 2.2531e-09
0.0522232 2.23359e-09
0.0534416 2.21425e-09
0.0546886 2.19507e-09
0.0559646 2.17607e-09
0.0572704 2.15722e-09
0.0586066 2.13854e-09
0.059974 2.12002e-09
0.0613734 2.10166e-09
0.0628054 2.08346e-09
0.0642707 2.06542e-09
0.0657703 2.04753e-09
0.0673049 2.0298e-09
0.0688753 2.01222e-09
0.0704823 1.9948e-09
0.0721268 1.97753e-09
0.0738097 1.9604e-09
0.0755319 1.94342e-09
0.0772942 1.92659e-09
0.0790977 1.90991e-09
0.0809432 1.89337e-09
0.0828318 1.87697e-09
0.0847644 1.86072e-09
0.0867422 1.84461e-09
0.0887661 1.82863e-09
0.0908372 1.8128e-09
0.0929567 1.7971e-09
0.0951255 1.78154e-09
0.097345 1.76611e-09
0.0996163 1.75081e-09
0.101941 1.73565e-09
0.104319 1.72062e-09
0.106753 1.70572e-09
0.109244 1.69095e-09
0.111793 1.67631e-09
0.114401 1.66179e-09
0.11707 1.6474e-09
0.119802 1.63313e-09
0.122597 1.61899e-09
0.125458 1.60497e-09
0.128385 1.59107e-09
0.13138 1.57729e-09
0.134446 1.56364e-09
0.137583 1.5501e-09
0.140793 1.53667e-09
0.144078 1.52336e-09
0.14744 1.51017e-09
0.15088 1.49709e-09
0.1544 1.48413e-09
0.158003 1.47128e-09
0.161689 1.45854e-09
0.165462 1.44591e-09
0.169322 1.43338e-09
0.173273 1.42097e-09
0.177316 1.40867e-09
0.181453 1.39647e-09
0.185687 1.38438e-09
0.190019 1.37239e-09
0.194453 1.3605e-09
0.19899 1.34872e-09
0.203633 1.33704e-09
0.208384 1.32546e-09
0.213246 1.31398e-09
0.218222 1.30261e-09
0.223313 1.29133e-09
0.228524 1.28014e-09
0.233856 1.26906e-09
0.239312 1.25807e-09
0.244896 1.24717e-09
0.25061 1.23637e-09
0.256457 1.22567e-09
0.262441 1.21505e-09
0.268564 1.20453e-09
0.274831 1.1941e-09
0.281243 1.18376e-09
0.287805 1.17351e-09
0.29452 1.16334e-09
0.301392 1.15327e-09
0.308424 1.14328e-09
0.315621 1.13338e-09
0.322985 1.12357e-09
0.330521 1.11384e-09
0.338233 1.10419e-09
0.346124 1.09463e-09
0.3542 1.08515e-09
0.362464 1.07575e-09
0.370922 1.06644e-09
0.379576 1.0572e-09
0.388432 1.04805e-09
0.397496 1.03897e-09
0.40677 1.02997e-09
0.416261 1.02106e-09
0.425973 1.01221e-09
0.435912 1.00345e-09
0.446083 9.94758e-10
0.456491 9.86143e-10
0.467142 9.77604e-10
0.478042 9.69138e-10
0.489196 9.60745e-10
0.50061 9.52425e-10
0.51229 9.44178e-10
0.524243 9.36001e-10
0.536475 9.27896e-10
0.548992 9.1986e-10
0.561801 9.11895e-10
0.574909 9.03998e-10
0.588323 8.96169e-10
0.60205 8.88409e-10
0.616097 8.80715e-10
0.630472 8.73088e-10
0.645183 8.65528e-10
0.660236 8.58032e-10
0.675641 8.50602e-10
0.691406 8.43236e-10
0.707538 8.35934e-10
0.724046 8.28695e-10
0.74094 8.21518e-10
0.758228 8.14404e-10
0.775919 8.07352e-10
0.794023 8.0036e-10
0.812549 7.93429e-10
0.831508 7.86558e-10
0.850909 7.79747e-10
0.870763 7.72994e-10
0.89108 7.66301e-10
0.911871 7.59665e-10
0.933147 7.53086e-10
0.954919 7.46564e-10
0.9772 7.40099e-10
1 7.3369e-10
1.02333 7.27337e-10
1.04721 7.21038e-10
