9.54919e-07 2.66173e-09
9.772e-07 2.66082e-09
1e-06 2.6599e-09
1.02333e-06 2.65899e-09
1.04721e-06 2.65808e-09
1.07164e-06 2.65716e-09
1.09665e-06 2.65625e-09
1.12223e-06 2.65534e-09
1.14842e-06 2.65443e-09
1.17521e-06 2.65351e-09
1.20263e-06 2.6526e-09
1.23069e-06 2.65169e-09
1.25941e-06 2.65078e-09
1.28879e-06 2.64987e-09
1.31886e-06 2.64896e-09
1.34964e-06 2.64805e-09
1.38113e-06 2.64714e-09
1.41335e-06 2.64623e-09
1.44633e-06 2.64532e-09
1.48008e-06 2.64441e-09
1.51461e-06 2.64351e-09
1.54995e-06 2.6426e-09
1.58611e-06 2.64169e-09
1.62312e-06 2.64078e-09
1.66099e-06 2.63988e-09
1.69975e-06 2.63897e-09
1.7394e-06 2.63806e-09
1.77999e-06 2.63716e-09
1.82152e-06 2.63625e-09
1.86402e-06 2.63534e-09
1.90751e-06 2.63444e-09
1.95202e-06 2.63353e-09
1.99756e-06 2.63263e-09
2.04417e-06 2.63173e-09
2.09187e-06 2.63082e-09
2.14068e-06 2.62992e-09
2.19062e-06 2.62901e-09
2.24174e-06 2.62811e-09
2.29404e-06 2.62721e-09
2.34757e-06 2.62631e-09
2.40234e-06 2.6254e-09
2.45839e-06 2.6245e-09
2.51575e-06 2.6236e-09
2.57445e-06 2.6227e-09
2.63452e-06 2.6218e-09
2.69599e-06 2.6209e-09
2.75889e-06 2.62e-09
2.82326e-06 2.6191e-09
2.88914e-06 2.6182e-09
2.95655e-06 2.6173e-09
3.02553e-06 2.6164e-09
3.09612e-06 2.6155e-09
3.16836e-06 2.6146e-09
3.24229e-06 2.6137e-09
3.31794e-06 2.61281e-09
3.39535e-06 2.61191e-09
3.47457e-06 2.61101e-09
3.55564e-06 2.61012e-09
3.6386e-06 2.60922e-09
3.7235e-06 2.60832e-09
3.81038e-06 2.60743e-09
3.89928e-06 2.60653e-09
3.99026e-06 2.60564e-09
4.08337e-06 2.60474e-09
4.17864e-06 2.60385e-09
4.27614e-06 2.60295e-09
4.37591e-06 2.60206e-09
4.47801e-06 2.60116e-09
4.58249e-06 2.60027e-09
4.68941e-06 2.59938e-09
4.79883e-06 2.59848e-09
4.9108e-06 2.59759e-09
5.02538e-06 2.5967e-09
5.14263e-06 2.59581e-09
5.26262e-06 2.59492e-09
5.38541e-06 2.59402e-09
5.51106e-06 2.59313e-09
5.63965e-06 2.59224e-09
5.77124e-06 2.59135e-09
5.90589e-06 2.59046e-09
6.04369e-06 2.58957e-09
6.1847e-06 2.58868e-09
6.32901e-06 2.58779e-09
6.47668e-06 2.5869e-09
6.62779e-06 2.58602e-09
6.78244e-06 2.58513e-09
6.94069e-06 2.58424e-09
7.10263e-06 2.58335e-09
7.26835e-06 2.58246e-09
7.43794e-06 2.58158e-09
7.61148e-06 2.58069e-09
7.78907e-06 2.5798e-09
7.97081e-06 2.57892e-09
8.15679e-06 2.57803e-09
8.34711e-06 2.57715e-09
8.54186e-06 2.57626e-09
8.74116e-06 2.57538e-09
8.94512e-06 2.57449e-09
9.15383e-06 2.57361e-09
9.36741e-06 2.57272e-09
9.58597e-06 2.57184e-09
9.80963e-06 2.57096e-09
1.00385e-05 2.57007e-09
1.02727e-05 2.56919e-09
1.05124e-05 2.56831e-09
1.07577e-05 2.56743e-09
1.10087e-05 2.56654e-09
1.12656e-05 2.56566e-09
1.15284e-05 2.56478e-09
1.17974e-05 2.5639e-09
1.20727e-05 2.56302e-09
1.23543e-05 2.56214e-09
1.26426e-05 2.56126e-09
1.29376e-05 2.56038e-09
1.32394e-05 2.5595e-09
1.35484e-05 2.55862e-09
1.38645e-05 2.55774e-09
1.4188e-05 2.55686e-09
1.4519e-05 2.55598e-09
1.48578e-05 2.55511e-09
1.52044e-05 2.55423e-09
1.55592e-05 2.55335e-09
1.59222e-05 2.55247e-09
1.62937e-05 2.5516e-09
1.66739e-05 2.55072e-09
1.70629e-05 2.54985e-09
1.7461e-05 2.54897e-09
1.78684e-05 2.54809e-09
1.82854e-05 2.54722e-09
1.8712e-05 2.54634e-09
1.91486e-05 2.54547e-09
1.95954e-05 2.54459e-09
2.00526e-05 2.54372e-09
2.05205e-05 2.54285e-09
2.09992e-05 2.54197e-09
2.14892e-05 2.5411e-09
2.19906e-05 2.54023e-09
2.25037e-05 2.53935e-09
2.30288e-05 2.53848e-09
2.35661e-05 2.53761e-09
2.41159e-05 2.53674e-09
2.46786e-05 2.53587e-09
2.52544e-05 2.535e-09
2.58437e-05 2.53413e-09
2.64466e-05 2.53326e-09
2.70637e-05 2.53238e-09
2.76952e-05 2.53152e-09
2.83414e-05 2.53065e-09
2.90026e-05 2.52978e-09
2.96793e-05 2.52891e-09
3.03718e-05 2.52804e-09
3.10805e-05 2.52717e-09
3.18056e-05 2.5263e-09
3.25477e-05 2.52543e-09
3.33072e-05 2.52457e-09
3.40843e-05 2.5237e-09
3.48796e-05 2.52283e-09
3.56934e-05 2.52197e-09
3.65262e-05 2.5211e-09
3.73784e-05 2.52023e-09
3.82506e-05 2.51937e-09
3.9143e-05 2.5185e-09
4.00563e-05 2.51764e-09
4.09909e-05 2.51677e-09
4.19473e-05 2.51591e-09
4.29261e-05 2.51504e-09
4.39276e-05 2.51418e-09
4.49526e-05 2.51332e-09
4.60014e-05 2.51245e-09
4.70747e-05 2.51159e-09
4.81731e-05 2.51073e-09
4.92971e-05 2.50987e-09
5.04473e-05 2.509e-09
5.16244e-05 2.50814e-09
5.28289e-05 2.50728e-09
5.40615e-05 2.50642e-09
5.53229e-05 2.50556e-09
5.66137e-05 2.5047e-09
5.79346e-05 2.50384e-09
5.92864e-05 2.50298e-09
6.06697e-05 2.50212e-09
6.20852e-05 2.50126e-09
6.35338e-05 2.5004e-09
6.50162e-05 2.49954e-09
6.65332e-05 2.49868e-09
6.80856e-05 2.49782e-09
6.96742e-05 2.49696e-09
7.12998e-05 2.49611e-09
7.29634e-05 2.49525e-09
7.46658e-05 2.49439e-09
7.6408e-05 2.49354e-09
7.81907e-05 2.49268e-09
8.00151e-05 2.49182e-09
8.1882e-05 2.49097e-09
8.37925e-05 2.49011e-09
8.57476e-05 2.48926e-09
8.77483e-05 2.4884e-09
8.97957e-05 2.48755e-09
9.18908e-05 2.48669e-09
9.40348e-05 2.48584e-09
9.62289e-05 2.48498e-09
9.84741e-05 2.48413e-09
0.000100772 2.48328e-09
0.000103123 2.48242e-09
0.000105529 2.48157e-09
0.000107991 2.48072e-09
0.000110511 2.47987e-09
0.00011309 2.47901e-09
0.000115728 2.47816e-09
0.000118428 2.47731e-09
0.000121192 2.47646e-09
0.000124019 2.47561e-09
0.000126913 2.47476e-09
0.000129874 2.47391e-09
0.000132904 2.47306e-09
0.000136005 2.47221e-09
0.000139179 2.47136e-09
0.000142426 2.47051e-09
0.000145749 2.46966e-09
0.00014915 2.46882e-09
0.00015263 2.46797e-09
0.000156191 2.46712e-09
0.000159835 2.46627e-09
0.000163565 2.46543e-09
0.000167381 2.46458e-09
0.000171286 2.46373e-09
0.000175283 2.46289e-09
0.000179373 2.46204e-09
0.000183558 2.46119e-09
0.000187841 2.46035e-09
0.000192223 2.4595e-09
0.000196708 2.45866e-09
0.000201298 2.45781e-09
0.000205995 2.45697e-09
0.000210801 2.45613e-09
0.00021572 2.45528e-09
0.000220753 2.45444e-09
0.000225904 2.4536e-09
0.000231174 2.45275e-09
0.000236568 2.45191e-09
0.000242088 2.45107e-09
0.000247736 2.45023e-09
0.000253517 2.44938e-09
0.000259432 2.44854e-09
0.000265485 2.4477e-09
0.000271679 2.44686e-09
0.000278018 2.44602e-09
0.000284505 2.44518e-09
0.000291143 2.44434e-09
0.000297936 2.4435e-09
0.000304888 2.44266e-09
0.000312002 2.44182e-09
0.000319281 2.44098e-09
0.000326731 2.44015e-09
0.000334354 2.43931e-09
0.000342156 2.43847e-09
0.000350139 2.43763e-09
0.000358308 2.43679e-09
0.000366669 2.43596e-09
0.000375224 2.43512e-09
0.000383979 2.43428e-09
0.000392938 2.43345e-09
0.000402106 2.43261e-09
0.000411488 2.43178e-09
0.000421089 2.43094e-09
0.000430914 2.43011e-09
0.000440968 2.42927e-09
0.000451257 2.42844e-09
0.000461786 2.4276e-09
0.000472561 2.42677e-09
0.000483586 2.42594e-09
0.00049487 2.4251e-09
0.000506416 2.42427e-09
0.000518232 2.42344e-09
0.000530324 2.4226e-09
0.000542697 2.42177e-09
0.00055536 2.42094e-09
0.000568317 2.42011e-09
0.000581578 2.41928e-09
0.000595147 2.41845e-09
0.000609033 2.41762e-09
0.000623244 2.41679e-09
0.000637785 2.41595e-09
0.000652666 2.41513e-09
0.000667894 2.4143e-09
0.000683478 2.41347e-09
0.000699425 2.41264e-09
0.000715744 2.41181e-09
0.000732444 2.41098e-09
0.000749534 2.41015e-09
0.000767022 2.40932e-09
0.000784919 2.4085e-09
0.000803233 2.40767e-09
0.000821974 2.40684e-09
0.000841153 2.40602e-09
0.000860779 2.40519e-09
0.000880863 2.40436e-09
0.000901415 2.40354e-09
0.000922447 2.40271e-09
0.00094397 2.40189e-09
0.000965995 2.40106e-09
0.000988534 2.40024e-09
0.0010116 2.39941e-09
0.0010352 2.39859e-09
0.00105936 2.39776e-09
0.00108407 2.39694e-09
0.00110937 2.39612e-09
0.00113525 2.39529e-09
0.00116174 2.39447e-09
0.00118884 2.39365e-09
0.00121658 2.39283e-09
0.00124497 2.392e-09
0.00127402 2.39118e-09
0.00130374 2.39036e-09
0.00133416 2.38954e-09
0.00136529 2.38872e-09
0.00139715 2.3879e-09
0.00142975 2.38708e-09
0.0014631 2.38626e-09
0.00149724 2.38544e-09
0.00153218 2.38462e-09
0.00156793 2.3838e-09
0.00160451 2.38298e-09
0.00164195 2.38216e-09
0.00168026 2.38134e-09
0.00171946 2.38053e-09
0.00175958 2.37971e-09
0.00180064 2.37889e-09
0.00184265 2.37807e-09
0.00188564 2.37726e-09
0.00192964 2.37644e-09
0.00197466 2.37562e-09
0.00202073 2.37481e-09
0.00206788 2.37399e-09
0.00211613 2.37318e-09
0.00216551 2.37236e-09
0.00221603 2.37155e-09
0.00226774 2.37073e-09
0.00232065 2.36992e-09
0.00237479 2.3691e-09
0.0024302 2.36829e-09
0.00248691 2.36748e-09
0.00254493 2.36666e-09
0.00260431 2.36585e-09
0.00266508 2.36504e-09
0.00272726 2.36423e-09
0.00279089 2.36341e-09
0.00285601 2.3626e-09
0.00292265 2.36179e-09
0.00299084 2.36098e-09
0.00306062 2.36017e-09
0.00313203 2.35936e-09
0.00320511 2.35855e-09
0.00327989 2.35774e-09
0.00335642 2.35693e-09
0.00343473 2.35612e-09
0.00351487 2.35531e-09
0.00359688 2.3545e-09
0.00368081 2.35369e-09
0.00376669 2.35288e-09
0.00385458 2.35207e-09
0.00394451 2.35127e-09
0.00403655 2.35046e-09
0.00413073 2.34965e-09
0.00422711 2.34884e-09
0.00432574 2.34804e-09
0.00442667 2.34723e-09
0.00452995 2.34642e-09
0.00463565 2.34562e-09
0.00474381 2.34481e-09
0.00485449 2.34401e-09
0.00496776 2.3432e-09
0.00508367 2.3424e-09
0.00520228 2.34159e-09
0.00532366 2.34079e-09
0.00544787 2.33998e-09
0.00557499 2.33918e-09
0.00570506 2.33838e-09
0.00583818 2.33757e-09
0.00597439 2.33677e-09
0.00611379 2.33597e-09
0.00625644 2.33517e-09
0.00640242 2.33436e-09
0.0065518 2.33356e-09
0.00670467 2.33276e-09
0.0068611 2.33196e-09
0.00702119 2.33116e-09
0.00718501 2.33036e-09
0.00735265 2.32956e-09
0.00752421 2.32876e-09
0.00769976 2.32796e-09
0.00787942 2.32716e-09
0.00806326 2.32636e-09
0.0082514 2.32556e-09
0.00844392 2.32476e-09
0.00864094 2.32396e-09
0.00884255 2.32316e-09
0.00904887 2.32236e-09
0.00926 2.32157e-09
0.00947606 2.32077e-09
0.00969716 2.31997e-09
0.00992341 2.31918e-09
0.010155 2.31838e-09
0.0103919 2.31758e-09
0.0106344 2.31679e-09
0.0108825 2.31599e-09
0.0111364 2.31519e-09
0.0113962 2.3144e-09
0.0116621 2.3136e-09
0.0119342 2.31281e-09
0.0122127 2.31202e-09
0.0124976 2.31122e-09
0.0127892 2.31043e-09
0.0130876 2.30963e-09
0.013393 2.30884e-09
0.0137055 2.30805e-09
0.0140253 2.30725e-09
0.0143525 2.30646e-09
0.0146874 2.30567e-09
0.0150301 2.30488e-09
0.0153808 2.30409e-09
0.0157396 2.30329e-09
0.0161069 2.3025e-09
0.0164827 2.30171e-09
0.0168673 2.30092e-09
0.0172608 2.30013e-09
0.0176636 2.29934e-09
0.0180757 2.29855e-09
0.0184974 2.29776e-09
0.018929 2.29697e-09
0.0193707 2.29618e-09
0.0198227 2.2954e-09
0.0202852 2.29461e-09
0.0207585 2.29382e-09
0.0212428 2.29303e-09
0.0217385 2.29224e-09
0.0222457 2.29146e-09
0.0227647 2.29067e-09
0.0232959 2.28988e-09
0.0238394 2.2891e-09
0.0243956 2.28831e-09
0.0249648 2.28752e-09
0.0255473 2.28674e-09
0.0261434 2.28595e-09
0.0267534 2.28517e-09
0.0273776 2.28438e-09
0.0280164 2.2836e-09
0.0286701 2.28281e-09
0.029339 2.28203e-09
0.0300236 2.28124e-09
0.0307241 2.28046e-09
0.031441 2.27968e-09
0.0321746 2.27889e-09
0.0329253 2.27811e-09
0.0336935 2.27733e-09
0.0344796 2.27655e-09
0.0352841 2.27576e-09
0.0361074 2.27498e-09
0.0369499 2.2742e-09
0.037812 2.27342e-09
0.0386942 2.27264e-09
0.039597 2.27186e-09
0.0405209 2.27108e-09
0.0414664 2.2703e-09
0.0424339 2.26952e-09
0.043424 2.26874e-09
0.0444372 2.26796e-09
0.045474 2.26718e-09
0.046535 2.2664e-09
0.0476208 2.26562e-09
0.0487319 2.26485e-09
0.0498689 2.26407e-09
0.0510324 2.26329e-09
0.0522232 2.26251e-09
0.0534416 2.26173e-09
0.0546886 2.26096e-09
0.0559646 2.26018e-09
0.0572704 2.25941e-09
0.0586066 2.25863e-09
0.059974 2.25785e-09
0.0613734 2.25708e-09
0.0628054 2.2563e-09
0.0642707 2.25553e-09
0.0657703 2.25475e-09
0.0673049 2.25398e-09
0.0688753 2.2532e-09
0.0704823 2.25243e-09
0.0721268 2.25166e-09
0.0738097 2.25088e-09
0.0755319 2.25011e-09
0.0772942 2.24934e-09
0.0790977 2.24856e-09
0.0809432 2.24779e-09
0.0828318 2.24702e-09
0.0847644 2.24625e-09
0.0867422 2.24548e-09
0.0887661 2.2447e-09
0.0908372 2.24393e-09
0.0929567 2.24316e-09
0.0951255 2.24239e-09
0.097345 2.24162e-09
0.0996163 2.24085e-09
0.101941 2.24008e-09
0.104319 2.23931e-09
0.106753 2.23854e-09
0.109244 2.23777e-09
0.111793 2.23701e-09
0.114401 2.23624e-09
0.11707 2.23547e-09
0.119802 2.2347e-09
0.122597 2.23393e-09
0.125458 2.23317e-09
0.128385 2.2324e-09
0.13138 2.23163e-09
0.134446 2.23087e-09
0.137583 2.2301e-09
0.140793 2.22933e-09
0.144078 2.22857e-09
0.14744 2.2278e-09
0.15088 2.22704e-09
0.1544 2.22627e-09
0.158003 2.22551e-09
0.161689 2.22474e-09
0.165462 2.22398e-09
0.169322 2.22322e-09
0.173273 2.22245e-09
0.177316 2.22169e-09
0.181453 2.22093e-09
0.185687 2.22016e-09
0.190019 2.2194e-09
0.194453 2.21864e-09
0.19899 2.21788e-09
0.203633 2.21711e-09
0.208384 2.21635e-09
0.213246 2.21559e-09
0.218222 2.21483e-09
0.223313 2.21407e-09
0.228524 2.21331e-09
0.233856 2.21255e-09
0.239312 2.21179e-09
0.244896 2.21103e-09
0.25061 2.21027e-09
0.256457 2.20951e-09
0.262441 2.20875e-09
0.268564 2.20799e-09
0.274831 2.20723e-09
0.281243 2.20648e-09
0.287805 2.20572e-09
0.29452 2.20496e-09
0.301392 2.2042e-09
0.308424 2.20345e-09
0.315621 2.20269e-09
0.322985 2.20193e-09
0.330521 2.20118e-09
0.338233 2.20042e-09
0.346124 2.19966e-09
0.3542 2.19891e-09
0.362464 2.19815e-09
0.370922 2.1974e-09
0.379576 2.19664e-09
0.388432 2.19589e-09
0.397496 2.19513e-09
0.40677 2.19438e-09
0.416261 2.19363e-09
0.425973 2.19287e-09
0.435912 2.19212e-09
0.446083 2.19137e-09
0.456491 2.19061e-09
0.467142 2.18986e-09
0.478042 2.18911e-09
0.489196 2.18836e-09
0.50061 2.18761e-09
0.51229 2.18685e-09
0.524243 2.1861e-09
0.536475 2.18535e-09
0.548992 2.1846e-09
0.561801 2.18385e-09
0.574909 2.1831e-09
0.588323 2.18235e-09
0.60205 2.1816e-09
0.616097 2.18085e-09
0.630472 2.1801e-09
0.645183 2.17935e-09
0.660236 2.17861e-09
0.675641 2.17786e-09
0.691406 2.17711e-09
0.707538 2.17636e-09
0.724046 2.17561e-09
0.74094 2.17487e-09
0.758228 2.17412e-09
0.775919 2.17337e-09
0.794023 2.17263e-09
0.812549 2.17188e-09
0.831508 2.17113e-09
0.850909 2.17039e-09
0.870763 2.16964e-09
0.89108 2.1689e-09
0.911871 2.16815e-09
0.933147 2.16741e-09
0.954919 2.16666e-09
0.9772 2.16592e-09
1 2.16517e-09
1.02333 2.16443e-09
1.04721 2.16369e-09
