9.54919e-07 3.39416e-09
9.772e-07 3.39116e-09
1e-06 3.38817e-09
1.02333e-06 3.38519e-09
1.04721e-06 3.3822e-09
1.07164e-06 3.37922e-09
1.09665e-06 3.37624e-09
1.12223e-06 3.37326e-09
1.14842e-06 3.37029e-09
1.17521e-06 3.36732e-09
1.20263e-06 3.36435e-09
1.23069e-06 3.36138e-09
1.25941e-06 3.35842e-09
1.28879e-06 3.35546e-09
1.31886e-06 3.3525e-09
1.34964e-06 3.34954e-09
1.38113e-06 3.34659e-09
1.41335e-06 3.34364e-09
1.44633e-06 3.34069e-09
1.48008e-06 3.33775e-09
1.51461e-06 3.3348e-09
1.54995e-06 3.33186e-09
1.58611e-06 3.32893e-09
1.62312e-06 3.32599e-09
1.66099e-06 3.32306e-09
1.69975e-06 3.32013e-09
1.7394e-06 3.3172e-09
1.77999e-06 3.31428e-09
1.82152e-06 3.31136e-09
1.86402e-06 3.30844e-09
1.90751e-06 3.30552e-09
1.95202e-06 3.3026e-09
1.99756e-06 3.29969e-09
2.04417e-06 3.29678e-09
2.09187e-06 3.29388e-09
2.14068e-06 3.29097e-09
2.19062e-06 3.28807e-09
2.24174e-06 3.28517e-09
2.29404e-06 3.28228e-09
2.34757e-06 3.27938e-09
2.40234e-06 3.27649e-09
2.45839e-06 3.2736e-09
2.51575e-06 3.27072e-09
2.57445e-06 3.26783e-09
2.63452e-06 3.26495e-09
2.69599e-06 3.26207e-09
2.75889e-06 3.2592e-09
2.82326e-06 3.25632e-09
2.88914e-06 3.25345e-09
2.95655e-06 3.25058e-09
3.02553e-06 3.24772e-09
3.09612e-06 3.24485e-09
3.16836e-06 3.24199e-09
3.24229e-06 3.23914e-09
3.31794e-06 3.23628e-09
3.39535e-06 3.23343e-09
3.47457e-06 3.23058e-09
3.55564e-06 3.22773e-09
3.6386e-06 3.22488e-09
3.7235e-06 3.22204e-09
3.81038e-06 3.2192e-09
3.89928e-06 3.21636e-09
3.99026e-06 3.21352e-09
4.08337e-06 3.21069e-09
4.17864e-06 3.20786e-09
4.27614e-06 3.20503e-09
4.37591e-06 3.20221e-09
4.47801e-06 3.19938e-09
4.58249e-06 3.19656e-09
4.68941e-06 3.19374e-09
4.79883e-06 3.19093e-09
4.9108e-06 3.18811e-09
5.02538e-06 3.1853e-09
5.14263e-06 3.18249e-09
5.26262e-06 3.17969e-09
5.38541e-06 3.17689e-09
5.51106e-06 3.17408e-09
5.63965e-06 3.17129e-09
5.77124e-06 3.16849e-09
5.90589e-06 3.1657e-09
6.04369e-06 3.16291e-09
6.1847e-06 3.16012e-09
6.32901e-06 3.15733e-09
6.47668e-06 3.15455e-09
6.62779e-06 3.15177e-09
6.78244e-06 3.14899e-09
6.94069e-06 3.14621e-09
7.10263e-06 3.14344e-09
7.26835e-06 3.14067e-09
7.43794e-06 3.1379e-09
7.61148e-06 3.13513e-09
7.78907e-06 3.13237e-09
7.97081e-06 3.1296e-09
8.15679e-06 3.12684e-09
8.34711e-06 3.12409e-09
8.54186e-06 3.12133e-09
8.74116e-06 3.11858e-09
8.94512e-06 3.11583e-09
9.15383e-06 3.11308e-09
9.36741e-06 3.11034e-09
9.58597e-06 3.1076e-09
9.80963e-06 3.10486e-09
1.00385e-05 3.10212e-09
1.02727e-05 3.09939e-09
1.05124e-05 3.09665e-09
1.07577e-05 3.09392e-09
1.10087e-05 3.0912e-09
1.12656e-05 3.08847e-09
1.15284e-05 3.08575e-09
1.17974e-05 3.08303e-09
1.20727e-05 3.08031e-09
1.23543e-05 3.07759e-09
1.26426e-05 3.07488e-09
1.29376e-05 3.07217e-09
1.32394e-05 3.06946e-09
1.35484e-05 3.06675e-09
1.38645e-05 3.06405e-09
1.4188e-05 3.06135e-09
1.4519e-05 3.05865e-09
1.48578e-05 3.05595e-09
1.52044e-05 3.05326e-09
1.55592e-05 3.05057e-09
1.59222e-05 3.04788e-09
1.62937e-05 3.04519e-09
1.66739e-05 3.0425e-09
1.70629e-05 3.03982e-09
1.7461e-05 3.03714e-09
1.78684e-05 3.03446e-09
1.82854e-05 3.03179e-09
1.8712e-05 3.02912e-09
1.91486e-05 3.02644e-09
1.95954e-05 3.02378e-09
2.00526e-05 3.02111e-09
2.05205e-05 3.01845e-09
2.09992e-05 3.01579e-09
2.14892e-05 3.01313e-09
2.19906e-05 3.01047e-09
2.25037e-05 3.00782e-09
2.30288e-05 3.00516e-09
2.35661e-05 3.00251e-09
2.41159e-05 2.99987e-09
2.46786e-05 2.99722e-09
2.52544e-05 2.99458e-09
2.58437e-05 2.99194e-09
2.64466e-05 2.9893e-09
2.70637e-05 2.98667e-09
2.76952e-05 2.98403e-09
2.83414e-05 2.9814e-09
2.90026e-05 2.97877e-09
2.96793e-05 2.97615e-09
3.03718e-05 2.97352e-09
3.10805e-05 2.9709e-09
3.18056e-05 2.96828e-09
3.25477e-05 2.96567e-09
3.33072e-05 2.96305e-09
3.40843e-05 2.96044e-09
3.48796e-05 2.95783e-09
3.56934e-05 2.95522e-09
3.65262e-05 2.95261e-09
3.73784e-05 2.95001e-09
3.82506e-05 2.94741e-09
3.9143e-05 2.94481e-09
4.00563e-05 2.94222e-09
4.09909e-05 2.93962e-09
4.19473e-05 2.93703e-09
4.29261e-05 2.93444e-09
4.39276e-05 2.93185e-09
4.49526e-05 2.92927e-09
4.60014e-05 2.92669e-09
4.70747e-05 2.92411e-09
4.81731e-05 2.92153e-09
4.92971e-05 2.91895e-09
5.04473e-05 2.91638e-09
5.16244e-05 2.91381e-09
5.28289e-05 2.91124e-09
5.40615e-05 2.90867e-09
5.53229e-05 2.90611e-09
5.66137e-05 2.90354e-09
5.79346e-05 2.90098e-09
5.92864e-05 2.89843e-09
6.06697e-05 2.89587e-09
6.20852e-05 2.89332e-09
6.35338e-05 2.89077e-09
6.50162e-05 2.88822e-09
6.65332e-05 2.88567e-09
6.80856e-05 2.88313e-09
6.96742e-05 2.88059e-09
7.12998e-05 2.87805e-09
7.29634e-05 2.87551e-09
7.46658e-05 2.87297e-09
7.6408e-05 2.87044e-09
7.81907e-05 2.86791e-09
8.00151e-05 2.86538e-09
8.1882e-05 2.86286e-09
8.37925e-05 2.86033e-09
8.57476e-05 2.85781e-09
8.77483e-05 2.85529e-09
8.97957e-05 2.85277e-09
9.18908e-05 2.85026e-09
9.40348e-05 2.84774e-09
9.62289e-05 2.84523e-09
9.84741e-05 2.84272e-09
0.000100772 2.84022e-09
0.000103123 2.83771e-09
0.000105529 2.83521e-09
0.000107991 2.83271e-09
0.000110511 2.83022e-09
0.00011309 2.82772e-09
0.000115728 2.82523e-09
0.000118428 2.82274e-09
0.000121192 2.82025e-09
0.000124019 2.81776e-09
0.000126913 2.81528e-09
0.000129874 2.81279e-09
0.000132904 2.81031e-09
0.000136005 2.80784e-09
0.000139179 2.80536e-09
0.000142426 2.80289e-09
0.000145749 2.80042e-09
0.00014915 2.79795e-09
0.00015263 2.79548e-09
0.000156191 2.79302e-09
0.000159835 2.79055e-09
0.000163565 2.78809e-09
0.000167381 2.78564e-09
0.000171286 2.78318e-09
0.000175283 2.78073e-09
0.000179373 2.77827e-09
0.000183558 2.77582e-09
0.000187841 2.77338e-09
0.000192223 2.77093e-09
0.000196708 2.76849e-09
0.000201298 2.76605e-09
0.000205995 2.76361e-09
0.000210801 2.76117e-09
0.00021572 2.75874e-09
0.000220753 2.75631e-09
0.000225904 2.75388e-09
0.000231174 2.75145e-09
0.000236568 2.74902e-09
0.000242088 2.7466e-09
0.000247736 2.74418e-09
0.000253517 2.74176e-09
0.000259432 2.73934e-09
0.000265485 2.73692e-09
0.000271679 2.73451e-09
0.000278018 2.7321e-09
0.000284505 2.72969e-09
0.000291143 2.72729e-09
0.000297936 2.72488e-09
0.000304888 2.72248e-09
0.000312002 2.72008e-09
0.000319281 2.71768e-09
0.000326731 2.71528e-09
0.000334354 2.71289e-09
0.000342156 2.7105e-09
0.000350139 2.70811e-09
0.000358308 2.70572e-09
0.000366669 2.70334e-09
0.000375224 2.70095e-09
0.000383979 2.69857e-09
0.000392938 2.69619e-09
0.000402106 2.69381e-09
0.000411488 2.69144e-09
0.000421089 2.68907e-09
0.000430914 2.6867e-09
0.000440968 2.68433e-09
0.000451257 2.68196e-09
0.000461786 2.6796e-09
0.000472561 2.67723e-09
0.000483586 2.67487e-09
0.00049487 2.67251e-09
0.000506416 2.67016e-09
0.000518232 2.6678e-09
0.000530324 2.66545e-09
0.000542697 2.6631e-09
0.00055536 2.66075e-09
0.000568317 2.65841e-09
0.000581578 2.65606e-09
0.000595147 2.65372e-09
0.000609033 2.65138e-09
0.000623244 2.64904e-09
0.000637785 2.64671e-09
0.000652666 2.64438e-09
0.000667894 2.64204e-09
0.000683478 2.63971e-09
0.000699425 2.63739e-09
0.000715744 2.63506e-09
0.000732444 2.63274e-09
0.000749534 2.63042e-09
0.000767022 2.6281e-09
0.000784919 2.62578e-09
0.000803233 2.62347e-09
0.000821974 2.62115e-09
0.000841153 2.61884e-09
0.000860779 2.61653e-09
0.000880863 2.61423e-09
0.000901415 2.61192e-09
0.000922447 2.60962e-09
0.00094397 2.60732e-09
0.000965995 2.60502e-09
0.000988534 2.60272e-09
0.0010116 2.60043e-09
0.0010352 2.59814e-09
0.00105936 2.59584e-09
0.00108407 2.59356e-09
0.00110937 2.59127e-09
0.00113525 2.58898e-09
0.00116174 2.5867e-09
0.00118884 2.58442e-09
0.00121658 2.58214e-09
0.00124497 2.57987e-09
0.00127402 2.57759e-09
0.00130374 2.57532e-09
0.00133416 2.57305e-09
0.00136529 2.57078e-09
0.00139715 2.56851e-09
0.00142975 2.56625e-09
0.0014631 2.56399e-09
0.00149724 2.56173e-09
0.00153218 2.55947e-09
0.00156793 2.55721e-09
0.00160451 2.55496e-09
0.00164195 2.5527e-09
0.00168026 2.55045e-09
0.00171946 2.5482e-09
0.00175958 2.54596e-09
0.00180064 2.54371e-09
0.00184265 2.54147e-09
0.00188564 2.53923e-09
0.00192964 2.53699e-09
0.00197466 2.53475e-09
0.00202073 2.53252e-09
0.00206788 2.53029e-09
0.00211613 2.52806e-09
0.00216551 2.52583e-09
0.00221603 2.5236e-09
0.00226774 2.52137e-09
0.00232065 2.51915e-09
0.00237479 2.51693e-09
0.0024302 2.51471e-09
0.00248691 2.51249e-09
0.00254493 2.51028e-09
0.00260431 2.50807e-09
0.00266508 2.50585e-09
0.00272726 2.50365e-09
0.00279089 2.50144e-09
0.00285601 2.49923e-09
0.00292265 2.49703e-09
0.00299084 2.49483e-09
0.00306062 2.49263e-09
0.00313203 2.49043e-09
0.00320511 2.48823e-09
0.00327989 2.48604e-09
0.00335642 2.48385e-09
0.00343473 2.48166e-09
0.00351487 2.47947e-09
0.00359688 2.47729e-09
0.00368081 2.4751e-09
0.00376669 2.47292e-09
0.00385458 2.47074e-09
0.00394451 2.46856e-09
0.00403655 2.46638e-09
0.00413073 2.46421e-09
0.00422711 2.46204e-09
0.00432574 2.45987e-09
0.00442667 2.4577e-09
0.00452995 2.45553e-09
0.00463565 2.45337e-09
0.00474381 2.4512e-09
0.00485449 2.44904e-09
0.00496776 2.44688e-09
0.00508367 2.44472e-09
0.00520228 2.44257e-09
0.00532366 2.44042e-09
0.00544787 2.43826e-09
0.00557499 2.43611e-09
0.00570506 2.43397e-09
0.00583818 2.43182e-09
0.00597439 2.42968e-09
0.00611379 2.42753e-09
0.00625644 2.42539e-09
0.00640242 2.42326e-09
0.0065518 2.42112e-09
0.00670467 2.41898e-09
0.0068611 2.41685e-09
0.00702119 2.41472e-09
0.00718501 2.41259e-09
0.00735265 2.41047e-09
0.00752421 2.40834e-09
0.00769976 2.40622e-09
0.00787942 2.4041e-09
0.00806326 2.40198e-09
0.0082514 2.39986e-09
0.00844392 2.39774e-09
0.00864094 2.39563e-09
0.00884255 2.39352e-09
0.00904887 2.39141e-09
0.00926 2.3893e-09
0.00947606 2.38719e-09
0.00969716 2.38509e-09
0.00992341 2.38298e-09
0.010155 2.38088e-09
0.0103919 2.37878e-09
0.0106344 2.37669e-09
0.0108825 2.37459e-09
0.0111364 2.3725e-09
0.0113962 2.3704e-09
0.0116621 2.36832e-09
0.0119342 2.36623e-09
0.0122127 2.36414e-09
0.0124976 2.36206e-09
0.0127892 2.35997e-09
0.0130876 2.35789e-09
0.013393 2.35581e-09
0.0137055 2.35374e-09
0.0140253 2.35166e-09
0.0143525 2.34959e-09
0.0146874 2.34752e-09
0.0150301 2.34545e-09
0.0153808 2.34338e-09
0.0157396 2.34131e-09
0.0161069 2.33925e-09
0.0164827 2.33719e-09
0.0168673 2.33513e-09
0.0172608 2.33307e-09
0.0176636 2.33101e-09
0.0180757 2.32896e-09
0.0184974 2.3269e-09
0.018929 2.32485e-09
0.0193707 2.3228e-09
0.0198227 2.32075e-09
0.0202852 2.31871e-09
0.0207585 2.31666e-09
0.0212428 2.31462e-09
0.0217385 2.31258e-09
0.0222457 2.31054e-09
0.0227647 2.3085e-09
0.0232959 2.30647e-09
0.0238394 2.30443e-09
0.0243956 2.3024e-09
0.0249648 2.30037e-09
0.0255473 2.29834e-09
0.0261434 2.29632e-09
0.0267534 2.29429e-09
0.0273776 2.29227e-09
0.0280164 2.29025e-09
0.0286701 2.28823e-09
0.029339 2.28621e-09
0.0300236 2.2842e-09
0.0307241 2.28218e-09
0.031441 2.28017e-09
0.0321746 2.27816e-09
0.0329253 2.27615e-09
0.0336935 2.27415e-09
0.0344796 2.27214e-09
0.0352841 2.27014e-09
0.0361074 2.26814e-09
0.0369499 2.26614e-09
0.037812 2.26414e-09
0.0386942 2.26214e-09
0.039597 2.26015e-09
0.0405209 2.25815e-09
0.0414664 2.25616e-09
0.0424339 2.25417e-09
0.043424 2.25219e-09
0.0444372 2.2502e-09
0.045474 2.24822e-09
0.046535 2.24624e-09
0.0476208 2.24426e-09
0.0487319 2.24228e-09
0.0498689 2.2403e-09
0.0510324 2.23832e-09
0.0522232 2.23635e-09
0.0534416 2.23438e-09
0.0546886 2.23241e-09
0.0559646 2.23044e-09
0.0572704 2.22847e-09
0.0586066 2.22651e-09
0.059974 2.22455e-09
0.0613734 2.22259e-09
0.0628054 2.22063e-09
0.0642707 2.21867e-09
0.0657703 2.21671e-09
0.0673049 2.21476e-09
0.0688753 2.2128e-09
0.0704823 2.21085e-09
0.0721268 2.2089e-09
0.0738097 2.20696e-09
0.0755319 2.20501e-09
0.0772942 2.20307e-09
0.0790977 2.20113e-09
0.0809432 2.19918e-09
0.0828318 2.19725e-09
0.0847644 2.19531e-09
0.0867422 2.19337e-09
0.0887661 2.19144e-09
0.0908372 2.18951e-09
0.0929567 2.18758e-09
0.0951255 2.18565e-09
0.097345 2.18372e-09
0.0996163 2.1818e-09
0.101941 2.17987e-09
0.104319 2.17795e-09
0.106753 2.17603e-09
0.109244 2.17411e-09
0.111793 2.17219e-09
0.114401 2.17028e-09
0.11707 2.16837e-09
0.119802 2.16645e-09
0.122597 2.16454e-09
0.125458 2.16264e-09
0.128385 2.16073e-09
0.13138 2.15882e-09
0.134446 2.15692e-09
0.137583 2.15502e-09
0.140793 2.15312e-09
0.144078 2.15122e-09
0.14744 2.14932e-09
0.15088 2.14743e-09
0.1544 2.14554e-09
0.158003 2.14364e-09
0.161689 2.14175e-09
0.165462 2.13987e-09
0.169322 2.13798e-09
0.173273 2.13609e-09
0.177316 2.13421e-09
0.181453 2.13233e-09
0.185687 2.13045e-09
0.190019 2.12857e-09
0.194453 2.12669e-09
0.19899 2.12482e-09
0.203633 2.12295e-09
0.208384 2.12107e-09
0.213246 2.1192e-09
0.218222 2.11734e-09
0.223313 2.11547e-09
0.228524 2.1136e-09
0.233856 2.11174e-09
0.239312 2.10988e-09
0.244896 2.10802e-09
0.25061 2.10616e-09
0.256457 2.1043e-09
0.262441 2.10245e-09
0.268564 2.10059e-09
0.274831 2.09874e-09
0.281243 2.09689e-09
0.287805 2.09504e-09
0.29452 2.0932e-09
0.301392 2.09135e-09
0.308424 2.08951e-09
0.315621 2.08766e-09
0.322985 2.08582e-09
0.330521 2.08398e-09
0.338233 2.08215e-09
0.346124 2.08031e-09
0.3542 2.07848e-09
0.362464 2.07664e-09
0.370922 2.07481e-09
0.379576 2.07298e-09
0.388432 2.07116e-09
0.397496 2.06933e-09
0.40677 2.06751e-09
0.416261 2.06568e-09
0.425973 2.06386e-09
0.435912 2.06204e-09
0.446083 2.06022e-09
0.456491 2.05841e-09
0.467142 2.05659e-09
0.478042 2.05478e-09
0.489196 2.05297e-09
0.50061 2.05116e-09
0.51229 2.04935e-09
0.524243 2.04754e-09
0.536475 2.04574e-09
0.548992 2.04393e-09
0.561801 2.04213e-09
0.574909 2.04033e-09
0.588323 2.03853e-09
0.60205 2.03674e-09
0.616097 2.03494e-09
0.630472 2.03315e-09
0.645183 2.03135e-09
0.660236 2.02956e-09
0.675641 2.02777e-09
0.691406 2.02598e-09
0.707538 2.0242e-09
0.724046 2.02241e-09
0.74094 2.02063e-09
0.758228 2.01885e-09
0.775919 2.01707e-09
0.794023 2.01529e-09
0.812549 2.01351e-09
0.831508 2.01174e-09
0.850909 2.00997e-09
0.870763 2.00819e-09
0.89108 2.00642e-09
0.911871 2.00465e-09
0.933147 2.00289e-09
0.954919 2.00112e-09
0.9772 1.99936e-09
1 1.99759e-09
1.02333 1.99583e-09
1.04721 1.99407e-09
