6.97098e-06 2.45846e-09
7.13354e-06 2.45809e-09
7.2999e-06 2.45772e-09
7.47013e-06 2.45736e-09
7.64433e-06 2.45699e-09
7.8226e-06 2.45662e-09
8.00502e-06 2.45626e-09
8.1917e-06 2.45589e-09
8.38273e-06 2.45552e-09
8.57822e-06 2.45516e-09
8.77826e-06 2.45479e-09
8.98297e-06 2.45443e-09
9.19245e-06 2.45406e-09
9.40682e-06 2.45369e-09
9.62619e-06 2.45333e-09
9.85067e-06 2.45296e-09
1.00804e-05 2.4526e-09
1.03155e-05 2.45223e-09
1.0556e-05 2.45186e-09
1.08022e-05 2.4515e-09
1.10541e-05 2.45113e-09
1.13119e-05 2.45077e-09
1.15757e-05 2.4504e-09
1.18456e-05 2.45003e-09
1.21218e-05 2.44967e-09
1.24045e-05 2.4493e-09
1.26938e-05 2.44894e-09
1.29898e-05 2.44857e-09
1.32927e-05 2.44821e-09
1.36027e-05 2.44784e-09
1.39199e-05 2.44748e-09
1.42446e-05 2.44711e-09
1.45767e-05 2.44675e-09
1.49167e-05 2.44638e-09
1.52645e-05 2.44602e-09
1.56205e-05 2.44565e-09
1.59848e-05 2.44529e-09
1.63575e-05 2.44492e-09
1.6739e-05 2.44456e-09
1.71293e-05 2.44419e-09
1.75288e-05 2.44383e-09
1.79376e-05 2.44346e-09
1.83559e-05 2.4431e-09
1.87839e-05 2.44273e-09
1.9222e-05 2.44237e-09
1.96702e-05 2.44201e-09
2.01289e-05 2.44164e-09
2.05984e-05 2.44128e-09
2.10787e-05 2.44091e-09
2.15703e-05 2.44055e-09
2.20733e-05 2.44018e-09
2.2588e-05 2.43982e-09
2.31148e-05 2.43946e-09
2.36538e-05 2.43909e-09
2.42054e-05 2.43873e-09
2.47699e-05 2.43836e-09
2.53475e-05 2.438e-09
2.59386e-05 2.43764e-09
2.65435e-05 2.43727e-09
2.71625e-05 2.43691e-09
2.77959e-05 2.43655e-09
2.84441e-05 2.43618e-09
2.91075e-05 2.43582e-09
2.97862e-05 2.43546e-09
3.04809e-05 2.43509e-09
3.11917e-05 2.43473e-09
3.19191e-05 2.43437e-09
3.26634e-05 2.434e-09
3.34251e-05 2.43364e-09
3.42046e-05 2.43328e-09
3.50023e-05 2.43291e-09
3.58185e-05 2.43255e-09
3.66538e-05 2.43219e-09
3.75086e-05 2.43182e-09
3.83833e-05 2.43146e-09
3.92784e-05 2.4311e-09
4.01943e-05 2.43074e-09
4.11317e-05 2.43037e-09
4.20908e-05 2.43001e-09
4.30724e-05 2.42965e-09
4.40769e-05 2.42929e-09
4.51047e-05 2.42892e-09
4.61566e-05 2.42856e-09
4.72329e-05 2.4282e-09
4.83344e-05 2.42784e-09
4.94616e-05 2.42747e-09
5.0615e-05 2.42711e-09
5.17954e-05 2.42675e-09
5.30032e-05 2.42639e-09
5.42393e-05 2.42603e-09
5.55041e-05 2.42566e-09
5.67985e-05 2.4253e-09
5.8123e-05 2.42494e-09
5.94784e-05 2.42458e-09
6.08655e-05 2.42422e-09
6.22849e-05 2.42385e-09
6.37373e-05 2.42349e-09
6.52237e-05 2.42313e-09
6.67447e-05 2.42277e-09
6.83012e-05 2.42241e-09
6.9894e-05 2.42205e-09
7.15239e-05 2.42169e-09
7.31918e-05 2.42132e-09
7.48987e-05 2.42096e-09
7.66453e-05 2.4206e-09
7.84327e-05 2.42024e-09
8.02617e-05 2.41988e-09
8.21334e-05 2.41952e-09
8.40488e-05 2.41916e-09
8.60088e-05 2.4188e-09
8.80145e-05 2.41844e-09
9.0067e-05 2.41807e-09
9.21674e-05 2.41771e-09
9.43167e-05 2.41735e-09
9.65162e-05 2.41699e-09
9.8767e-05 2.41663e-09
0.00010107 2.41627e-09
0.000103427 2.41591e-09
0.000105839 2.41555e-09
0.000108307 2.41519e-09
0.000110833 2.41483e-09
0.000113418 2.41447e-09
0.000116062 2.41411e-09
0.000118769 2.41375e-09
0.000121539 2.41339e-09
0.000124373 2.41303e-09
0.000127273 2.41267e-09
0.000130241 2.41231e-09
0.000133279 2.41195e-09
0.000136387 2.41159e-09
0.000139567 2.41123e-09
0.000142822 2.41087e-09
0.000146153 2.41051e-09
0.000149561 2.41015e-09
0.000153049 2.40979e-09
0.000156618 2.40943e-09
0.00016027 2.40907e-09
0.000164008 2.40871e-09
0.000167832 2.40835e-09
0.000171746 2.40799e-09
0.000175751 2.40763e-09
0.00017985 2.40727e-09
0.000184044 2.40692e-09
0.000188336 2.40656e-09
0.000192728 2.4062e-09
0.000197222 2.40584e-09
0.000201821 2.40548e-09
0.000206528 2.40512e-09
0.000211344 2.40476e-09
0.000216272 2.4044e-09
0.000221316 2.40404e-09
0.000226477 2.40368e-09
0.000231758 2.40333e-09
0.000237163 2.40297e-09
0.000242694 2.40261e-09
0.000248353 2.40225e-09
0.000254145 2.40189e-09
0.000260072 2.40153e-09
0.000266136 2.40118e-09
0.000272343 2.40082e-09
0.000278694 2.40046e-09
0.000285193 2.4001e-09
0.000291844 2.39974e-09
0.000298649 2.39938e-09
0.000305614 2.39903e-09
0.000312741 2.39867e-09
0.000320034 2.39831e-09
0.000327497 2.39795e-09
0.000335134 2.3976e-09
0.00034295 2.39724e-09
0.000350947 2.39688e-09
0.000359131 2.39652e-09
0.000367506 2.39616e-09
0.000376077 2.39581e-09
0.000384847 2.39545e-09
0.000393821 2.39509e-09
0.000403005 2.39474e-09
0.000412403 2.39438e-09
0.000422021 2.39402e-09
0.000431862 2.39366e-09
0.000441933 2.39331e-09
0.000452239 2.39295e-09
0.000462785 2.39259e-09
0.000473577 2.39224e-09
0.000484621 2.39188e-09
0.000495923 2.39152e-09
0.000507487 2.39116e-09
0.000519322 2.39081e-09
0.000531433 2.39045e-09
0.000543826 2.39009e-09
0.000556508 2.38974e-09
0.000569485 2.38938e-09
0.000582766 2.38902e-09
0.000596356 2.38867e-09
0.000610263 2.38831e-09
0.000624494 2.38796e-09
0.000639057 2.3876e-09
0.00065396 2.38724e-09
0.000669211 2.38689e-09
0.000684817 2.38653e-09
0.000700786 2.38617e-09
0.000717129 2.38582e-09
0.000733852 2.38546e-09
0.000750966 2.38511e-09
0.000768478 2.38475e-09
0.000786399 2.3844e-09
0.000804738 2.38404e-09
0.000823504 2.38368e-09
0.000842709 2.38333e-09
0.00086236 2.38297e-09
0.000882471 2.38262e-09
0.00090305 2.38226e-09
0.000924109 2.38191e-09
0.000945659 2.38155e-09
0.000967712 2.3812e-09
0.000990279 2.38084e-09
0.00101337 2.38048e-09
0.001037 2.38013e-09
0.00106119 2.37977e-09
0.00108593 2.37942e-09
0.00111126 2.37906e-09
0.00113717 2.37871e-09
0.00116369 2.37835e-09
0.00119083 2.378e-09
0.0012186 2.37764e-09
0.00124702 2.37729e-09
0.0012761 2.37694e-09
0.00130586 2.37658e-09
0.00133631 2.37623e-09
0.00136747 2.37587e-09
0.00139936 2.37552e-09
0.00143199 2.37516e-09
0.00146539 2.37481e-09
0.00149956 2.37445e-09
0.00153453 2.3741e-09
0.00157032 2.37375e-09
0.00160693 2.37339e-09
0.00164441 2.37304e-09
0.00168276 2.37268e-09
0.001722 2.37233e-09
0.00176215 2.37198e-09
0.00180325 2.37162e-09
0.0018453 2.37127e-09
0.00188833 2.37091e-09
0.00193237 2.37056e-09
0.00197743 2.37021e-09
0.00202354 2.36985e-09
0.00207073 2.3695e-09
0.00211902 2.36915e-09
0.00216844 2.36879e-09
0.00221901 2.36844e-09
0.00227075 2.36809e-09
0.00232371 2.36773e-09
0.0023779 2.36738e-09
0.00243335 2.36703e-09
0.0024901 2.36667e-09
0.00254816 2.36632e-09
0.00260759 2.36597e-09
0.0026684 2.36561e-09
0.00273062 2.36526e-09
0.0027943 2.36491e-09
0.00285946 2.36455e-09
0.00292615 2.3642e-09
0.00299439 2.36385e-09
0.00306421 2.3635e-09
0.00313567 2.36314e-09
0.0032088 2.36279e-09
0.00328362 2.36244e-09
0.0033602 2.36209e-09
0.00343856 2.36173e-09
0.00351875 2.36138e-09
0.0036008 2.36103e-09
0.00368477 2.36068e-09
0.0037707 2.36032e-09
0.00385864 2.35997e-09
0.00394862 2.35962e-09
0.0040407 2.35927e-09
0.00413493 2.35892e-09
0.00423136 2.35856e-09
0.00433003 2.35821e-09
0.00443101 2.35786e-09
0.00453434 2.35751e-09
0.00464008 2.35716e-09
0.00474829 2.3568e-09
0.00485902 2.35645e-09
0.00497233 2.3561e-09
0.00508828 2.35575e-09
0.00520694 2.3554e-09
0.00532837 2.35505e-09
0.00545262 2.3547e-09
0.00557978 2.35434e-09
0.0057099 2.35399e-09
0.00584306 2.35364e-09
0.00597932 2.35329e-09
0.00611875 2.35294e-09
0.00626144 2.35259e-09
0.00640746 2.35224e-09
0.00655688 2.35189e-09
0.00670979 2.35154e-09
0.00686626 2.35119e-09
0.00702638 2.35083e-09
0.00719024 2.35048e-09
0.00735791 2.35013e-09
0.0075295 2.34978e-09
0.00770509 2.34943e-09
0.00788477 2.34908e-09
0.00806864 2.34873e-09
0.0082568 2.34838e-09
0.00844935 2.34803e-09
0.00864639 2.34768e-09
0.00884802 2.34733e-09
0.00905436 2.34698e-09
0.00926551 2.34663e-09
0.00948158 2.34628e-09
0.00970269 2.34593e-09
0.00992895 2.34558e-09
0.0101605 2.34523e-09
0.0103974 2.34488e-09
0.0106399 2.34453e-09
0.010888 2.34418e-09
0.0111419 2.34383e-09
0.0114018 2.34348e-09
0.0116677 2.34313e-09
0.0119397 2.34278e-09
0.0122182 2.34243e-09
0.0125031 2.34208e-09
0.0127947 2.34173e-09
0.0130931 2.34138e-09
0.0133984 2.34103e-09
0.0137108 2.34068e-09
0.0140306 2.34033e-09
0.0143578 2.33999e-09
0.0146926 2.33964e-09
0.0150352 2.33929e-09
0.0153858 2.33894e-09
0.0157446 2.33859e-09
0.0161118 2.33824e-09
0.0164875 2.33789e-09
0.016872 2.33754e-09
0.0172655 2.33719e-09
0.0176681 2.33685e-09
0.0180801 2.3365e-09
0.0185018 2.33615e-09
0.0189332 2.3358e-09
0.0193747 2.33545e-09
0.0198266 2.3351e-09
0.0202889 2.33475e-09
0.0207621 2.33441e-09
0.0212462 2.33406e-09
0.0217417 2.33371e-09
0.0222487 2.33336e-09
0.0227675 2.33301e-09
0.0232985 2.33266e-09
0.0238418 2.33232e-09
0.0243978 2.33197e-09
0.0249667 2.33162e-09
0.025549 2.33127e-09
0.0261448 2.33092e-09
0.0267545 2.33058e-09
0.0273784 2.33023e-09
0.0280168 2.32988e-09
0.0286702 2.32953e-09
0.0293388 2.32919e-09
0.030023 2.32884e-09
0.0307231 2.32849e-09
0.0314396 2.32814e-09
0.0321727 2.3278e-09
0.032923 2.32745e-09
0.0336908 2.3271e-09
0.0344764 2.32675e-09
0.0352804 2.32641e-09
0.0361032 2.32606e-09
0.0369451 2.32571e-09
0.0378066 2.32537e-09
0.0386883 2.32502e-09
0.0395905 2.32467e-09
0.0405138 2.32433e-09
0.0414585 2.32398e-09
0.0424254 2.32363e-09
0.0434147 2.32329e-09
0.0444271 2.32294e-09
0.0454632 2.32259e-09
0.0465234 2.32225e-09
0.0476083 2.3219e-09
0.0487185 2.32155e-09
0.0498547 2.32121e-09
0.0510173 2.32086e-09
0.052207 2.32051e-09
0.0534245 2.32017e-09
0.0546703 2.31982e-09
0.0559452 2.31948e-09
0.0572499 2.31913e-09
0.0585849 2.31878e-09
0.0599511 2.31844e-09
0.0613492 2.31809e-09
0.0627799 2.31775e-09
0.0642439 2.3174e-09
0.065742 2.31705e-09
0.0672751 2.31671e-09
0.068844 2.31636e-09
0.0704494 2.31602e-09
0.0720923 2.31567e-09
0.0737735 2.31533e-09
0.0754939 2.31498e-09
0.0772544 2.31464e-09
0.079056 2.31429e-09
0.0808996 2.31394e-09
0.0827862 2.3136e-09
0.0847167 2.31325e-09
0.0866923 2.31291e-09
0.088714 2.31256e-09
0.0907828 2.31222e-09
0.0928999 2.31187e-09
0.0950663 2.31153e-09
0.0972832 2.31118e-09
0.0995519 2.31084e-09
0.101873 2.31049e-09
0.104249 2.31015e-09
0.10668 2.30981e-09
0.109168 2.30946e-09
0.111714 2.30912e-09
0.114319 2.30877e-09
0.116985 2.30843e-09
0.119713 2.30808e-09
0.122505 2.30774e-09
0.125361 2.30739e-09
0.128285 2.30705e-09
0.131276 2.30671e-09
0.134338 2.30636e-09
0.137471 2.30602e-09
0.140676 2.30567e-09
0.143957 2.30533e-09
0.147314 2.30499e-09
0.150749 2.30464e-09
0.154265 2.3043e-09
0.157862 2.30395e-09
0.161544 2.30361e-09
0.165311 2.30327e-09
0.169166 2.30292e-09
0.173111 2.30258e-09
0.177148 2.30224e-09
0.181279 2.30189e-09
0.185506 2.30155e-09
0.189832 2.3012e-09
0.194259 2.30086e-09
0.198789 2.30052e-09
0.203425 2.30018e-09
0.208169 2.29983e-09
0.213024 2.29949e-09
0.217991 2.29915e-09
0.223075 2.2988e-09
0.228277 2.29846e-09
0.2336 2.29812e-09
0.239048 2.29777e-09
0.244622 2.29743e-09
0.250327 2.29709e-09
0.256165 2.29675e-09
0.262138 2.2964e-09
0.268252 2.29606e-09
0.274507 2.29572e-09
0.280909 2.29538e-09
0.287459 2.29503e-09
0.294163 2.29469e-09
0.301023 2.29435e-09
0.308043 2.29401e-09
0.315226 2.29366e-09
0.322577 2.29332e-09
0.3301 2.29298e-09
0.337798 2.29264e-09
0.345675 2.29229e-09
0.353736 2.29195e-09
0.361986 2.29161e-09
0.370427 2.29127e-09
0.379065 2.29093e-09
0.387905 2.29059e-09
0.396951 2.29024e-09
0.406208 2.2899e-09
0.415681 2.28956e-09
0.425374 2.28922e-09
0.435294 2.28888e-09
0.445445 2.28854e-09
0.455833 2.28819e-09
0.466463 2.28785e-09
0.477341 2.28751e-09
0.488473 2.28717e-09
0.499864 2.28683e-09
0.511521 2.28649e-09
0.523449 2.28615e-09
0.535656 2.28581e-09
0.548148 2.28546e-09
0.56093 2.28512e-09
0.574011 2.28478e-09
0.587397 2.28444e-09
0.601095 2.2841e-09
0.615113 2.28376e-09
0.629457 2.28342e-09
0.644136 2.28308e-09
