6.93334e-06 3.17432e-09
7.09505e-06 3.17128e-09
7.26053e-06 3.16825e-09
7.42987e-06 3.16522e-09
7.60315e-06 3.16219e-09
7.78048e-06 3.15917e-09
7.96194e-06 3.15615e-09
8.14764e-06 3.15313e-09
8.33767e-06 3.15011e-09
8.53213e-06 3.1471e-09
8.73112e-06 3.14409e-09
8.93476e-06 3.14108e-09
9.14314e-06 3.13808e-09
9.35639e-06 3.13507e-09
9.57461e-06 3.13208e-09
9.79792e-06 3.12908e-09
1.00264e-05 3.12609e-09
1.02603e-05 3.1231e-09
1.04996e-05 3.12011e-09
1.07445e-05 3.11712e-09
1.09951e-05 3.11414e-09
1.12515e-05 3.11116e-09
1.15139e-05 3.10819e-09
1.17825e-05 3.10521e-09
1.20573e-05 3.10224e-09
1.23385e-05 3.09928e-09
1.26262e-05 3.09631e-09
1.29207e-05 3.09335e-09
1.32221e-05 3.09039e-09
1.35304e-05 3.08744e-09
1.3846e-05 3.08448e-09
1.41689e-05 3.08153e-09
1.44994e-05 3.07858e-09
1.48376e-05 3.07564e-09
1.51836e-05 3.0727e-09
1.55378e-05 3.06976e-09
1.59001e-05 3.06682e-09
1.6271e-05 3.06389e-09
1.66505e-05 3.06096e-09
1.70388e-05 3.05803e-09
1.74362e-05 3.05511e-09
1.78429e-05 3.05218e-09
1.8259e-05 3.04926e-09
1.86849e-05 3.04635e-09
1.91207e-05 3.04343e-09
1.95666e-05 3.04052e-09
2.0023e-05 3.03761e-09
2.049e-05 3.03471e-09
2.09679e-05 3.03181e-09
2.14569e-05 3.02891e-09
2.19573e-05 3.02601e-09
2.24694e-05 3.02311e-09
2.29935e-05 3.02022e-09
2.35298e-05 3.01733e-09
2.40786e-05 3.01445e-09
2.46401e-05 3.01156e-09
2.52148e-05 3.00868e-09
2.58029e-05 3.0058e-09
2.64047e-05 3.00293e-09
2.70205e-05 3.00006e-09
2.76507e-05 2.99719e-09
2.82956e-05 2.99432e-09
2.89556e-05 2.99146e-09
2.96309e-05 2.98859e-09
3.0322e-05 2.98574e-09
3.10292e-05 2.98288e-09
3.17529e-05 2.98003e-09
3.24935e-05 2.97718e-09
3.32513e-05 2.97433e-09
3.40268e-05 2.97148e-09
3.48204e-05 2.96864e-09
3.56325e-05 2.9658e-09
3.64636e-05 2.96297e-09
3.7314e-05 2.96013e-09
3.81843e-05 2.9573e-09
3.90749e-05 2.95447e-09
3.99862e-05 2.95164e-09
4.09188e-05 2.94882e-09
4.18732e-05 2.946e-09
4.28498e-05 2.94318e-09
4.38492e-05 2.94037e-09
4.48719e-05 2.93755e-09
4.59184e-05 2.93475e-09
4.69894e-05 2.93194e-09
4.80853e-05 2.92913e-09
4.92068e-05 2.92633e-09
5.03544e-05 2.92353e-09
5.15289e-05 2.92074e-09
5.27307e-05 2.91794e-09
5.39605e-05 2.91515e-09
5.5219e-05 2.91236e-09
5.65069e-05 2.90958e-09
5.78248e-05 2.90679e-09
5.91735e-05 2.90401e-09
6.05536e-05 2.90124e-09
6.19659e-05 2.89846e-09
6.34111e-05 2.89569e-09
6.489e-05 2.89292e-09
6.64034e-05 2.89015e-09
6.79522e-05 2.88739e-09
6.9537e-05 2.88462e-09
7.11588e-05 2.88187e-09
7.28185e-05 2.87911e-09
7.45168e-05 2.87635e-09
7.62548e-05 2.8736e-09
7.80333e-05 2.87085e-09
7.98532e-05 2.86811e-09
8.17157e-05 2.86537e-09
8.36215e-05 2.86262e-09
8.55718e-05 2.85989e-09
8.75676e-05 2.85715e-09
8.96099e-05 2.85442e-09
9.16999e-05 2.85169e-09
9.38386e-05 2.84896e-09
9.60272e-05 2.84623e-09
9.82669e-05 2.84351e-09
0.000100559 2.84079e-09
0.000102904 2.83807e-09
0.000105304 2.83536e-09
0.00010776 2.83265e-09
0.000110273 2.82994e-09
0.000112845 2.82723e-09
0.000115477 2.82453e-09
0.00011817 2.82183e-09
0.000120927 2.81913e-09
0.000123747 2.81643e-09
0.000126633 2.81374e-09
0.000129587 2.81104e-09
0.000132609 2.80836e-09
0.000135702 2.80567e-09
0.000138867 2.80299e-09
0.000142105 2.8003e-09
0.00014542 2.79763e-09
0.000148811 2.79495e-09
0.000152282 2.79228e-09
0.000155834 2.78961e-09
0.000159468 2.78694e-09
0.000163188 2.78427e-09
0.000166994 2.78161e-09
0.000170888 2.77895e-09
0.000174874 2.77629e-09
0.000178953 2.77363e-09
0.000183126 2.77098e-09
0.000187397 2.76833e-09
0.000191768 2.76568e-09
0.000196241 2.76304e-09
0.000200818 2.76039e-09
0.000205501 2.75775e-09
0.000210294 2.75512e-09
0.000215199 2.75248e-09
0.000220218 2.74985e-09
0.000225354 2.74722e-09
0.00023061 2.74459e-09
0.000235989 2.74196e-09
0.000241493 2.73934e-09
0.000247125 2.73672e-09
0.000252889 2.7341e-09
0.000258787 2.73149e-09
0.000264822 2.72887e-09
0.000270999 2.72626e-09
0.000277319 2.72366e-09
0.000283787 2.72105e-09
0.000290406 2.71845e-09
0.000297179 2.71585e-09
0.00030411 2.71325e-09
0.000311203 2.71066e-09
0.000318461 2.70806e-09
0.000325889 2.70547e-09
0.000333489 2.70288e-09
0.000341267 2.7003e-09
0.000349227 2.69772e-09
0.000357372 2.69514e-09
0.000365707 2.69256e-09
0.000374236 2.68998e-09
0.000382964 2.68741e-09
0.000391896 2.68484e-09
0.000401036 2.68227e-09
0.00041039 2.6797e-09
0.000419961 2.67714e-09
0.000429756 2.67458e-09
0.000439779 2.67202e-09
0.000450036 2.66947e-09
0.000460532 2.66691e-09
0.000471273 2.66436e-09
0.000482265 2.66181e-09
0.000493513 2.65927e-09
0.000505023 2.65672e-09
0.000516802 2.65418e-09
0.000528855 2.65164e-09
0.00054119 2.64911e-09
0.000553812 2.64657e-09
0.000566728 2.64404e-09
0.000579946 2.64151e-09
0.000593472 2.63899e-09
0.000607314 2.63646e-09
0.000621478 2.63394e-09
0.000635973 2.63142e-09
0.000650806 2.6289e-09
0.000665984 2.62639e-09
0.000681517 2.62388e-09
0.000697412 2.62137e-09
0.000713678 2.61886e-09
0.000730323 2.61635e-09
0.000747356 2.61385e-09
0.000764787 2.61135e-09
0.000782624 2.60885e-09
0.000800877 2.60636e-09
0.000819556 2.60387e-09
0.00083867 2.60137e-09
0.000858231 2.59889e-09
0.000878247 2.5964e-09
0.000898731 2.59392e-09
0.000919692 2.59144e-09
0.000941142 2.58896e-09
0.000963092 2.58648e-09
0.000985554 2.58401e-09
0.00100854 2.58153e-09
0.00103206 2.57907e-09
0.00105613 2.5766e-09
0.00108077 2.57413e-09
0.00110597 2.57167e-09
0.00113177 2.56921e-09
0.00115816 2.56675e-09
0.00118517 2.5643e-09
0.00121282 2.56185e-09
0.0012411 2.5594e-09
0.00127005 2.55695e-09
0.00129967 2.5545e-09
0.00132998 2.55206e-09
0.001361 2.54962e-09
0.00139274 2.54718e-09
0.00142523 2.54474e-09
0.00145847 2.54231e-09
0.00149248 2.53988e-09
0.00152729 2.53745e-09
0.00156291 2.53502e-09
0.00159937 2.53259e-09
0.00163667 2.53017e-09
0.00167484 2.52775e-09
0.0017139 2.52533e-09
0.00175388 2.52292e-09
0.00179478 2.52051e-09
0.00183664 2.51809e-09
0.00187948 2.51569e-09
0.00192331 2.51328e-09
0.00196817 2.51088e-09
0.00201407 2.50847e-09
0.00206105 2.50607e-09
0.00210912 2.50368e-09
0.00215831 2.50128e-09
0.00220865 2.49889e-09
0.00226016 2.4965e-09
0.00231287 2.49411e-09
0.00236682 2.49173e-09
0.00242202 2.48934e-09
0.00247851 2.48696e-09
0.00253631 2.48458e-09
0.00259547 2.48221e-09
0.002656 2.47983e-09
0.00271795 2.47746e-09
0.00278134 2.47509e-09
0.00284621 2.47272e-09
0.00291259 2.47036e-09
0.00298052 2.46799e-09
0.00305003 2.46563e-09
0.00312117 2.46327e-09
0.00319396 2.46092e-09
0.00326846 2.45856e-09
0.00334469 2.45621e-09
0.00342269 2.45386e-09
0.00350252 2.45152e-09
0.00358421 2.44917e-09
0.00366781 2.44683e-09
0.00375335 2.44449e-09
0.00384089 2.44215e-09
0.00393047 2.43981e-09
0.00402214 2.43748e-09
0.00411595 2.43515e-09
0.00421194 2.43282e-09
0.00431018 2.43049e-09
0.00441071 2.42817e-09
0.00451358 2.42584e-09
0.00461885 2.42352e-09
0.00472657 2.42121e-09
0.00483681 2.41889e-09
0.00494962 2.41658e-09
0.00506506 2.41426e-09
0.00518319 2.41196e-09
0.00530408 2.40965e-09
0.00542779 2.40734e-09
0.00555438 2.40504e-09
0.00568392 2.40274e-09
0.00581649 2.40044e-09
0.00595215 2.39815e-09
0.00609097 2.39585e-09
0.00623303 2.39356e-09
0.0063784 2.39127e-09
0.00652717 2.38898e-09
0.0066794 2.3867e-09
0.00683518 2.38442e-09
0.0069946 2.38213e-09
0.00715773 2.37986e-09
0.00732467 2.37758e-09
0.00749551 2.37531e-09
0.00767032 2.37303e-09
0.00784922 2.37076e-09
0.00803229 2.3685e-09
0.00821962 2.36623e-09
0.00841133 2.36397e-09
0.00860751 2.36171e-09
0.00880826 2.35945e-09
0.0090137 2.35719e-09
0.00922392 2.35494e-09
0.00943905 2.35268e-09
0.0096592 2.35043e-09
0.00988448 2.34818e-09
0.010115 2.34594e-09
0.0103509 2.34369e-09
0.0105923 2.34145e-09
0.0108394 2.33921e-09
0.0110922 2.33697e-09
0.0113509 2.33474e-09
0.0116156 2.33251e-09
0.0118865 2.33027e-09
0.0121638 2.32805e-09
0.0124475 2.32582e-09
0.0127378 2.32359e-09
0.0130349 2.32137e-09
0.0133389 2.31915e-09
0.01365 2.31693e-09
0.0139683 2.31472e-09
0.0142941 2.3125e-09
0.0146275 2.31029e-09
0.0149687 2.30808e-09
0.0153178 2.30587e-09
0.015675 2.30367e-09
0.0160406 2.30146e-09
0.0164147 2.29926e-09
0.0167976 2.29706e-09
0.0171893 2.29487e-09
0.0175903 2.29267e-09
0.0180005 2.29048e-09
0.0184203 2.28829e-09
0.01885 2.2861e-09
0.0192896 2.28391e-09
0.0197395 2.28173e-09
0.0201999 2.27954e-09
0.020671 2.27736e-09
0.0211531 2.27519e-09
0.0216465 2.27301e-09
0.0221513 2.27083e-09
0.0226679 2.26866e-09
0.0231966 2.26649e-09
0.0237376 2.26432e-09
0.0242913 2.26216e-09
0.0248578 2.26e-09
0.0254376 2.25783e-09
0.0260309 2.25567e-09
0.026638 2.25352e-09
0.0272593 2.25136e-09
0.027895 2.24921e-09
0.0285456 2.24706e-09
0.0292114 2.24491e-09
0.0298927 2.24276e-09
0.0305899 2.24061e-09
0.0313033 2.23847e-09
0.0320334 2.23633e-09
0.0327805 2.23419e-09
0.0335451 2.23205e-09
0.0343274 2.22992e-09
0.0351281 2.22778e-09
0.0359474 2.22565e-09
0.0367858 2.22353e-09
0.0376437 2.2214e-09
0.0385217 2.21927e-09
0.0394201 2.21715e-09
0.0403395 2.21503e-09
0.0412803 2.21291e-09
0.0422431 2.21079e-09
0.0432284 2.20868e-09
0.0442366 2.20657e-09
0.0452683 2.20446e-09
0.0463241 2.20235e-09
0.0474045 2.20024e-09
0.0485101 2.19814e-09
0.0496415 2.19603e-09
0.0507993 2.19393e-09
0.0519841 2.19183e-09
0.0531965 2.18974e-09
0.0544372 2.18764e-09
0.0557069 2.18555e-09
0.0570061 2.18346e-09
0.0583357 2.18137e-09
0.0596963 2.17929e-09
0.0610885 2.1772e-09
0.0625133 2.17512e-09
0.0639713 2.17304e-09
0.0654633 2.17096e-09
0.0669901 2.16888e-09
0.0685525 2.16681e-09
0.0701514 2.16474e-09
0.0717875 2.16266e-09
0.0734618 2.1606e-09
0.0751752 2.15853e-09
0.0769285 2.15646e-09
0.0787227 2.1544e-09
0.0805587 2.15234e-09
0.0824376 2.15028e-09
0.0843603 2.14823e-09
0.0863278 2.14617e-09
0.0883412 2.14412e-09
0.0904016 2.14207e-09
0.0925101 2.14002e-09
0.0946677 2.13797e-09
0.0968756 2.13593e-09
0.099135 2.13388e-09
0.101447 2.13184e-09
0.103813 2.1298e-09
0.106234 2.12777e-09
0.108712 2.12573e-09
0.111248 2.1237e-09
0.113842 2.12167e-09
0.116497 2.11964e-09
0.119214 2.11761e-09
0.121995 2.11558e-09
0.12484 2.11356e-09
0.127752 2.11154e-09
0.130731 2.10952e-09
0.13378 2.1075e-09
0.136901 2.10548e-09
0.140094 2.10347e-09
0.143361 2.10146e-09
0.146705 2.09945e-09
0.150126 2.09744e-09
0.153628 2.09543e-09
0.157211 2.09343e-09
0.160877 2.09143e-09
0.164629 2.08943e-09
0.168469 2.08743e-09
0.172398 2.08543e-09
0.176419 2.08344e-09
0.180534 2.08144e-09
0.184744 2.07945e-09
0.189053 2.07746e-09
0.193462 2.07548e-09
0.197974 2.07349e-09
0.202592 2.07151e-09
0.207317 2.06953e-09
0.212152 2.06755e-09
0.2171 2.06557e-09
0.222164 2.06359e-09
0.227345 2.06162e-09
0.232647 2.05965e-09
0.238074 2.05768e-09
0.243626 2.05571e-09
0.249308 2.05374e-09
0.255123 2.05178e-09
0.261073 2.04982e-09
0.267162 2.04785e-09
0.273393 2.0459e-09
0.279769 2.04394e-09
0.286294 2.04198e-09
0.292972 2.04003e-09
0.299805 2.03808e-09
0.306797 2.03613e-09
0.313952 2.03418e-09
0.321275 2.03224e-09
0.328768 2.03029e-09
0.336436 2.02835e-09
0.344282 2.02641e-09
0.352312 2.02447e-09
0.360529 2.02254e-09
0.368938 2.0206e-09
0.377542 2.01867e-09
0.386348 2.01674e-09
0.395359 2.01481e-09
0.40458 2.01288e-09
0.414016 2.01096e-09
0.423672 2.00903e-09
0.433553 2.00711e-09
0.443665 2.00519e-09
0.454012 2.00327e-09
0.464601 2.00136e-09
0.475437 1.99944e-09
0.486526 1.99753e-09
0.497873 1.99562e-09
0.509485 1.99371e-09
0.521368 1.9918e-09
0.533527 1.9899e-09
0.545971 1.98799e-09
0.558705 1.98609e-09
0.571735 1.98419e-09
0.58507 1.98229e-09
0.598715 1.9804e-09
0.612679 1.9785e-09
0.626969 1.97661e-09
0.641592 1.97472e-09
