1   10.2076   -7.08285   3.50304
1   8.63587   -6.56644   4.13785
1   8.31927   -6.38759   4.5459
1   6.81631   -5.78218   4.11328
1   8.22912   -6.40274   3.53121
1   8.22912   -6.40274   3.53121
1   6.76776   -5.81609   3.40239
1   6.40686   -5.63108   3.83486
1   4.62423   -4.47992   4.08543
1   5.29306   -5.08507   3.67453
1   3.55889   -4.21212   2.71055
1   5.66708   -5.32286   3.15332
1   5.89417   -5.42082   3.48653
1   6.34917   -5.63332   3.46619
1   6.44411   -5.52099   4.36762
1   5.92137   -5.38712   3.84459
1   5.36818   -5.16848   3.38702
1   5.85025   -5.40817   3.28836
1   6.53949   -5.71388   3.60542
1   6.53949   -5.71388   3.60542
1   6.49867   -5.66568   2.89759
1   5.04918   -5.02359   3.09199
1   4.91961   -4.95964   2.97025
1   3.9159   -4.13835   3.73611
1   5.46151   -5.11263   3.93238
1   6.40957   -5.65515   3.60039
1   6.74857   -5.80322   3.27714
1   6.03612   -5.42596   3.94354
1   4.74663   -4.70031   3.84477
1   4.73717   -4.85948   2.70215
1   4.06283   -4.47664   3.10462
1   3.21766   -3.885   3.12903
1   3.09901   -3.92232   2.61922
1   3.09901   -3.92232   2.61922
1   3.78903   -4.33536   2.91088
1   3.78903   -4.33536   2.91088
1   4.60283   -4.68361   1.97958
1   4.60283   -4.68361   1.97958
1   4.81838   -4.79638   2.0439
1   2.82417   -3.75037   2.43878
1   2.82997   -3.67958   2.83285
1   2.64669   -3.56449   2.71994
1   2.64669   -3.56449   2.71994
1   2.64669   -3.56449   2.71994
1   1.76884   -2.8542   2.38077
1   1.62839   -2.85328   1.73376
1   2.07267   -3.05545   1.02232
1   1.55967   -2.54554   0.608703
1   1.59091   -2.47691   0.407044
1   0.700672   -1.26113   -0.349788
1   0.979505   -1.7569   -0.0224016
1   0.481892   -1.52881   0.702329
1   0.674353   -1.77376   0.684341
1   1.43565   -2.54645   0.861507
1   0.683525   -1.63638   0.293705
1   0.336625   -1.29064   0.87982
1   0.415436   -1.42988   0.713405
1   0.240182   -0.857247   1.06048
1   0.336752   -0.675581   1.29163
1   0.355239   -0.972444   1.31254
1   0.229964   -1.05907   0.769783
1   0.229964   -1.05907   0.769783
1   0.462168   -1.33153   1.38563
1   1.08627   -2.23338   1.8727
1   0.951726   -1.92672   1.97437
1   0.93876   -1.3248   2.16629
1   0.496592   -0.899506   1.57472
1   0.463697   -0.786963   1.515
1   0.995759   -0.493227   2.03684
1   1.15842   -0.151601   2.01248
1   2.1111   -0.155388   2.68939
1   0.77492   0.0879428   1.52038
1   0.489589   -0.659637   1.53078
1   0.612612   -1.75004   1.06644
1   0.840853   -1.87588   0.463239
1   0.909725   -1.86155   0.284293
1   0.783325   -1.4788   -0.164886
1   1.03218   -1.57397   -0.366124
1   1.17271   -1.33651   -0.813483
1   2.2681   -1.27683   -1.7268
1   1.81827   -0.653885   -1.96241
1   1.28197   -0.696218   -1.5296
1   1.53154   -0.693776   -1.72684
1   2.74572   -1.4825   -1.82706
1   2.29047   -1.51582   -1.51104
1   2.10229   -1.80515   -1.07141
1   2.10229   -1.80515   -1.07141
1   3.12711   -2.56944   -0.862799
1   3.58257   -1.81801   -1.9668
1   2.94691   -1.7377   -1.69555
1   3.99363   -2.44866   -1.52116
1   2.91464   -2.125   -1.26209
1   2.91464   -2.125   -1.26209
1   3.18031   -2.63698   -0.810855
1   3.15428   -2.35514   -1.145
1   3.55475   -2.52096   -1.19073
1   4.86917   -3.03959   -1.28564
1   4.54737   -3.01571   -1.14542
1   3.49339   -2.26938   -1.446
1   3.05239   -2.02008   -1.46302
