    0.13664E+03    0.00000E+00    0.70867E+00   -0.10000E+01
    0.99900E-04    0.35493E+03    0.35493E+03    0.10000E+01
    0.10294E-03    0.36530E+03    0.36530E+03    0.10000E+01
    0.10608E-03    0.37596E+03    0.37596E+03    0.10000E+01
    0.10931E-03    0.38694E+03    0.38694E+03    0.10000E+01
    0.11264E-03    0.39824E+03    0.39824E+03    0.10000E+01
    0.11607E-03    0.40987E+03    0.40987E+03    0.10000E+01
    0.11960E-03    0.42183E+03    0.42183E+03    0.10000E+01
    0.12324E-03    0.43415E+03    0.43415E+03    0.10000E+01
    0.12700E-03    0.44682E+03    0.44682E+03    0.10000E+01
    0.13087E-03    0.45986E+03    0.45986E+03    0.10000E+01
    0.13485E-03    0.47329E+03    0.47329E+03    0.10000E+01
    0.13896E-03    0.48710E+03    0.48710E+03    0.10000E+01
    0.14319E-03    0.50132E+03    0.50132E+03    0.10000E+01
    0.14755E-03    0.51595E+03    0.51595E+03    0.10000E+01
    0.15204E-03    0.53100E+03    0.53100E+03    0.10000E+01
    0.15667E-03    0.54650E+03    0.54650E+03    0.10000E+01
    0.16145E-03    0.56244E+03    0.56244E+03    0.10000E+01
    0.16636E-03    0.57885E+03    0.57885E+03    0.10000E+01
    0.17143E-03    0.59574E+03    0.59574E+03    0.10000E+01
    0.17665E-03    0.61312E+03    0.61312E+03    0.10000E+01
    0.18203E-03    0.63100E+03    0.63100E+03    0.10000E+01
    0.18757E-03    0.64940E+03    0.64940E+03    0.10000E+01
    0.19329E-03    0.66834E+03    0.66834E+03    0.10000E+01
    0.19917E-03    0.68782E+03    0.68782E+03    0.10000E+01
    0.20524E-03    0.70788E+03    0.70788E+03    0.10000E+01
    0.21149E-03    0.72851E+03    0.72851E+03    0.10000E+01
    0.21793E-03    0.74974E+03    0.74974E+03    0.10000E+01
    0.22457E-03    0.77159E+03    0.77159E+03    0.10000E+01
    0.23141E-03    0.79407E+03    0.79407E+03    0.10000E+01
    0.23845E-03    0.81720E+03    0.81720E+03    0.10000E+01
    0.24571E-03    0.84100E+03    0.84100E+03    0.10000E+01
    0.25320E-03    0.86549E+03    0.86549E+03    0.10000E+01
    0.26091E-03    0.89069E+03    0.89069E+03    0.10000E+01
    0.26885E-03    0.91662E+03    0.91662E+03    0.10000E+01
    0.27704E-03    0.94329E+03    0.94329E+03    0.10000E+01
    0.28548E-03    0.97074E+03    0.97074E+03    0.10000E+01
    0.29417E-03    0.99897E+03    0.99897E+03    0.10000E+01
    0.30313E-03    0.10280E+04    0.10280E+04    0.10000E+01
    0.31236E-03    0.10579E+04    0.10579E+04    0.10000E+01
    0.32188E-03    0.10887E+04    0.10887E+04    0.10000E+01
    0.33168E-03    0.11203E+04    0.11203E+04    0.10000E+01
    0.34178E-03    0.11528E+04    0.11528E+04    0.10000E+01
    0.35219E-03    0.11863E+04    0.11863E+04    0.10000E+01
    0.36292E-03    0.12207E+04    0.12207E+04    0.10000E+01
    0.37397E-03    0.12561E+04    0.12561E+04    0.10000E+01
    0.38536E-03    0.12926E+04    0.12926E+04    0.10000E+01
    0.39709E-03    0.13300E+04    0.13300E+04    0.10000E+01
    0.40919E-03    0.13686E+04    0.13686E+04    0.10000E+01
    0.42165E-03    0.14082E+04    0.14082E+04    0.10000E+01
    0.43449E-03    0.14490E+04    0.14490E+04    0.10000E+01
    0.44772E-03    0.14909E+04    0.14909E+04    0.10000E+01
    0.46136E-03    0.15340E+04    0.15340E+04    0.10000E+01
    0.47541E-03    0.15783E+04    0.15783E+04    0.10000E+01
    0.48988E-03    0.16239E+04    0.16239E+04    0.10000E+01
    0.50480E-03    0.16708E+04    0.16708E+04    0.10000E+01
    0.52018E-03    0.17190E+04    0.17190E+04    0.10000E+01
    0.53602E-03    0.17685E+04    0.17685E+04    0.10000E+01
    0.55234E-03    0.18195E+04    0.18195E+04    0.10000E+01
    0.56916E-03    0.18718E+04    0.18718E+04    0.10000E+01
    0.58650E-03    0.19257E+04    0.19257E+04    0.10000E+01
    0.60436E-03    0.19810E+04    0.19810E+04    0.10000E+01
    0.62277E-03    0.20378E+04    0.20378E+04    0.10000E+01
    0.64173E-03    0.20963E+04    0.20963E+04    0.10000E+01
    0.66127E-03    0.21564E+04    0.21564E+04    0.10000E+01
    0.68141E-03    0.22181E+04    0.22181E+04    0.10000E+01
    0.70217E-03    0.22815E+04    0.22815E+04    0.10000E+01
    0.72355E-03    0.23467E+04    0.23467E+04    0.10000E+01
    0.74559E-03    0.24136E+04    0.24136E+04    0.10000E+01
    0.76829E-03    0.24824E+04    0.24824E+04    0.10000E+01
    0.79169E-03    0.25530E+04    0.25530E+04    0.10000E+01
    0.81580E-03    0.26256E+04    0.26256E+04    0.10000E+01
    0.84065E-03    0.27001E+04    0.27001E+04    0.10000E+01
    0.86625E-03    0.27766E+04    0.27766E+04    0.10000E+01
    0.89263E-03    0.28552E+04    0.28552E+04    0.10000E+01
    0.91981E-03    0.29359E+04    0.29359E+04    0.10000E+01
    0.94782E-03    0.30187E+04    0.30187E+04    0.10000E+01
    0.97669E-03    0.31038E+04    0.31038E+04    0.10000E+01
    0.10064E-02    0.31910E+04    0.31910E+04    0.10000E+01
    0.10371E-02    0.32806E+04    0.32806E+04    0.10000E+01
    0.10687E-02    0.33725E+04    0.33725E+04    0.10000E+01
    0.11012E-02    0.34668E+04    0.34668E+04    0.10000E+01
    0.11348E-02    0.35636E+04    0.35636E+04    0.10000E+01
    0.11693E-02    0.36628E+04    0.36628E+04    0.10000E+01
    0.12049E-02    0.37646E+04    0.37646E+04    0.10000E+01
    0.12416E-02    0.38689E+04    0.38689E+04    0.10000E+01
    0.12794E-02    0.39759E+04    0.39759E+04    0.10000E+01
    0.13184E-02    0.40856E+04    0.40856E+04    0.10000E+01
    0.13585E-02    0.41981E+04    0.41981E+04    0.10000E+01
    0.13999E-02    0.43133E+04    0.43133E+04    0.10000E+01
    0.14426E-02    0.44314E+04    0.44314E+04    0.10000E+01
    0.14865E-02    0.45523E+04    0.45523E+04    0.10000E+01
    0.15318E-02    0.46762E+04    0.46762E+04    0.10000E+01
    0.15784E-02    0.48031E+04    0.48031E+04    0.10000E+01
    0.16265E-02    0.49329E+04    0.49329E+04    0.10000E+01
    0.16760E-02    0.50659E+04    0.50659E+04    0.10000E+01
    0.17270E-02    0.52019E+04    0.52019E+04    0.10000E+01
    0.17796E-02    0.53412E+04    0.53412E+04    0.99999E+00
    0.18338E-02    0.54835E+04    0.54835E+04    0.99999E+00
    0.18897E-02    0.56292E+04    0.56292E+04    0.99998E+00
    0.19472E-02    0.57781E+04    0.57781E+04    0.99998E+00
    0.20065E-02    0.59303E+04    0.59303E+04    0.99997E+00
    0.20677E-02    0.60858E+04    0.60858E+04    0.99997E+00
    0.21306E-02    0.62446E+04    0.62446E+04    0.99997E+00
    0.21955E-02    0.64069E+04    0.64069E+04    0.99997E+00
    0.22624E-02    0.65725E+04    0.65725E+04    0.99998E+00
    0.23313E-02    0.67416E+04    0.67416E+04    0.99999E+00
    0.24023E-02    0.69141E+04    0.69141E+04    0.10000E+01
    0.24754E-02    0.70901E+04    0.70901E+04    0.10000E+01
    0.25508E-02    0.72695E+04    0.72695E+04    0.10001E+01
    0.26285E-02    0.74524E+04    0.74524E+04    0.10001E+01
    0.27086E-02    0.76387E+04    0.76387E+04    0.10001E+01
    0.27910E-02    0.78285E+04    0.78285E+04    0.10001E+01
    0.28760E-02    0.80218E+04    0.80218E+04    0.10001E+01
    0.29636E-02    0.82184E+04    0.82184E+04    0.10001E+01
    0.30539E-02    0.84185E+04    0.84185E+04    0.10001E+01
    0.31469E-02    0.86219E+04    0.86219E+04    0.10001E+01
    0.32427E-02    0.88286E+04    0.88286E+04    0.10000E+01
    0.33415E-02    0.90386E+04    0.90386E+04    0.99994E+00
    0.34432E-02    0.92519E+04    0.92519E+04    0.99985E+00
    0.35481E-02    0.94684E+04    0.94684E+04    0.99976E+00
    0.36562E-02    0.96879E+04    0.96879E+04    0.99966E+00
    0.37675E-02    0.99105E+04    0.99105E+04    0.99959E+00
    0.38822E-02    0.10136E+05    0.10136E+05    0.99954E+00
    0.40005E-02    0.10364E+05    0.10364E+05    0.99953E+00
    0.41223E-02    0.10595E+05    0.10595E+05    0.99956E+00
    0.42479E-02    0.10829E+05    0.10829E+05    0.99965E+00
    0.43772E-02    0.11065E+05    0.11065E+05    0.99981E+00
    0.45105E-02    0.11304E+05    0.11304E+05    0.10000E+01
    0.46479E-02    0.11544E+05    0.11544E+05    0.10003E+01
    0.47894E-02    0.11787E+05    0.11787E+05    0.10002E+01
    0.49353E-02    0.12032E+05    0.12032E+05    0.99960E+00
    0.50856E-02    0.12278E+05    0.12278E+05    0.99850E+00
    0.52405E-02    0.12526E+05    0.12526E+05    0.99750E+00
    0.54001E-02    0.12775E+05    0.12775E+05    0.99707E+00
    0.55645E-02    0.13025E+05    0.13025E+05    0.99709E+00
    0.57340E-02    0.13276E+05    0.13276E+05    0.99719E+00
    0.59086E-02    0.13527E+05    0.13527E+05    0.99714E+00
    0.60886E-02    0.13779E+05    0.13779E+05    0.99701E+00
    0.62740E-02    0.14030E+05    0.14030E+05    0.99688E+00
    0.64651E-02    0.14282E+05    0.14282E+05    0.99679E+00
    0.66620E-02    0.14532E+05    0.14532E+05    0.99671E+00
    0.68649E-02    0.14781E+05    0.14781E+05    0.99661E+00
    0.70739E-02    0.15029E+05    0.15028E+05    0.99651E+00
    0.72894E-02    0.15276E+05    0.15277E+05    0.99640E+00
    0.75113E-02    0.15520E+05    0.15524E+05    0.99629E+00
    0.77401E-02    0.15761E+05    0.15764E+05    0.99619E+00
    0.79758E-02    0.15999E+05    0.15991E+05    0.99607E+00
    0.82187E-02    0.16234E+05    0.16216E+05    0.99595E+00
    0.84690E-02    0.16465E+05    0.16464E+05    0.99583E+00
    0.87269E-02    0.16691E+05    0.16744E+05    0.99570E+00
    0.89927E-02    0.16913E+05    0.16978E+05    0.99558E+00
    0.92666E-02    0.17128E+05    0.17064E+05    0.99545E+00
    0.95488E-02    0.17338E+05    0.17081E+05    0.99532E+00
    0.98396E-02    0.17541E+05    0.17386E+05    0.99517E+00
    0.10139E-01    0.17736E+05    0.18339E+05    0.99501E+00
    0.10448E-01    0.17924E+05    0.19733E+05    0.99484E+00
    0.10766E-01    0.18103E+05    0.20869E+05    0.99467E+00
    0.11094E-01    0.18273E+05    0.21149E+05    0.99451E+00
    0.11432E-01    0.18433E+05    0.20867E+05    0.99436E+00
    0.11780E-01    0.18582E+05    0.20549E+05    0.99420E+00
    0.12139E-01    0.18720E+05    0.20432E+05    0.99403E+00
    0.12509E-01    0.18847E+05    0.20399E+05    0.99385E+00
    0.12890E-01    0.18960E+05    0.20326E+05    0.99368E+00
    0.13282E-01    0.19060E+05    0.20195E+05    0.99350E+00
    0.13687E-01    0.19146E+05    0.20043E+05    0.99331E+00
    0.14103E-01    0.19217E+05    0.19897E+05    0.99312E+00
    0.14533E-01    0.19273E+05    0.19753E+05    0.99293E+00
    0.14975E-01    0.19313E+05    0.19601E+05    0.99273E+00
    0.15432E-01    0.19335E+05    0.19438E+05    0.99252E+00
    0.15902E-01    0.19341E+05    0.19266E+05    0.99232E+00
    0.16386E-01    0.19328E+05    0.19089E+05    0.99210E+00
    0.16885E-01    0.19296E+05    0.18906E+05    0.99188E+00
    0.17399E-01    0.19245E+05    0.18718E+05    0.99166E+00
    0.17929E-01    0.19175E+05    0.18524E+05    0.99143E+00
    0.18475E-01    0.19084E+05    0.18324E+05    0.99120E+00
    0.19038E-01    0.18974E+05    0.18118E+05    0.99096E+00
    0.19617E-01    0.18842E+05    0.17908E+05    0.99072E+00
    0.20215E-01    0.18690E+05    0.17692E+05    0.99047E+00
    0.20830E-01    0.18517E+05    0.17472E+05    0.99022E+00
    0.21465E-01    0.18323E+05    0.17246E+05    0.98996E+00
    0.22119E-01    0.18109E+05    0.17016E+05    0.98970E+00
    0.22792E-01    0.17875E+05    0.16782E+05    0.98944E+00
    0.23486E-01    0.17622E+05    0.16543E+05    0.98917E+00
    0.24201E-01    0.17349E+05    0.16299E+05    0.98890E+00
    0.24939E-01    0.17059E+05    0.16051E+05    0.98862E+00
    0.25698E-01    0.16751E+05    0.15799E+05    0.98835E+00
    0.26481E-01    0.16428E+05    0.15542E+05    0.98806E+00
    0.27287E-01    0.16090E+05    0.15281E+05    0.98778E+00
    0.28118E-01    0.15739E+05    0.15016E+05    0.98750E+00
    0.28974E-01    0.15377E+05    0.14749E+05    0.98721E+00
    0.29857E-01    0.15006E+05    0.14478E+05    0.98693E+00
    0.30766E-01    0.14629E+05    0.14205E+05    0.98664E+00
    0.31703E-01    0.14246E+05    0.13930E+05    0.98636E+00
    0.32669E-01    0.13857E+05    0.13653E+05    0.98607E+00
    0.33663E-01    0.13463E+05    0.13374E+05    0.98579E+00
    0.34689E-01    0.13068E+05    0.13094E+05    0.98552E+00
    0.35745E-01    0.12678E+05    0.12813E+05    0.98525E+00
    0.36834E-01    0.12295E+05    0.12530E+05    0.98498E+00
    0.37956E-01    0.11922E+05    0.12248E+05    0.98473E+00
    0.39111E-01    0.11561E+05    0.11965E+05    0.98448E+00
    0.40303E-01    0.11213E+05    0.11682E+05    0.98424E+00
    0.41530E-01    0.10880E+05    0.11399E+05    0.98401E+00
    0.42795E-01    0.10564E+05    0.11116E+05    0.98380E+00
    0.44098E-01    0.10264E+05    0.10834E+05    0.98361E+00
    0.45441E-01    0.99820E+04    0.10553E+05    0.98343E+00
    0.46825E-01    0.97175E+04    0.10273E+05    0.98327E+00
    0.48251E-01    0.94702E+04    0.99940E+04    0.98314E+00
    0.49720E-01    0.92398E+04    0.97167E+04    0.98304E+00
    0.51235E-01    0.90252E+04    0.94411E+04    0.98296E+00
    0.52795E-01    0.88253E+04    0.91675E+04    0.98292E+00
    0.54403E-01    0.86388E+04    0.88959E+04    0.98291E+00
    0.56060E-01    0.84628E+04    0.86267E+04    0.98295E+00
    0.57767E-01    0.82947E+04    0.83601E+04    0.98303E+00
    0.59526E-01    0.81305E+04    0.80963E+04    0.98315E+00
    0.61339E-01    0.79651E+04    0.78354E+04    0.98334E+00
    0.63207E-01    0.77937E+04    0.75778E+04    0.98358E+00
    0.65132E-01    0.76119E+04    0.73236E+04    0.98388E+00
    0.67115E-01    0.74159E+04    0.70732E+04    0.98426E+00
    0.69159E-01    0.72038E+04    0.68267E+04    0.98471E+00
    0.71266E-01    0.69754E+04    0.65843E+04    0.98525E+00
    0.73436E-01    0.67305E+04    0.63463E+04    0.98587E+00
    0.75672E-01    0.64685E+04    0.61131E+04    0.98658E+00
    0.77977E-01    0.61897E+04    0.58847E+04    0.98740E+00
    0.80352E-01    0.58962E+04    0.56613E+04    0.98833E+00
    0.82799E-01    0.55927E+04    0.54429E+04    0.98938E+00
    0.85320E-01    0.52871E+04    0.52295E+04    0.99055E+00
    0.87919E-01    0.49874E+04    0.50211E+04    0.99186E+00
    0.90596E-01    0.47021E+04    0.48177E+04    0.99332E+00
    0.93355E-01    0.44373E+04    0.46193E+04    0.99493E+00
    0.96199E-01    0.41977E+04    0.44261E+04    0.99672E+00
    0.99128E-01    0.39859E+04    0.42380E+04    0.99870E+00
    0.10215E+00    0.38030E+04    0.40552E+04    0.10009E+01
    0.10526E+00    0.36485E+04    0.38776E+04    0.10032E+01
    0.10846E+00    0.35206E+04    0.37054E+04    0.10058E+01
    0.11177E+00    0.34150E+04    0.35387E+04    0.10087E+01
    0.11517E+00    0.33248E+04    0.33776E+04    0.10118E+01
    0.11868E+00    0.32405E+04    0.32222E+04    0.10151E+01
    0.12229E+00    0.31526E+04    0.30726E+04    0.10187E+01
    0.12602E+00    0.30534E+04    0.29289E+04    0.10226E+01
    0.12985E+00    0.29380E+04    0.27913E+04    0.10267E+01
    0.13381E+00    0.28045E+04    0.26596E+04    0.10311E+01
    0.13788E+00    0.26538E+04    0.25336E+04    0.10358E+01
    0.14208E+00    0.24911E+04    0.24129E+04    0.10408E+01
    0.14641E+00    0.23247E+04    0.22973E+04    0.10461E+01
    0.15087E+00    0.21649E+04    0.21866E+04    0.10518E+01
    0.15546E+00    0.20214E+04    0.20805E+04    0.10578E+01
    0.16020E+00    0.19007E+04    0.19788E+04    0.10643E+01
    0.16508E+00    0.18045E+04    0.18813E+04    0.10711E+01
    0.17010E+00    0.17301E+04    0.17878E+04    0.10784E+01
    0.17529E+00    0.16707E+04    0.16981E+04    0.10862E+01
    0.18062E+00    0.16174E+04    0.16119E+04    0.10945E+01
    0.18612E+00    0.15611E+04    0.15293E+04    0.11034E+01
    0.19179E+00    0.14944E+04    0.14500E+04    0.11130E+01
    0.19763E+00    0.14145E+04    0.13740E+04    0.11232E+01
    0.20365E+00    0.13249E+04    0.13013E+04    0.11340E+01
    0.20985E+00    0.12332E+04    0.12317E+04    0.11456E+01
    0.21625E+00    0.11475E+04    0.11653E+04    0.11580E+01
    0.22283E+00    0.10749E+04    0.11020E+04    0.11712E+01
    0.22962E+00    0.10180E+04    0.10418E+04    0.11852E+01
    0.23661E+00    0.97310E+03    0.98452E+03    0.12000E+01
    0.24382E+00    0.93357E+03    0.93015E+03    0.12157E+01
    0.25124E+00    0.89233E+03    0.87854E+03    0.12323E+01
    0.25889E+00    0.84503E+03    0.82959E+03    0.12499E+01
    0.26678E+00    0.79224E+03    0.78319E+03    0.12684E+01
    0.27490E+00    0.73868E+03    0.73925E+03    0.12880E+01
    0.28327E+00    0.69011E+03    0.69766E+03    0.13086E+01
    0.29190E+00    0.64983E+03    0.65828E+03    0.13303E+01
    0.30079E+00    0.61672E+03    0.62090E+03    0.13533E+01
    0.30995E+00    0.58655E+03    0.58533E+03    0.13777E+01
    0.31939E+00    0.55528E+03    0.55136E+03    0.14039E+01
    0.32912E+00    0.52159E+03    0.51877E+03    0.14322E+01
    0.33914E+00    0.48767E+03    0.48756E+03    0.14628E+01
    0.34947E+00    0.45671E+03    0.45798E+03    0.14954E+01
    0.36011E+00    0.43011E+03    0.43073E+03    0.15285E+01
    0.37108E+00    0.40655E+03    0.40637E+03    0.15604E+01
    0.38238E+00    0.38354E+03    0.38341E+03    0.15937E+01
    0.39402E+00    0.36009E+03    0.36013E+03    0.16328E+01
    0.40602E+00    0.33716E+03    0.33715E+03    0.16772E+01
    0.41839E+00    0.31621E+03    0.31621E+03    0.17220E+01
    0.43113E+00    0.29751E+03    0.29751E+03    0.17653E+01
    0.44426E+00    0.27989E+03    0.27989E+03    0.18107E+01
    0.45779E+00    0.26298E+03    0.26298E+03    0.18598E+01
    0.47173E+00    0.24683E+03    0.24682E+03    0.19125E+01
    0.48610E+00    0.23147E+03    0.23147E+03    0.19686E+01
    0.50090E+00    0.21693E+03    0.21693E+03    0.20283E+01
    0.51616E+00    0.20322E+03    0.20322E+03    0.20912E+01
    0.53188E+00    0.19033E+03    0.19033E+03    0.21574E+01
    0.54808E+00    0.17826E+03    0.17826E+03    0.22266E+01
    0.56477E+00    0.16696E+03    0.16696E+03    0.22990E+01
    0.58197E+00    0.15637E+03    0.15637E+03    0.23747E+01
    0.59969E+00    0.14644E+03    0.14644E+03    0.24540E+01
    0.61795E+00    0.13712E+03    0.13712E+03    0.25370E+01
    0.63677E+00    0.12836E+03    0.12836E+03    0.26240E+01
    0.65617E+00    0.12014E+03    0.12014E+03    0.27153E+01
    0.67615E+00    0.11241E+03    0.11241E+03    0.28110E+01
    0.69674E+00    0.10514E+03    0.10514E+03    0.29114E+01
    0.71796E+00    0.98320E+02    0.98320E+02    0.30167E+01
    0.73983E+00    0.91914E+02    0.91914E+02    0.31269E+01
    0.76236E+00    0.85904E+02    0.85904E+02    0.32423E+01
    0.78557E+00    0.80269E+02    0.80269E+02    0.33628E+01
