    0.16271E+03    0.00000E+00    0.70867E+00   -0.10000E+01
    0.99900E-04    0.50350E+03    0.50350E+03    0.10000E+01
    0.10294E-03    0.51821E+03    0.51821E+03    0.10000E+01
    0.10608E-03    0.53334E+03    0.53334E+03    0.10000E+01
    0.10931E-03    0.54891E+03    0.54891E+03    0.10000E+01
    0.11264E-03    0.56494E+03    0.56494E+03    0.10000E+01
    0.11607E-03    0.58143E+03    0.58143E+03    0.10000E+01
    0.11960E-03    0.59840E+03    0.59840E+03    0.10000E+01
    0.12324E-03    0.61587E+03    0.61587E+03    0.10000E+01
    0.12700E-03    0.63385E+03    0.63385E+03    0.10000E+01
    0.13087E-03    0.65235E+03    0.65235E+03    0.10000E+01
    0.13485E-03    0.67139E+03    0.67139E+03    0.10000E+01
    0.13896E-03    0.69099E+03    0.69099E+03    0.10000E+01
    0.14319E-03    0.71116E+03    0.71116E+03    0.10000E+01
    0.14755E-03    0.73191E+03    0.73191E+03    0.10000E+01
    0.15204E-03    0.75327E+03    0.75327E+03    0.10000E+01
    0.15667E-03    0.77525E+03    0.77525E+03    0.10000E+01
    0.16145E-03    0.79786E+03    0.79786E+03    0.10000E+01
    0.16636E-03    0.82114E+03    0.82114E+03    0.10000E+01
    0.17143E-03    0.84509E+03    0.84509E+03    0.10000E+01
    0.17665E-03    0.86974E+03    0.86974E+03    0.10000E+01
    0.18203E-03    0.89511E+03    0.89511E+03    0.10000E+01
    0.18757E-03    0.92121E+03    0.92121E+03    0.10000E+01
    0.19329E-03    0.94807E+03    0.94807E+03    0.10000E+01
    0.19917E-03    0.97571E+03    0.97571E+03    0.10000E+01
    0.20524E-03    0.10042E+04    0.10042E+04    0.10000E+01
    0.21149E-03    0.10334E+04    0.10334E+04    0.10000E+01
    0.21793E-03    0.10635E+04    0.10635E+04    0.10000E+01
    0.22457E-03    0.10945E+04    0.10945E+04    0.10000E+01
    0.23141E-03    0.11264E+04    0.11264E+04    0.10000E+01
    0.23845E-03    0.11592E+04    0.11592E+04    0.10000E+01
    0.24571E-03    0.11930E+04    0.11930E+04    0.10000E+01
    0.25320E-03    0.12277E+04    0.12277E+04    0.10000E+01
    0.26091E-03    0.12635E+04    0.12635E+04    0.10000E+01
    0.26885E-03    0.13002E+04    0.13002E+04    0.10000E+01
    0.27704E-03    0.13381E+04    0.13381E+04    0.10000E+01
    0.28548E-03    0.13770E+04    0.13770E+04    0.10000E+01
    0.29417E-03    0.14170E+04    0.14170E+04    0.10000E+01
    0.30313E-03    0.14582E+04    0.14582E+04    0.10000E+01
    0.31236E-03    0.15006E+04    0.15006E+04    0.10000E+01
    0.32188E-03    0.15442E+04    0.15442E+04    0.10000E+01
    0.33168E-03    0.15891E+04    0.15891E+04    0.10000E+01
    0.34178E-03    0.16352E+04    0.16352E+04    0.10000E+01
    0.35219E-03    0.16827E+04    0.16827E+04    0.10000E+01
    0.36292E-03    0.17315E+04    0.17315E+04    0.10000E+01
    0.37397E-03    0.17818E+04    0.17818E+04    0.10000E+01
    0.38536E-03    0.18334E+04    0.18334E+04    0.10000E+01
    0.39709E-03    0.18866E+04    0.18866E+04    0.10000E+01
    0.40919E-03    0.19412E+04    0.19412E+04    0.10000E+01
    0.42165E-03    0.19974E+04    0.19974E+04    0.10000E+01
    0.43449E-03    0.20552E+04    0.20552E+04    0.10000E+01
    0.44772E-03    0.21147E+04    0.21147E+04    0.10000E+01
    0.46136E-03    0.21758E+04    0.21758E+04    0.10000E+01
    0.47541E-03    0.22387E+04    0.22387E+04    0.10000E+01
    0.48988E-03    0.23033E+04    0.23033E+04    0.10000E+01
    0.50480E-03    0.23698E+04    0.23698E+04    0.10000E+01
    0.52018E-03    0.24381E+04    0.24381E+04    0.10000E+01
    0.53602E-03    0.25084E+04    0.25084E+04    0.10000E+01
    0.55234E-03    0.25806E+04    0.25806E+04    0.10000E+01
    0.56916E-03    0.26548E+04    0.26548E+04    0.10000E+01
    0.58650E-03    0.27312E+04    0.27312E+04    0.10000E+01
    0.60436E-03    0.28096E+04    0.28096E+04    0.10000E+01
    0.62277E-03    0.28902E+04    0.28902E+04    0.10000E+01
    0.64173E-03    0.29731E+04    0.29731E+04    0.10000E+01
    0.66127E-03    0.30583E+04    0.30583E+04    0.10000E+01
    0.68141E-03    0.31458E+04    0.31458E+04    0.10000E+01
    0.70217E-03    0.32357E+04    0.32357E+04    0.10000E+01
    0.72355E-03    0.33281E+04    0.33281E+04    0.10000E+01
    0.74559E-03    0.34230E+04    0.34230E+04    0.10000E+01
    0.76829E-03    0.35206E+04    0.35206E+04    0.10000E+01
    0.79169E-03    0.36207E+04    0.36207E+04    0.10000E+01
    0.81580E-03    0.37236E+04    0.37236E+04    0.10000E+01
    0.84065E-03    0.38293E+04    0.38293E+04    0.10000E+01
    0.86625E-03    0.39378E+04    0.39378E+04    0.10000E+01
    0.89263E-03    0.40492E+04    0.40492E+04    0.10000E+01
    0.91981E-03    0.41636E+04    0.41636E+04    0.10000E+01
    0.94782E-03    0.42811E+04    0.42811E+04    0.10000E+01
    0.97669E-03    0.44016E+04    0.44016E+04    0.10000E+01
    0.10064E-02    0.45254E+04    0.45254E+04    0.10000E+01
    0.10371E-02    0.46524E+04    0.46524E+04    0.10000E+01
    0.10687E-02    0.47827E+04    0.47827E+04    0.10000E+01
    0.11012E-02    0.49164E+04    0.49164E+04    0.10000E+01
    0.11348E-02    0.50536E+04    0.50536E+04    0.10000E+01
    0.11693E-02    0.51943E+04    0.51943E+04    0.10000E+01
    0.12049E-02    0.53387E+04    0.53387E+04    0.10000E+01
    0.12416E-02    0.54867E+04    0.54867E+04    0.10000E+01
    0.12794E-02    0.56384E+04    0.56384E+04    0.10000E+01
    0.13184E-02    0.57940E+04    0.57940E+04    0.10000E+01
    0.13585E-02    0.59534E+04    0.59534E+04    0.10000E+01
    0.13999E-02    0.61168E+04    0.61168E+04    0.10000E+01
    0.14426E-02    0.62842E+04    0.62842E+04    0.10000E+01
    0.14865E-02    0.64557E+04    0.64557E+04    0.10000E+01
    0.15318E-02    0.66314E+04    0.66314E+04    0.10000E+01
    0.15784E-02    0.68113E+04    0.68113E+04    0.10000E+01
    0.16265E-02    0.69954E+04    0.69954E+04    0.10000E+01
    0.16760E-02    0.71840E+04    0.71840E+04    0.10000E+01
    0.17270E-02    0.73769E+04    0.73769E+04    0.10000E+01
    0.17796E-02    0.75743E+04    0.75743E+04    0.99999E+00
    0.18338E-02    0.77762E+04    0.77762E+04    0.99998E+00
    0.18897E-02    0.79827E+04    0.79827E+04    0.99998E+00
    0.19472E-02    0.81939E+04    0.81939E+04    0.99997E+00
    0.20065E-02    0.84097E+04    0.84097E+04    0.99996E+00
    0.20677E-02    0.86302E+04    0.86302E+04    0.99996E+00
    0.21306E-02    0.88555E+04    0.88555E+04    0.99996E+00
    0.21955E-02    0.90856E+04    0.90856E+04    0.99996E+00
    0.22624E-02    0.93204E+04    0.93204E+04    0.99997E+00
    0.23313E-02    0.95602E+04    0.95602E+04    0.99998E+00
    0.24023E-02    0.98048E+04    0.98048E+04    0.10000E+01
    0.24754E-02    0.10054E+05    0.10054E+05    0.10000E+01
    0.25508E-02    0.10309E+05    0.10309E+05    0.10001E+01
    0.26285E-02    0.10568E+05    0.10568E+05    0.10001E+01
    0.27086E-02    0.10832E+05    0.10832E+05    0.10001E+01
    0.27910E-02    0.11102E+05    0.11102E+05    0.10002E+01
    0.28760E-02    0.11376E+05    0.11376E+05    0.10002E+01
    0.29636E-02    0.11654E+05    0.11654E+05    0.10002E+01
    0.30539E-02    0.11938E+05    0.11938E+05    0.10001E+01
    0.31469E-02    0.12227E+05    0.12227E+05    0.10001E+01
    0.32427E-02    0.12520E+05    0.12520E+05    0.10000E+01
    0.33415E-02    0.12818E+05    0.12818E+05    0.99993E+00
    0.34432E-02    0.13120E+05    0.13120E+05    0.99981E+00
    0.35481E-02    0.13427E+05    0.13427E+05    0.99968E+00
    0.36562E-02    0.13738E+05    0.13738E+05    0.99956E+00
    0.37675E-02    0.14054E+05    0.14054E+05    0.99946E+00
    0.38822E-02    0.14374E+05    0.14374E+05    0.99940E+00
    0.40005E-02    0.14697E+05    0.14697E+05    0.99938E+00
    0.41223E-02    0.15025E+05    0.15025E+05    0.99942E+00
    0.42479E-02    0.15356E+05    0.15356E+05    0.99954E+00
    0.43772E-02    0.15691E+05    0.15691E+05    0.99974E+00
    0.45105E-02    0.16029E+05    0.16029E+05    0.10001E+01
    0.46479E-02    0.16371E+05    0.16371E+05    0.10004E+01
    0.47894E-02    0.16715E+05    0.16715E+05    0.10003E+01
    0.49353E-02    0.17062E+05    0.17062E+05    0.99947E+00
    0.50856E-02    0.17411E+05    0.17411E+05    0.99803E+00
    0.52405E-02    0.17763E+05    0.17763E+05    0.99672E+00
    0.54001E-02    0.18116E+05    0.18116E+05    0.99616E+00
    0.55645E-02    0.18470E+05    0.18471E+05    0.99618E+00
    0.57340E-02    0.18826E+05    0.18826E+05    0.99631E+00
    0.59086E-02    0.19183E+05    0.19183E+05    0.99625E+00
    0.60886E-02    0.19539E+05    0.19539E+05    0.99608E+00
    0.62740E-02    0.19896E+05    0.19896E+05    0.99591E+00
    0.64651E-02    0.20252E+05    0.20253E+05    0.99579E+00
    0.66620E-02    0.20607E+05    0.20607E+05    0.99568E+00
    0.68649E-02    0.20961E+05    0.20960E+05    0.99555E+00
    0.70739E-02    0.21313E+05    0.21311E+05    0.99541E+00
    0.72894E-02    0.21662E+05    0.21663E+05    0.99527E+00
    0.75113E-02    0.22008E+05    0.22014E+05    0.99513E+00
    0.77401E-02    0.22350E+05    0.22355E+05    0.99498E+00
    0.79758E-02    0.22688E+05    0.22676E+05    0.99483E+00
    0.82187E-02    0.23021E+05    0.22995E+05    0.99467E+00
    0.84690E-02    0.23349E+05    0.23347E+05    0.99451E+00
    0.87269E-02    0.23669E+05    0.23744E+05    0.99434E+00
    0.89927E-02    0.23983E+05    0.24076E+05    0.99416E+00
    0.92666E-02    0.24289E+05    0.24198E+05    0.99399E+00
    0.95488E-02    0.24586E+05    0.24222E+05    0.99382E+00
    0.98396E-02    0.24874E+05    0.24654E+05    0.99362E+00
    0.10139E-01    0.25151E+05    0.26007E+05    0.99339E+00
    0.10448E-01    0.25417E+05    0.27982E+05    0.99313E+00
    0.10766E-01    0.25671E+05    0.29594E+05    0.99287E+00
    0.11094E-01    0.25912E+05    0.29991E+05    0.99265E+00
    0.11432E-01    0.26139E+05    0.29591E+05    0.99244E+00
    0.11780E-01    0.26351E+05    0.29141E+05    0.99222E+00
    0.12139E-01    0.26547E+05    0.28975E+05    0.99199E+00
    0.12509E-01    0.26726E+05    0.28928E+05    0.99175E+00
    0.12890E-01    0.26887E+05    0.28824E+05    0.99150E+00
    0.13282E-01    0.27029E+05    0.28638E+05    0.99125E+00
    0.13687E-01    0.27151E+05    0.28423E+05    0.99100E+00
    0.14103E-01    0.27252E+05    0.28216E+05    0.99073E+00
    0.14533E-01    0.27331E+05    0.28011E+05    0.99046E+00
    0.14975E-01    0.27387E+05    0.27795E+05    0.99018E+00
    0.15432E-01    0.27419E+05    0.27564E+05    0.98989E+00
    0.15902E-01    0.27426E+05    0.27321E+05    0.98959E+00
    0.16386E-01    0.27408E+05    0.27070E+05    0.98929E+00
    0.16885E-01    0.27363E+05    0.26811E+05    0.98898E+00
    0.17399E-01    0.27291E+05    0.26544E+05    0.98866E+00
    0.17929E-01    0.27192E+05    0.26268E+05    0.98833E+00
    0.18475E-01    0.27063E+05    0.25984E+05    0.98800E+00
    0.19038E-01    0.26906E+05    0.25693E+05    0.98765E+00
    0.19617E-01    0.26720E+05    0.25394E+05    0.98730E+00
    0.20215E-01    0.26504E+05    0.25088E+05    0.98694E+00
    0.20830E-01    0.26259E+05    0.24776E+05    0.98657E+00
    0.21465E-01    0.25984E+05    0.24456E+05    0.98619E+00
    0.22119E-01    0.25680E+05    0.24130E+05    0.98580E+00
    0.22792E-01    0.25348E+05    0.23798E+05    0.98541E+00
    0.23486E-01    0.24989E+05    0.23459E+05    0.98501E+00
    0.24201E-01    0.24602E+05    0.23113E+05    0.98460E+00
    0.24939E-01    0.24190E+05    0.22762E+05    0.98418E+00
    0.25698E-01    0.23754E+05    0.22403E+05    0.98375E+00
    0.26481E-01    0.23296E+05    0.22039E+05    0.98332E+00
    0.27287E-01    0.22817E+05    0.21669E+05    0.98288E+00
    0.28118E-01    0.22319E+05    0.21294E+05    0.98244E+00
    0.28974E-01    0.21806E+05    0.20915E+05    0.98199E+00
    0.29857E-01    0.21280E+05    0.20531E+05    0.98154E+00
    0.30766E-01    0.20745E+05    0.20144E+05    0.98108E+00
    0.31703E-01    0.20202E+05    0.19754E+05    0.98062E+00
    0.32669E-01    0.19650E+05    0.19361E+05    0.98016E+00
    0.33663E-01    0.19091E+05    0.18965E+05    0.97969E+00
    0.34689E-01    0.18532E+05    0.18568E+05    0.97923E+00
    0.35745E-01    0.17978E+05    0.18169E+05    0.97877E+00
    0.36834E-01    0.17435E+05    0.17769E+05    0.97831E+00
    0.37956E-01    0.16907E+05    0.17368E+05    0.97786E+00
    0.39111E-01    0.16395E+05    0.16967E+05    0.97741E+00
    0.40303E-01    0.15901E+05    0.16565E+05    0.97697E+00
    0.41530E-01    0.15429E+05    0.16164E+05    0.97655E+00
    0.42795E-01    0.14980E+05    0.15763E+05    0.97613E+00
    0.44098E-01    0.14555E+05    0.15363E+05    0.97573E+00
    0.45441E-01    0.14155E+05    0.14965E+05    0.97536E+00
    0.46825E-01    0.13780E+05    0.14568E+05    0.97500E+00
    0.48251E-01    0.13429E+05    0.14172E+05    0.97467E+00
    0.49720E-01    0.13103E+05    0.13779E+05    0.97437E+00
    0.51235E-01    0.12798E+05    0.13388E+05    0.97409E+00
    0.52795E-01    0.12515E+05    0.13000E+05    0.97386E+00
    0.54403E-01    0.12250E+05    0.12615E+05    0.97367E+00
    0.56060E-01    0.12001E+05    0.12233E+05    0.97354E+00
    0.57767E-01    0.11763E+05    0.11855E+05    0.97345E+00
    0.59526E-01    0.11530E+05    0.11481E+05    0.97342E+00
    0.61339E-01    0.11295E+05    0.11111E+05    0.97346E+00
    0.63207E-01    0.11052E+05    0.10746E+05    0.97357E+00
    0.65132E-01    0.10794E+05    0.10385E+05    0.97375E+00
    0.67115E-01    0.10516E+05    0.10030E+05    0.97403E+00
    0.69159E-01    0.10215E+05    0.96807E+04    0.97440E+00
    0.71266E-01    0.98916E+04    0.93370E+04    0.97488E+00
    0.73436E-01    0.95443E+04    0.89996E+04    0.97546E+00
    0.75672E-01    0.91728E+04    0.86688E+04    0.97616E+00
    0.77977E-01    0.87774E+04    0.83450E+04    0.97699E+00
    0.80352E-01    0.83613E+04    0.80281E+04    0.97796E+00
    0.82799E-01    0.79309E+04    0.77184E+04    0.97908E+00
    0.85320E-01    0.74974E+04    0.74158E+04    0.98035E+00
    0.87919E-01    0.70725E+04    0.71202E+04    0.98181E+00
    0.90596E-01    0.66679E+04    0.68318E+04    0.98345E+00
    0.93355E-01    0.62924E+04    0.65505E+04    0.98531E+00
    0.96199E-01    0.59526E+04    0.62765E+04    0.98739E+00
    0.99128E-01    0.56523E+04    0.60098E+04    0.98971E+00
    0.10215E+00    0.53929E+04    0.57505E+04    0.99229E+00
    0.10526E+00    0.51739E+04    0.54987E+04    0.99514E+00
    0.10846E+00    0.49924E+04    0.52546E+04    0.99829E+00
    0.11177E+00    0.48426E+04    0.50182E+04    0.10018E+01
    0.11517E+00    0.47148E+04    0.47897E+04    0.10055E+01
    0.11868E+00    0.45953E+04    0.45693E+04    0.10097E+01
    0.12229E+00    0.44706E+04    0.43571E+04    0.10141E+01
    0.12602E+00    0.43299E+04    0.41534E+04    0.10189E+01
    0.12985E+00    0.41664E+04    0.39583E+04    0.10240E+01
    0.13381E+00    0.39769E+04    0.37715E+04    0.10295E+01
    0.13788E+00    0.37632E+04    0.35928E+04    0.10354E+01
    0.14208E+00    0.35325E+04    0.34216E+04    0.10416E+01
    0.14641E+00    0.32966E+04    0.32577E+04    0.10482E+01
    0.15087E+00    0.30699E+04    0.31007E+04    0.10553E+01
    0.15546E+00    0.28665E+04    0.29503E+04    0.10628E+01
    0.16020E+00    0.26953E+04    0.28061E+04    0.10709E+01
    0.16508E+00    0.25589E+04    0.26678E+04    0.10795E+01
    0.17010E+00    0.24534E+04    0.25352E+04    0.10887E+01
    0.17529E+00    0.23692E+04    0.24080E+04    0.10986E+01
    0.18062E+00    0.22936E+04    0.22858E+04    0.11092E+01
    0.18612E+00    0.22138E+04    0.21686E+04    0.11207E+01
    0.19179E+00    0.21191E+04    0.20562E+04    0.11329E+01
    0.19763E+00    0.20058E+04    0.19484E+04    0.11461E+01
    0.20365E+00    0.18788E+04    0.18453E+04    0.11602E+01
    0.20985E+00    0.17487E+04    0.17467E+04    0.11753E+01
    0.21625E+00    0.16272E+04    0.16525E+04    0.11914E+01
    0.22283E+00    0.15243E+04    0.15628E+04    0.12087E+01
    0.22962E+00    0.14436E+04    0.14773E+04    0.12270E+01
    0.23661E+00    0.13799E+04    0.13961E+04    0.12465E+01
    0.24382E+00    0.13239E+04    0.13190E+04    0.12671E+01
    0.25124E+00    0.12654E+04    0.12458E+04    0.12889E+01
    0.25889E+00    0.11983E+04    0.11764E+04    0.13120E+01
    0.26678E+00    0.11235E+04    0.11106E+04    0.13365E+01
    0.27490E+00    0.10475E+04    0.10483E+04    0.13622E+01
    0.28327E+00    0.97862E+03    0.98934E+03    0.13894E+01
    0.29190E+00    0.92150E+03    0.93349E+03    0.14180E+01
    0.30079E+00    0.87456E+03    0.88049E+03    0.14483E+01
    0.30995E+00    0.83177E+03    0.83004E+03    0.14806E+01
    0.31939E+00    0.78743E+03    0.78187E+03    0.15152E+01
    0.32912E+00    0.73965E+03    0.73566E+03    0.15527E+01
    0.33914E+00    0.69155E+03    0.69139E+03    0.15933E+01
    0.34947E+00    0.64764E+03    0.64945E+03    0.16365E+01
    0.36011E+00    0.60993E+03    0.61080E+03    0.16803E+01
    0.37108E+00    0.57652E+03    0.57626E+03    0.17221E+01
    0.38238E+00    0.54388E+03    0.54370E+03    0.17657E+01
    0.39402E+00    0.51063E+03    0.51069E+03    0.18173E+01
    0.40602E+00    0.47812E+03    0.47811E+03    0.18762E+01
    0.41839E+00    0.44841E+03    0.44841E+03    0.19352E+01
    0.43113E+00    0.42189E+03    0.42189E+03    0.19919E+01
    0.44426E+00    0.39691E+03    0.39690E+03    0.20512E+01
    0.45779E+00    0.37293E+03    0.37292E+03    0.21152E+01
    0.47173E+00    0.35002E+03    0.35001E+03    0.21840E+01
    0.48610E+00    0.32824E+03    0.32824E+03    0.22572E+01
    0.50090E+00    0.30763E+03    0.30762E+03    0.23349E+01
    0.51616E+00    0.28818E+03    0.28818E+03    0.24168E+01
    0.53188E+00    0.26991E+03    0.26991E+03    0.25027E+01
    0.54808E+00    0.25279E+03    0.25279E+03    0.25923E+01
    0.56477E+00    0.23676E+03    0.23676E+03    0.26857E+01
    0.58197E+00    0.22174E+03    0.22174E+03    0.27830E+01
    0.59969E+00    0.20766E+03    0.20766E+03    0.28846E+01
    0.61795E+00    0.19444E+03    0.19444E+03    0.29907E+01
    0.63677E+00    0.18203E+03    0.18203E+03    0.31015E+01
    0.65617E+00    0.17037E+03    0.17037E+03    0.32174E+01
    0.67615E+00    0.15940E+03    0.15940E+03    0.33385E+01
    0.69674E+00    0.14910E+03    0.14910E+03    0.34652E+01
    0.71796E+00    0.13942E+03    0.13942E+03    0.35976E+01
    0.73983E+00    0.13034E+03    0.13034E+03    0.37356E+01
    0.76236E+00    0.12182E+03    0.12182E+03    0.38796E+01
    0.78557E+00    0.11383E+03    0.11383E+03    0.40295E+01
