    0.13130E+03    0.00000E+00    0.70867E+00   -0.10000E+01
    0.99900E-04    0.32768E+03    0.32768E+03    0.10000E+01
    0.10294E-03    0.33725E+03    0.33725E+03    0.10000E+01
    0.10608E-03    0.34710E+03    0.34710E+03    0.10000E+01
    0.10931E-03    0.35723E+03    0.35723E+03    0.10000E+01
    0.11264E-03    0.36767E+03    0.36767E+03    0.10000E+01
    0.11607E-03    0.37840E+03    0.37840E+03    0.10000E+01
    0.11960E-03    0.38945E+03    0.38945E+03    0.10000E+01
    0.12324E-03    0.40082E+03    0.40082E+03    0.10000E+01
    0.12700E-03    0.41252E+03    0.41252E+03    0.10000E+01
    0.13087E-03    0.42456E+03    0.42456E+03    0.10000E+01
    0.13485E-03    0.43695E+03    0.43695E+03    0.10000E+01
    0.13896E-03    0.44971E+03    0.44971E+03    0.10000E+01
    0.14319E-03    0.46283E+03    0.46283E+03    0.10000E+01
    0.14755E-03    0.47634E+03    0.47634E+03    0.10000E+01
    0.15204E-03    0.49024E+03    0.49024E+03    0.10000E+01
    0.15667E-03    0.50454E+03    0.50454E+03    0.10000E+01
    0.16145E-03    0.51926E+03    0.51926E+03    0.10000E+01
    0.16636E-03    0.53441E+03    0.53441E+03    0.10000E+01
    0.17143E-03    0.55000E+03    0.55000E+03    0.10000E+01
    0.17665E-03    0.56605E+03    0.56605E+03    0.10000E+01
    0.18203E-03    0.58256E+03    0.58256E+03    0.10000E+01
    0.18757E-03    0.59955E+03    0.59955E+03    0.10000E+01
    0.19329E-03    0.61703E+03    0.61703E+03    0.10000E+01
    0.19917E-03    0.63502E+03    0.63502E+03    0.10000E+01
    0.20524E-03    0.65353E+03    0.65353E+03    0.10000E+01
    0.21149E-03    0.67258E+03    0.67258E+03    0.10000E+01
    0.21793E-03    0.69219E+03    0.69219E+03    0.10000E+01
    0.22457E-03    0.71236E+03    0.71236E+03    0.10000E+01
    0.23141E-03    0.73311E+03    0.73311E+03    0.10000E+01
    0.23845E-03    0.75447E+03    0.75447E+03    0.10000E+01
    0.24571E-03    0.77644E+03    0.77644E+03    0.10000E+01
    0.25320E-03    0.79905E+03    0.79905E+03    0.10000E+01
    0.26091E-03    0.82232E+03    0.82232E+03    0.10000E+01
    0.26885E-03    0.84625E+03    0.84625E+03    0.10000E+01
    0.27704E-03    0.87088E+03    0.87088E+03    0.10000E+01
    0.28548E-03    0.89622E+03    0.89622E+03    0.10000E+01
    0.29417E-03    0.92229E+03    0.92229E+03    0.10000E+01
    0.30313E-03    0.94911E+03    0.94911E+03    0.10000E+01
    0.31236E-03    0.97671E+03    0.97671E+03    0.10000E+01
    0.32188E-03    0.10051E+04    0.10051E+04    0.10000E+01
    0.33168E-03    0.10343E+04    0.10343E+04    0.10000E+01
    0.34178E-03    0.10643E+04    0.10643E+04    0.10000E+01
    0.35219E-03    0.10952E+04    0.10952E+04    0.10000E+01
    0.36292E-03    0.11270E+04    0.11270E+04    0.10000E+01
    0.37397E-03    0.11597E+04    0.11597E+04    0.10000E+01
    0.38536E-03    0.11934E+04    0.11934E+04    0.10000E+01
    0.39709E-03    0.12280E+04    0.12280E+04    0.10000E+01
    0.40919E-03    0.12635E+04    0.12635E+04    0.10000E+01
    0.42165E-03    0.13001E+04    0.13001E+04    0.10000E+01
    0.43449E-03    0.13378E+04    0.13378E+04    0.10000E+01
    0.44772E-03    0.13765E+04    0.13765E+04    0.10000E+01
    0.46136E-03    0.14163E+04    0.14163E+04    0.10000E+01
    0.47541E-03    0.14572E+04    0.14572E+04    0.10000E+01
    0.48988E-03    0.14993E+04    0.14993E+04    0.10000E+01
    0.50480E-03    0.15426E+04    0.15426E+04    0.10000E+01
    0.52018E-03    0.15871E+04    0.15871E+04    0.10000E+01
    0.53602E-03    0.16328E+04    0.16328E+04    0.10000E+01
    0.55234E-03    0.16799E+04    0.16799E+04    0.10000E+01
    0.56916E-03    0.17282E+04    0.17282E+04    0.10000E+01
    0.58650E-03    0.17779E+04    0.17779E+04    0.10000E+01
    0.60436E-03    0.18290E+04    0.18290E+04    0.10000E+01
    0.62277E-03    0.18815E+04    0.18815E+04    0.10000E+01
    0.64173E-03    0.19355E+04    0.19355E+04    0.10000E+01
    0.66127E-03    0.19909E+04    0.19909E+04    0.10000E+01
    0.68141E-03    0.20479E+04    0.20479E+04    0.10000E+01
    0.70217E-03    0.21065E+04    0.21065E+04    0.10000E+01
    0.72355E-03    0.21666E+04    0.21666E+04    0.10000E+01
    0.74559E-03    0.22284E+04    0.22284E+04    0.10000E+01
    0.76829E-03    0.22919E+04    0.22919E+04    0.10000E+01
    0.79169E-03    0.23572E+04    0.23572E+04    0.10000E+01
    0.81580E-03    0.24242E+04    0.24242E+04    0.10000E+01
    0.84065E-03    0.24930E+04    0.24930E+04    0.10000E+01
    0.86625E-03    0.25636E+04    0.25636E+04    0.10000E+01
    0.89263E-03    0.26362E+04    0.26362E+04    0.10000E+01
    0.91981E-03    0.27107E+04    0.27107E+04    0.10000E+01
    0.94782E-03    0.27872E+04    0.27872E+04    0.10000E+01
    0.97669E-03    0.28657E+04    0.28657E+04    0.10000E+01
    0.10064E-02    0.29463E+04    0.29463E+04    0.10000E+01
    0.10371E-02    0.30290E+04    0.30290E+04    0.10000E+01
    0.10687E-02    0.31138E+04    0.31138E+04    0.10000E+01
    0.11012E-02    0.32009E+04    0.32009E+04    0.10000E+01
    0.11348E-02    0.32902E+04    0.32902E+04    0.10000E+01
    0.11693E-02    0.33819E+04    0.33819E+04    0.10000E+01
    0.12049E-02    0.34758E+04    0.34758E+04    0.10000E+01
    0.12416E-02    0.35722E+04    0.35722E+04    0.10000E+01
    0.12794E-02    0.36710E+04    0.36710E+04    0.10000E+01
    0.13184E-02    0.37723E+04    0.37723E+04    0.10000E+01
    0.13585E-02    0.38761E+04    0.38761E+04    0.10000E+01
    0.13999E-02    0.39825E+04    0.39825E+04    0.10000E+01
    0.14426E-02    0.40915E+04    0.40915E+04    0.10000E+01
    0.14865E-02    0.42032E+04    0.42032E+04    0.10000E+01
    0.15318E-02    0.43176E+04    0.43176E+04    0.10000E+01
    0.15784E-02    0.44347E+04    0.44347E+04    0.10000E+01
    0.16265E-02    0.45546E+04    0.45546E+04    0.10000E+01
    0.16760E-02    0.46774E+04    0.46774E+04    0.10000E+01
    0.17270E-02    0.48030E+04    0.48030E+04    0.10000E+01
    0.17796E-02    0.49315E+04    0.49315E+04    0.99999E+00
    0.18338E-02    0.50630E+04    0.50630E+04    0.99999E+00
    0.18897E-02    0.51975E+04    0.51975E+04    0.99998E+00
    0.19472E-02    0.53350E+04    0.53350E+04    0.99998E+00
    0.20065E-02    0.54755E+04    0.54755E+04    0.99997E+00
    0.20677E-02    0.56190E+04    0.56190E+04    0.99997E+00
    0.21306E-02    0.57657E+04    0.57657E+04    0.99997E+00
    0.21955E-02    0.59155E+04    0.59155E+04    0.99997E+00
    0.22624E-02    0.60685E+04    0.60685E+04    0.99998E+00
    0.23313E-02    0.62246E+04    0.62246E+04    0.99999E+00
    0.24023E-02    0.63839E+04    0.63839E+04    0.10000E+01
    0.24754E-02    0.65464E+04    0.65464E+04    0.10000E+01
    0.25508E-02    0.67120E+04    0.67120E+04    0.10000E+01
    0.26285E-02    0.68809E+04    0.68809E+04    0.10001E+01
    0.27086E-02    0.70529E+04    0.70529E+04    0.10001E+01
    0.27910E-02    0.72282E+04    0.72282E+04    0.10001E+01
    0.28760E-02    0.74066E+04    0.74066E+04    0.10001E+01
    0.29636E-02    0.75882E+04    0.75882E+04    0.10001E+01
    0.30539E-02    0.77729E+04    0.77729E+04    0.10001E+01
    0.31469E-02    0.79607E+04    0.79607E+04    0.10001E+01
    0.32427E-02    0.81516E+04    0.81516E+04    0.10000E+01
    0.33415E-02    0.83455E+04    0.83455E+04    0.99995E+00
    0.34432E-02    0.85424E+04    0.85424E+04    0.99986E+00
    0.35481E-02    0.87422E+04    0.87422E+04    0.99977E+00
    0.36562E-02    0.89450E+04    0.89450E+04    0.99969E+00
    0.37675E-02    0.91505E+04    0.91505E+04    0.99962E+00
    0.38822E-02    0.93587E+04    0.93587E+04    0.99957E+00
    0.40005E-02    0.95695E+04    0.95695E+04    0.99956E+00
    0.41223E-02    0.97828E+04    0.97828E+04    0.99959E+00
    0.42479E-02    0.99986E+04    0.99986E+04    0.99967E+00
    0.43772E-02    0.10217E+05    0.10217E+05    0.99982E+00
    0.45105E-02    0.10437E+05    0.10437E+05    0.10000E+01
    0.46479E-02    0.10659E+05    0.10659E+05    0.10003E+01
    0.47894E-02    0.10883E+05    0.10883E+05    0.10002E+01
    0.49353E-02    0.11109E+05    0.11109E+05    0.99962E+00
    0.50856E-02    0.11337E+05    0.11337E+05    0.99860E+00
    0.52405E-02    0.11565E+05    0.11565E+05    0.99766E+00
    0.54001E-02    0.11795E+05    0.11795E+05    0.99726E+00
    0.55645E-02    0.12026E+05    0.12026E+05    0.99728E+00
    0.57340E-02    0.12258E+05    0.12258E+05    0.99737E+00
    0.59086E-02    0.12490E+05    0.12490E+05    0.99733E+00
    0.60886E-02    0.12722E+05    0.12722E+05    0.99720E+00
    0.62740E-02    0.12954E+05    0.12955E+05    0.99709E+00
    0.64651E-02    0.13186E+05    0.13187E+05    0.99700E+00
    0.66620E-02    0.13418E+05    0.13418E+05    0.99692E+00
    0.68649E-02    0.13648E+05    0.13647E+05    0.99684E+00
    0.70739E-02    0.13877E+05    0.13876E+05    0.99674E+00
    0.72894E-02    0.14104E+05    0.14105E+05    0.99664E+00
    0.75113E-02    0.14330E+05    0.14334E+05    0.99654E+00
    0.77401E-02    0.14552E+05    0.14555E+05    0.99644E+00
    0.79758E-02    0.14772E+05    0.14765E+05    0.99633E+00
    0.82187E-02    0.14989E+05    0.14972E+05    0.99622E+00
    0.84690E-02    0.15202E+05    0.15202E+05    0.99611E+00
    0.87269E-02    0.15411E+05    0.15460E+05    0.99599E+00
    0.89927E-02    0.15616E+05    0.15676E+05    0.99587E+00
    0.92666E-02    0.15815E+05    0.15756E+05    0.99575E+00
    0.95488E-02    0.16008E+05    0.15771E+05    0.99563E+00
    0.98396E-02    0.16196E+05    0.16052E+05    0.99550E+00
    0.10139E-01    0.16376E+05    0.16933E+05    0.99535E+00
    0.10448E-01    0.16549E+05    0.18219E+05    0.99520E+00
    0.10766E-01    0.16715E+05    0.19269E+05    0.99504E+00
    0.11094E-01    0.16872E+05    0.19527E+05    0.99489E+00
    0.11432E-01    0.17019E+05    0.19267E+05    0.99475E+00
    0.11780E-01    0.17157E+05    0.18974E+05    0.99460E+00
    0.12139E-01    0.17285E+05    0.18866E+05    0.99445E+00
    0.12509E-01    0.17401E+05    0.18835E+05    0.99429E+00
    0.12890E-01    0.17506E+05    0.18767E+05    0.99412E+00
    0.13282E-01    0.17599E+05    0.18646E+05    0.99396E+00
    0.13687E-01    0.17678E+05    0.18506E+05    0.99378E+00
    0.14103E-01    0.17744E+05    0.18371E+05    0.99361E+00
    0.14533E-01    0.17795E+05    0.18238E+05    0.99343E+00
    0.14975E-01    0.17832E+05    0.18098E+05    0.99325E+00
    0.15432E-01    0.17853E+05    0.17947E+05    0.99306E+00
    0.15902E-01    0.17858E+05    0.17789E+05    0.99287E+00
    0.16386E-01    0.17846E+05    0.17625E+05    0.99267E+00
    0.16885E-01    0.17816E+05    0.17457E+05    0.99247E+00
    0.17399E-01    0.17770E+05    0.17283E+05    0.99227E+00
    0.17929E-01    0.17705E+05    0.17103E+05    0.99206E+00
    0.18475E-01    0.17621E+05    0.16918E+05    0.99185E+00
    0.19038E-01    0.17519E+05    0.16729E+05    0.99163E+00
    0.19617E-01    0.17397E+05    0.16534E+05    0.99141E+00
    0.20215E-01    0.17257E+05    0.16335E+05    0.99119E+00
    0.20830E-01    0.17097E+05    0.16132E+05    0.99096E+00
    0.21465E-01    0.16918E+05    0.15924E+05    0.99073E+00
    0.22119E-01    0.16721E+05    0.15711E+05    0.99049E+00
    0.22792E-01    0.16505E+05    0.15495E+05    0.99025E+00
    0.23486E-01    0.16270E+05    0.15274E+05    0.99001E+00
    0.24201E-01    0.16019E+05    0.15049E+05    0.98976E+00
    0.24939E-01    0.15750E+05    0.14820E+05    0.98952E+00
    0.25698E-01    0.15466E+05    0.14587E+05    0.98927E+00
    0.26481E-01    0.15168E+05    0.14350E+05    0.98902E+00
    0.27287E-01    0.14856E+05    0.14109E+05    0.98876E+00
    0.28118E-01    0.14532E+05    0.13865E+05    0.98851E+00
    0.28974E-01    0.14198E+05    0.13618E+05    0.98825E+00
    0.29857E-01    0.13855E+05    0.13368E+05    0.98800E+00
    0.30766E-01    0.13507E+05    0.13116E+05    0.98775E+00
    0.31703E-01    0.13153E+05    0.12862E+05    0.98750E+00
    0.32669E-01    0.12794E+05    0.12606E+05    0.98725E+00
    0.33663E-01    0.12431E+05    0.12348E+05    0.98700E+00
    0.34689E-01    0.12066E+05    0.12090E+05    0.98676E+00
    0.35745E-01    0.11706E+05    0.11830E+05    0.98652E+00
    0.36834E-01    0.11352E+05    0.11570E+05    0.98630E+00
    0.37956E-01    0.11008E+05    0.11308E+05    0.98607E+00
    0.39111E-01    0.10675E+05    0.11047E+05    0.98586E+00
    0.40303E-01    0.10353E+05    0.10786E+05    0.98566E+00
    0.41530E-01    0.10046E+05    0.10524E+05    0.98547E+00
    0.42795E-01    0.97535E+04    0.10264E+05    0.98530E+00
    0.44098E-01    0.94769E+04    0.10003E+05    0.98514E+00
    0.45441E-01    0.92165E+04    0.97437E+04    0.98499E+00
    0.46825E-01    0.89723E+04    0.94851E+04    0.98487E+00
    0.48251E-01    0.87440E+04    0.92277E+04    0.98477E+00
    0.49720E-01    0.85312E+04    0.89716E+04    0.98470E+00
    0.51235E-01    0.83330E+04    0.87171E+04    0.98466E+00
    0.52795E-01    0.81485E+04    0.84644E+04    0.98464E+00
    0.54403E-01    0.79763E+04    0.82137E+04    0.98466E+00
    0.56060E-01    0.78138E+04    0.79652E+04    0.98473E+00
    0.57767E-01    0.76586E+04    0.77190E+04    0.98483E+00
    0.59526E-01    0.75070E+04    0.74754E+04    0.98498E+00
    0.61339E-01    0.73543E+04    0.72346E+04    0.98517E+00
    0.63207E-01    0.71960E+04    0.69967E+04    0.98543E+00
    0.65132E-01    0.70282E+04    0.67620E+04    0.98574E+00
    0.67115E-01    0.68472E+04    0.65308E+04    0.98613E+00
    0.69159E-01    0.66513E+04    0.63032E+04    0.98658E+00
    0.71266E-01    0.64404E+04    0.60794E+04    0.98711E+00
    0.73436E-01    0.62144E+04    0.58597E+04    0.98772E+00
    0.75672E-01    0.59725E+04    0.56443E+04    0.98842E+00
    0.77977E-01    0.57150E+04    0.54335E+04    0.98922E+00
    0.80352E-01    0.54441E+04    0.52272E+04    0.99012E+00
    0.82799E-01    0.51639E+04    0.50255E+04    0.99112E+00
    0.85320E-01    0.48816E+04    0.48285E+04    0.99225E+00
    0.87919E-01    0.46050E+04    0.46360E+04    0.99351E+00
    0.90596E-01    0.43415E+04    0.44482E+04    0.99491E+00
    0.93355E-01    0.40970E+04    0.42651E+04    0.99645E+00
    0.96199E-01    0.38758E+04    0.40867E+04    0.99815E+00
    0.99128E-01    0.36802E+04    0.39130E+04    0.10000E+01
    0.10215E+00    0.35113E+04    0.37442E+04    0.10021E+01
    0.10526E+00    0.33688E+04    0.35803E+04    0.10043E+01
    0.10846E+00    0.32506E+04    0.34213E+04    0.10068E+01
    0.11177E+00    0.31531E+04    0.32674E+04    0.10095E+01
    0.11517E+00    0.30698E+04    0.31186E+04    0.10124E+01
    0.11868E+00    0.29920E+04    0.29751E+04    0.10155E+01
    0.12229E+00    0.29108E+04    0.28369E+04    0.10189E+01
    0.12602E+00    0.28192E+04    0.27043E+04    0.10226E+01
    0.12985E+00    0.27127E+04    0.25773E+04    0.10265E+01
    0.13381E+00    0.25894E+04    0.24557E+04    0.10306E+01
    0.13788E+00    0.24503E+04    0.23393E+04    0.10351E+01
    0.14208E+00    0.23000E+04    0.22278E+04    0.10398E+01
    0.14641E+00    0.21464E+04    0.21211E+04    0.10448E+01
    0.15087E+00    0.19989E+04    0.20189E+04    0.10502E+01
    0.15546E+00    0.18664E+04    0.19209E+04    0.10559E+01
    0.16020E+00    0.17549E+04    0.18271E+04    0.10619E+01
    0.16508E+00    0.16661E+04    0.17370E+04    0.10684E+01
    0.17010E+00    0.15974E+04    0.16507E+04    0.10753E+01
    0.17529E+00    0.15426E+04    0.15678E+04    0.10826E+01
    0.18062E+00    0.14934E+04    0.14883E+04    0.10904E+01
    0.18612E+00    0.14414E+04    0.14120E+04    0.10988E+01
    0.19179E+00    0.13798E+04    0.13388E+04    0.11077E+01
    0.19763E+00    0.13060E+04    0.12686E+04    0.11173E+01
    0.20365E+00    0.12233E+04    0.12015E+04    0.11275E+01
    0.20985E+00    0.11386E+04    0.11373E+04    0.11384E+01
    0.21625E+00    0.10595E+04    0.10760E+04    0.11500E+01
    0.22283E+00    0.99247E+03    0.10175E+04    0.11623E+01
    0.22962E+00    0.93994E+03    0.96189E+03    0.11754E+01
    0.23661E+00    0.89848E+03    0.90902E+03    0.11893E+01
    0.24382E+00    0.86198E+03    0.85882E+03    0.12039E+01
    0.25124E+00    0.82390E+03    0.81117E+03    0.12195E+01
    0.25889E+00    0.78023E+03    0.76597E+03    0.12359E+01
    0.26678E+00    0.73149E+03    0.72313E+03    0.12532E+01
    0.27490E+00    0.68203E+03    0.68256E+03    0.12715E+01
    0.28327E+00    0.63719E+03    0.64416E+03    0.12907E+01
    0.29190E+00    0.60000E+03    0.60780E+03    0.13110E+01
    0.30079E+00    0.56943E+03    0.57329E+03    0.13325E+01
    0.30995E+00    0.54157E+03    0.54044E+03    0.13553E+01
    0.31939E+00    0.51270E+03    0.50908E+03    0.13798E+01
    0.32912E+00    0.48159E+03    0.47899E+03    0.14061E+01
    0.33914E+00    0.45028E+03    0.45017E+03    0.14346E+01
    0.34947E+00    0.42168E+03    0.42286E+03    0.14650E+01
    0.36011E+00    0.39713E+03    0.39770E+03    0.14959E+01
    0.37108E+00    0.37537E+03    0.37521E+03    0.15257E+01
    0.38238E+00    0.35412E+03    0.35400E+03    0.15568E+01
    0.39402E+00    0.33247E+03    0.33251E+03    0.15933E+01
    0.40602E+00    0.31131E+03    0.31130E+03    0.16347E+01
    0.41839E+00    0.29196E+03    0.29197E+03    0.16765E+01
    0.43113E+00    0.27470E+03    0.27470E+03    0.17169E+01
    0.44426E+00    0.25843E+03    0.25843E+03    0.17594E+01
    0.45779E+00    0.24282E+03    0.24281E+03    0.18053E+01
    0.47173E+00    0.22790E+03    0.22790E+03    0.18545E+01
    0.48610E+00    0.21372E+03    0.21372E+03    0.19070E+01
    0.50090E+00    0.20030E+03    0.20029E+03    0.19627E+01
    0.51616E+00    0.18764E+03    0.18763E+03    0.20215E+01
    0.53188E+00    0.17574E+03    0.17574E+03    0.20834E+01
    0.54808E+00    0.16459E+03    0.16459E+03    0.21482E+01
    0.56477E+00    0.15416E+03    0.15416E+03    0.22159E+01
    0.58197E+00    0.14438E+03    0.14438E+03    0.22869E+01
    0.59969E+00    0.13521E+03    0.13521E+03    0.23612E+01
    0.61795E+00    0.12660E+03    0.12660E+03    0.24390E+01
    0.63677E+00    0.11852E+03    0.11852E+03    0.25207E+01
    0.65617E+00    0.11093E+03    0.11093E+03    0.26063E+01
    0.67615E+00    0.10379E+03    0.10379E+03    0.26963E+01
    0.69674E+00    0.97081E+02    0.97081E+02    0.27907E+01
    0.71796E+00    0.90780E+02    0.90780E+02    0.28898E+01
    0.73983E+00    0.84866E+02    0.84866E+02    0.29935E+01
    0.76236E+00    0.79317E+02    0.79317E+02    0.31022E+01
    0.78557E+00    0.74113E+02    0.74113E+02    0.32159E+01
