3.85662e-07 3.69276e-09
6.21017e-07 3.61928e-09
1e-06 3.54726e-09
1.61026e-06 3.47668e-09
2.59294e-06 3.4075e-09
4.17532e-06 3.3397e-09
6.72336e-06 3.27325e-09
1.08264e-05 3.20812e-09
1.74333e-05 3.14428e-09
2.80722e-05 3.08172e-09
4.52035e-05 3.0204e-09
7.27895e-05 2.9603e-09
0.00011721 2.9014e-09
0.000188739 2.84366e-09
0.00030392 2.78708e-09
0.00048939 2.73162e-09
0.000788046 2.67727e-09
0.00126896 2.624e-09
0.00204336 2.57179e-09
0.00329034 2.52061e-09
0.00529832 2.47046e-09
0.00853168 2.4213e-09
0.0137382 2.37312e-09
0.0221222 2.3259e-09
0.0356225 2.27962e-09
0.0573615 2.23426e-09
0.0923671 2.18981e-09
0.148735 2.14624e-09
0.239503 2.10353e-09
0.385662 2.06167e-09
0.621017 2.02065e-09
1 1.98044e-09
1.61026 1.94104e-09
2.59294 1.90242e-09
