3.85662e-07 3.35258e-09
6.21017e-07 3.29878e-09
1e-06 3.24584e-09
1.61026e-06 3.19375e-09
2.59294e-06 3.1425e-09
4.17532e-06 3.09207e-09
6.72336e-06 3.04245e-09
1.08264e-05 2.99363e-09
1.74333e-05 2.94559e-09
2.80722e-05 2.89832e-09
4.52035e-05 2.85181e-09
7.27895e-05 2.80605e-09
0.00011721 2.76102e-09
0.000188739 2.71671e-09
0.00030392 2.67311e-09
0.00048939 2.63022e-09
0.000788046 2.58801e-09
0.00126896 2.54648e-09
0.00204336 2.50561e-09
0.00329034 2.4654e-09
0.00529832 2.42584e-09
0.00853168 2.38691e-09
0.0137382 2.34861e-09
0.0221222 2.31092e-09
0.0356225 2.27384e-09
0.0573615 2.23735e-09
0.0923671 2.20144e-09
0.148735 2.16612e-09
0.239503 2.13136e-09
0.385662 2.09715e-09
0.621017 2.0635e-09
1 2.03039e-09
1.61026 1.9978e-09
2.59294 1.96574e-09
