3.85662e-07 3.28155e-09
6.21017e-07 3.22443e-09
1e-06 3.1683e-09
1.61026e-06 3.11315e-09
2.59294e-06 3.05896e-09
4.17532e-06 3.00571e-09
6.72336e-06 2.95339e-09
1.08264e-05 2.90198e-09
1.74333e-05 2.85146e-09
2.80722e-05 2.80183e-09
4.52035e-05 2.75305e-09
7.27895e-05 2.70513e-09
0.00011721 2.65804e-09
0.000188739 2.61177e-09
0.00030392 2.56631e-09
0.00048939 2.52164e-09
0.000788046 2.47774e-09
0.00126896 2.43461e-09
0.00204336 2.39223e-09
0.00329034 2.35059e-09
0.00529832 2.30967e-09
0.00853168 2.26947e-09
0.0137382 2.22996e-09
0.0221222 2.19114e-09
0.0356225 2.153e-09
0.0573615 2.11553e-09
0.0923671 2.0787e-09
0.148735 2.04252e-09
0.239503 2.00696e-09
0.385662 1.97203e-09
0.621017 1.9377e-09
1 1.90397e-09
1.61026 1.87083e-09
2.59294 1.83826e-09
