2.95122	0.00978367
2.9515	0.0097754
2.95178	0.0097712
2.95206	0.00977144
2.95233	0.00977648
2.95261	0.00979479
2.95289	0.00981201
2.95317	0.00983548
2.95345	0.00986568
2.95373	0.00990311
2.954	0.00994829
2.95428	0.0100018
2.95456	0.0100641
2.95484	0.0101358
2.95512	0.0102176
2.9554	0.0103101
2.95567	0.0104138
2.95595	0.0105399
2.95623	0.0106701
2.95651	0.0108141
2.95679	0.0109724
2.95707	0.0111459
2.95734	0.0113354
2.95762	0.0115417
2.9579	0.0117656
2.95818	0.0120079
2.95846	0.0122695
2.95874	0.0125512
2.95902	0.012854
2.95929	0.0131785
2.95957	0.0135383
2.95985	0.0139114
2.96013	0.0143094
2.96041	0.0147331
2.96069	0.0151834
2.96096	0.0156611
2.96124	0.0161673
2.96152	0.0167027
2.9618	0.0172681
2.96208	0.0178644
2.96236	0.0184924
2.96263	0.0191529
2.96291	0.0198535
2.96319	0.0205823
2.96347	0.0213457
2.96375	0.0221445
2.96403	0.0229791
2.9643	0.0238502
2.96458	0.0247581
2.96486	0.0257033
2.96514	0.026686
2.96542	0.0277065
2.9657	0.028765
2.96598	0.0298616
2.96625	0.0309962
2.96653	0.0321796
2.96681	0.0333919
2.96709	0.0346419
2.96737	0.0359293
2.96765	0.0372537
2.96792	0.0386145
2.9682	0.040011
2.96848	0.0414425
2.96876	0.0429081
2.96904	0.0444068
2.96932	0.0459375
2.96959	0.0474991
2.96987	0.0491247
2.97015	0.0507506
2.97043	0.0524044
2.97071	0.0540846
2.97099	0.0557898
2.97126	0.0575186
2.97154	0.0592693
2.97182	0.0610403
2.9721	0.0628302
2.97238	0.0646371
2.97266	0.0664595
2.97294	0.0682957
2.97321	0.0701441
2.97349	0.072042
2.97377	0.0739172
2.97405	0.0758011
2.97433	0.0776924
2.97461	0.07959
2.97488	0.0814926
2.97516	0.0833995
2.97544	0.0853097
2.97572	0.0872227
2.976	0.0891379
2.97628	0.0910604
2.97655	0.0929786
2.97683	0.0949288
2.97711	0.096857
2.97739	0.0987891
2.97767	0.100726
2.97795	0.102676
2.97822	0.104625
2.9785	0.106585
2.97878	0.108556
2.97906	0.110542
2.97934	0.112544
2.97962	0.114566
2.9799	0.116612
2.98017	0.118686
2.98045	0.120847
2.98073	0.122998
2.98101	0.125191
2.98129	0.127431
2.98157	0.129732
2.98184	0.132082
2.98212	0.134497
2.9824	0.136982
2.98268	0.139544
2.98296	0.142189
2.98324	0.144924
2.98351	0.147756
2.98379	0.150744
2.98407	0.153798
2.98435	0.156969
2.98463	0.160265
2.98491	0.163702
2.98518	0.167263
2.98546	0.170967
2.98574	0.174818
2.98602	0.178823
2.9863	0.182985
2.98658	0.187309
2.98686	0.191798
2.98713	0.196456
2.98741	0.201362
2.98769	0.206378
2.98797	0.211569
2.98825	0.216937
2.98853	0.222496
2.9888	0.228215
2.98908	0.234109
2.98936	0.240176
2.98964	0.246414
2.98992	0.252819
2.9902	0.259387
2.99047	0.266114
2.99075	0.273082
2.99103	0.280127
2.99131	0.287317
2.99159	0.294647
2.99187	0.302129
2.99214	0.309715
2.99242	0.317421
2.9927	0.325242
2.99298	0.333169
2.99326	0.341197
2.99354	0.34932
2.99382	0.35753
2.99409	0.365823
2.99437	0.374285
2.99465	0.382742
2.99493	0.391269
2.99521	0.39986
2.99549	0.408539
2.99576	0.417248
2.99604	0.426014
2.99632	0.434835
2.9966	0.443711
2.99688	0.452642
2.99716	0.461626
2.99743	0.470666
2.99771	0.479872
2.99799	0.489047
2.99827	0.498286
2.99855	0.507592
2.99883	0.517
2.9991	0.52645
2.99938	0.53598
2.99966	0.545596
2.99994	0.555303
3.00022	0.565107
3.0005	0.575012
3.00078	0.585025
3.00105	0.595151
3.00133	0.605516
3.00161	0.615906
3.00189	0.626429
3.00217	0.637091
3.00245	0.647933
3.00272	0.658881
3.003	0.669984
3.00328	0.681246
3.00356	0.69267
3.00384	0.70426
3.00412	0.716019
3.00439	0.72795
3.00467	0.740164
3.00495	0.752465
3.00523	0.764945
3.00551	0.777608
3.00579	0.790499
3.00606	0.803519
3.00634	0.816721
3.00662	0.830105
3.0069	0.84367
3.00718	0.857414
3.00746	0.871334
3.00774	0.885429
3.00801	0.899695
3.00829	0.914304
3.00857	0.928934
3.00885	0.94373
3.00913	0.958687
3.00941	0.973857
3.00968	0.989118
3.00996	1.00453
3.01024	1.02009
3.01052	1.03579
3.0108	1.05163
3.01108	1.06759
3.01135	1.08369
3.01163	1.1001
3.01191	1.11647
3.01219	1.13296
3.01247	1.14956
3.01275	1.16635
3.01302	1.18315
3.0133	1.20006
3.01358	1.21707
3.01386	1.23418
3.01414	1.25138
3.01442	1.26867
3.0147	1.28605
3.01497	1.30351
3.01525	1.3213
3.01553	1.33897
3.01581	1.35674
3.01609	1.37459
3.01637	1.39262
3.01664	1.41064
3.01692	1.42875
3.0172	1.44696
3.01748	1.46527
3.01776	1.48368
3.01804	1.5022
3.01831	1.52083
3.01859	1.53982
3.01887	1.55873
3.01915	1.57778
3.01943	1.59697
3.01971	1.61639
3.01998	1.63588
3.02026	1.65555
3.02054	1.6754
3.02082	1.69544
3.0211	1.7157
3.02138	1.73617
3.02166	1.75688
3.02193	1.77784
3.02221	1.79936
3.02249	1.82091
3.02277	1.84276
3.02305	1.86493
3.02333	1.88752
3.0236	1.91036
3.02388	1.93357
3.02416	1.95717
3.02444	1.98117
3.02472	2.00559
3.025	2.03044
3.02527	2.05575
3.02555	2.08179
3.02583	2.10809
3.02611	2.13489
3.02639	2.16221
3.02667	2.19017
3.02694	2.21853
3.02722	2.24744
3.0275	2.27691
3.02778	2.30694
3.02806	2.33755
3.02834	2.36872
3.02862	2.40048
3.02889	2.43281
3.02917	2.46605
3.02945	2.49959
3.02973	2.5337
3.03001	2.56839
3.03029	2.60376
3.03056	2.63955
3.03084	2.67589
3.03112	2.71276
3.0314	2.75015
3.03168	2.78806
3.03196	2.82645
3.03223	2.86532
3.03251	2.90495
3.03279	2.94477
3.03307	2.98501
3.03335	3.02565
3.03363	3.06684
3.0339	3.10821
3.03418	3.14993
3.03446	3.19197
3.03474	3.23431
3.03502	3.27693
3.0353	3.31981
3.03558	3.36294
3.03585	3.40628
3.03613	3.45017
3.03641	3.49394
3.03669	3.53789
3.03697	3.58199
3.03725	3.62639
3.03752	3.67071
3.0378	3.71515
3.03808	3.75968
3.03836	3.80429
3.03864	3.84896
3.03892	3.89369
3.03919	3.93847
3.03947	3.98364
3.03975	4.02854
3.04003	4.07347
3.04031	4.11842
3.04059	4.16359
3.04086	4.20854
3.04114	4.2535
3.04142	4.29846
3.0417	4.34343
3.04198	4.38841
3.04226	4.43338
3.04254	4.47835
3.04281	4.52332
3.04309	4.56866
3.04337	4.61369
3.04365	4.65873
3.04393	4.70377
3.04421	4.74904
3.04448	4.79408
3.04476	4.83913
3.04504	4.88421
3.04532	4.92931
3.0456	4.97444
3.04588	5.0196
3.04615	5.06479
3.04643	5.11036
3.04671	5.15569
3.04699	5.20107
3.04727	5.24651
3.04755	5.29226
3.04782	5.33779
3.0481	5.38339
3.04838	5.42908
3.04866	5.47486
3.04894	5.52072
3.04922	5.56669
3.0495	5.61275
3.04977	5.65891
3.05005	5.70553
3.05033	5.75198
3.05061	5.79856
3.05089	5.84527
3.05117	5.89237
3.05144	5.93932
3.05172	5.98642
3.052	6.03368
3.05228	6.08109
3.05256	6.12867
3.05284	6.17642
3.05311	6.22433
3.05339	6.27268
3.05367	6.32098
3.05395	6.36945
3.05423	6.4181
3.05451	6.46724
3.05478	6.5162
3.05506	6.56533
3.05534	6.61464
3.05562	6.66412
3.0559	6.71377
3.05618	6.76357
3.05646	6.81353
3.05673	6.86363
3.05701	6.91417
3.05729	6.96457
3.05757	7.01509
3.05785	7.06571
3.05813	7.1167
3.0584	7.16744
3.05868	7.21825
3.05896	7.2691
3.05924	7.31998
3.05952	7.37086
3.0598	7.42173
3.06007	7.47257
3.06035	7.52355
3.06063	7.57428
3.06091	7.62491
3.06119	7.67541
3.06147	7.72606
3.06174	7.77619
3.06202	7.82613
3.0623	7.87585
3.06258	7.92533
3.06286	7.97454
3.06314	8.02345
3.06342	8.07205
3.06369	8.12029
3.06397	8.16842
3.06425	8.21594
3.06453	8.26306
3.06481	8.30975
3.06509	8.35628
3.06536	8.402
3.06564	8.44725
3.06592	8.49199
3.0662	8.53623
3.06648	8.57993
3.06676	8.62309
3.06703	8.66569
3.06731	8.70795
3.06759	8.74945
3.06787	8.79037
3.06815	8.83072
3.06843	8.87078
3.0687	8.90989
3.06898	8.94842
3.06926	8.98637
3.06954	9.02373
3.06982	9.06051
3.0701	9.09672
3.07038	9.13235
3.07065	9.16741
3.07093	9.20207
3.07121	9.23605
3.07149	9.26949
3.07177	9.3024
3.07205	9.33507
3.07232	9.36693
3.0726	9.3983
3.07288	9.4292
3.07316	9.45965
3.07344	9.48965
3.07372	9.51923
3.07399	9.5484
3.07427	9.5773
3.07455	9.60571
3.07483	9.63377
3.07511	9.66148
3.07539	9.68916
3.07566	9.71619
3.07594	9.74293
3.07622	9.76941
3.0765	9.79563
3.07678	9.8216
3.07706	9.84736
3.07734	9.8729
3.07761	9.89824
3.07789	9.92334
3.07817	9.94832
3.07845	9.97314
3.07873	9.99782
3.07901	10.0226
3.07928	10.047
3.07956	10.0712
3.07984	10.0954
3.08012	10.1194
3.0804	10.1434
3.08068	10.1672
3.08095	10.191
3.08123	10.2146
3.08151	10.2382
3.08179	10.2617
3.08207	10.2851
3.08235	10.3087
3.08262	10.3318
3.0829	10.3548
3.08318	10.3777
3.08346	10.4005
3.08374	10.4231
3.08402	10.4455
3.0843	10.4677
3.08457	10.4897
3.08485	10.5113
3.08513	10.5328
3.08541	10.5539
3.08569	10.5747
3.08597	10.5953
3.08624	10.6153
3.08652	10.6348
3.0868	10.6539
3.08708	10.6724
3.08736	10.6904
3.08764	10.7077
3.08791	10.7244
3.08819	10.7402
3.08847	10.7554
3.08875	10.7698
3.08903	10.7834
3.08931	10.7962
3.08958	10.8079
3.08986	10.8186
3.09014	10.8283
3.09042	10.8369
3.0907	10.8445
3.09098	10.8509
3.09126	10.8561
3.09153	10.8601
3.09181	10.8626
3.09209	10.8641
3.09237	10.8643
3.09265	10.8631
3.09293	10.8608
3.0932	10.857
3.09348	10.8518
3.09376	10.8453
3.09404	10.8375
3.09432	10.8283
3.0946	10.8178
3.09487	10.806
3.09515	10.7926
3.09543	10.7782
3.09571	10.7625
3.09599	10.7456
3.09627	10.7276
3.09654	10.7084
3.09682	10.6881
3.0971	10.6667
3.09738	10.6443
3.09766	10.621
3.09794	10.5967
3.09822	10.5716
3.09849	10.5458
3.09877	10.5189
3.09905	10.4916
3.09933	10.4636
3.09961	10.4351
3.09989	10.4061
3.10016	10.3766
3.10044	10.3467
3.10072	10.3165
3.101	10.286
3.10128	10.2552
3.10156	10.2242
3.10183	10.193
3.10211	10.1615
3.10239	10.1301
3.10267	10.0987
3.10295	10.0672
3.10323	10.0357
3.1035	10.0042
3.10378	9.97277
3.10406	9.94137
3.10434	9.91003
3.10462	9.87875
3.1049	9.84754
3.10518	9.81639
3.10545	9.78531
3.10573	9.75401
3.10601	9.72298
3.10629	9.69198
3.10657	9.661
3.10685	9.62996
3.10712	9.59898
3.1074	9.56796
3.10768	9.5369
3.10796	9.50577
3.10824	9.47456
3.10852	9.44324
3.10879	9.4118
3.10907	9.37995
3.10935	9.34817
3.10963	9.31622
3.10991	9.28407
3.11019	9.25165
3.11046	9.21909
3.11074	9.1863
3.11102	9.15326
3.1113	9.11999
3.11158	9.08646
3.11186	9.05267
3.11214	9.01862
3.11241	8.98431
3.11269	8.94937
3.11297	8.91446
3.11325	8.87928
3.11353	8.84383
3.11381	8.80797
3.11408	8.77201
3.11436	8.73578
3.11464	8.69929
3.11492	8.66255
3.1152	8.62556
3.11548	8.58832
3.11575	8.55084
3.11603	8.51277
3.11631	8.47476
3.11659	8.43651
3.11687	8.39804
3.11715	8.35911
3.11742	8.32022
3.1177	8.2811
3.11798	8.24177
3.11826	8.20221
3.11854	8.16244
3.11882	8.12245
3.1191	8.08226
3.11937	8.04186
3.11965	8.00093
3.11993	7.96006
3.12021	7.91899
3.12049	7.87771
3.12077	7.83601
3.12104	7.79436
3.12132	7.75249
3.1216	7.71042
3.12188	7.66815
3.12216	7.62568
3.12244	7.58301
3.12271	7.54014
3.12299	7.49677
3.12327	7.45346
3.12355	7.40996
3.12383	7.36626
3.12411	7.32208
3.12438	7.27803
3.12466	7.23378
3.12494	7.18933
3.12522	7.14468
3.1255	7.09983
3.12578	7.05478
3.12606	7.00954
3.12633	6.9641
3.12661	6.91814
3.12689	6.87224
3.12717	6.82614
3.12745	6.77984
3.12773	6.73316
3.128	6.68646
3.12828	6.63955
3.12856	6.59242
3.12884	6.54509
3.12912	6.49754
3.1294	6.44979
3.12967	6.40184
3.12995	6.3534
3.13023	6.30501
3.13051	6.25642
3.13079	6.20765
3.13107	6.15843
3.13134	6.10936
3.13162	6.06012
3.1319	6.01074
3.13218	5.96123
3.13246	5.91161
3.13274	5.86191
3.13302	5.81213
3.13329	5.76231
3.13357	5.71216
3.13385	5.66227
3.13413	5.61241
3.13441	5.56259
3.13469	5.51258
3.13496	5.463
3.13524	5.41355
3.13552	5.36427
3.1358	5.31518
3.13608	5.26633
3.13636	5.21773
3.13663	5.16942
3.13691	5.12117
3.13719	5.07348
3.13747	5.02616
3.13775	4.97923
3.13803	4.93244
3.1383	4.88641
3.13858	4.84083
3.13886	4.79571
3.13914	4.75109
3.13942	4.70696
3.1397	4.66335
3.13998	4.62025
3.14025	4.57768
3.14053	4.53538
3.14081	4.49383
3.14109	4.45279
3.14137	4.41227
3.14165	4.37199
3.14192	4.33252
3.1422	4.29354
3.14248	4.25502
3.14276	4.21696
3.14304	4.17935
3.14332	4.14215
3.14359	4.10536
3.14387	4.06873
3.14415	4.03264
3.14443	3.9969
3.14471	3.96146
3.14499	3.92603
3.14526	3.8912
3.14554	3.85661
3.14582	3.82223
3.1461	3.78805
3.14638	3.75404
3.14666	3.72019
3.14694	3.68647
3.14721	3.65287
3.14749	3.61913
3.14777	3.58566
3.14805	3.55226
3.14833	3.5189
3.14861	3.4853
3.14888	3.45204
3.14916	3.41878
3.14944	3.38552
3.14972	3.35225
3.15	3.31895
3.15028	3.28563
3.15055	3.25229
3.15083	3.21874
3.15111	3.18531
3.15139	3.15184
3.15167	3.11834
3.15195	3.08457
3.15222	3.05105
3.1525	3.0175
3.15278	2.98393
3.15306	2.95035
3.15334	2.91676
3.15362	2.88316
3.1539	2.84957
3.15417	2.81601
3.15445	2.78229
3.15473	2.74876
3.15501	2.71527
3.15529	2.68184
3.15557	2.64821
3.15584	2.61496
3.15612	2.58179
3.1564	2.54872
3.15668	2.51575
3.15696	2.48291
3.15724	2.45019
3.15751	2.41761
3.15779	2.38504
3.15807	2.35275
3.15835	2.32064
3.15863	2.2887
3.15891	2.2567
3.15918	2.22519
3.15946	2.19389
3.15974	2.1628
3.16002	2.13192
3.1603	2.10128
3.16058	2.07086
3.16086	2.0407
3.16113	2.01077
3.16141	1.98097
3.16169	1.95155
3.16197	1.92238
3.16225	1.89349
3.16253	1.86467
3.1628	1.83636
3.16308	1.80832
3.16336	1.78056
3.16364	1.75309
3.16392	1.72591
3.1642	1.69902
3.16447	1.67243
3.16475	1.64605
3.16503	1.62006
3.16531	1.59437
3.16559	1.569
3.16587	1.54376
3.16614	1.51905
3.16642	1.49466
3.1667	1.4706
3.16698	1.44686
3.16726	1.42345
3.16754	1.40038
3.16782	1.37765
3.16809	1.35526
3.16837	1.33313
3.16865	1.31142
3.16893	1.29006
3.16921	1.26904
3.16949	1.24819
3.16976	1.22791
3.17004	1.20798
3.17032	1.1884
3.1706	1.16917
3.17088	1.15028
3.17116	1.13174
3.17143	1.11355
3.17171	1.09561
3.17199	1.07808
3.17227	1.06088
3.17255	1.044
3.17283	1.02725
3.1731	1.01103
3.17338	0.995114
3.17366	0.979488
3.17394	0.96415
3.17422	0.949091
3.1745	0.934302
3.17478	0.919777
3.17505	0.905505
3.17533	0.891414
3.17561	0.877613
3.17589	0.864039
3.17617	0.850681
3.17645	0.837379
3.17672	0.824456
3.177	0.811722
3.17728	0.799168
3.17756	0.78679
3.17784	0.774579
3.17812	0.762531
3.17839	0.750639
3.17867	0.738847
3.17895	0.727244
3.17923	0.715783
3.17951	0.704459
3.17979	0.693115
3.18006	0.682082
3.18034	0.671174
3.18062	0.66039
3.1809	0.64973
3.18118	0.639192
3.18146	0.628776
3.18174	0.618482
3.18201	0.60831
3.18229	0.598209
3.18257	0.588273
3.18285	0.578458
3.18313	0.568765
3.18341	0.559085
3.18368	0.549653
3.18396	0.54034
3.18424	0.531147
3.18452	0.522073
3.1848	0.513119
3.18508	0.504284
3.18535	0.495568
3.18563	0.486936
3.18591	0.478448
3.18619	0.470075
3.18647	0.461815
3.18675	0.453568
3.18702	0.445543
3.1873	0.437623
3.18758	0.429805
3.18786	0.422087
3.18814	0.414467
3.18842	0.406941
3.1887	0.399508
3.18897	0.392165
3.18925	0.384884
3.18953	0.377708
3.18981	0.370614
3.19009	0.363599
3.19037	0.356577
3.19064	0.349726
3.19092	0.342945
3.1912	0.336232
3.19148	0.329586
3.19176	0.323006
3.19204	0.31649
3.19231	0.310038
3.19259	0.303627
3.19287	0.297297
3.19315	0.291028
3.19343	0.28482
3.19371	0.278606
3.19398	0.272532
3.19426	0.26652
3.19454	0.260569
3.19482	0.254681
3.1951	0.248857
3.19538	0.243099
3.19566	0.237407
3.19593	0.231783
3.19621	0.22621
3.19649	0.220725
3.19677	0.215312
3.19705	0.209974
3.19733	0.204674
3.1976	0.199497
3.19788	0.1944
3.19816	0.189383
3.19844	0.18445
3.19872	0.179601
3.199	0.174839
3.19927	0.170166
3.19955	0.165571
3.19983	0.161078
3.20011	0.156679
3.20039	0.152375
3.20067	0.14811
3.20094	0.144009
3.20122	0.140006
3.2015	0.136101
3.20178	0.132297
3.20206	0.128594
3.20234	0.124993
3.20262	0.121495
3.20289	0.1181
3.20317	0.1148
3.20345	0.111612
3.20373	0.108528
3.20401	0.105548
3.20429	0.10263
3.20456	0.0998628
3.20484	0.09719
3.20512	0.0946233
3.2054	0.0921558
3.20568	0.089786
3.20596	0.0875124
3.20623	0.0853331
3.20651	0.0832461
3.20679	0.081249
3.20707	0.0793393
3.20735	0.0775142
3.20763	0.0757393
3.2079	0.0740793
3.20818	0.0724936
3.20846	0.0709787
3.20874	0.0695309
3.20902	0.0681466
3.2093	0.0668219
3.20958	0.0655526
3.20985	0.0643348
3.21013	0.0631644
3.21041	0.0620371
3.21069	0.0609489
3.21097	0.0598956
3.21125	0.0588506
3.21152	0.0578589
3.2118	0.0568897
3.21208	0.0559394
3.21236	0.0550047
3.21264	0.0540821
3.21292	0.0531686
3.21319	0.0522615
3.21347	0.051358
3.21375	0.0504559
3.21403	0.0495532
3.21431	0.0486479
3.21459	0.0477133
3.21486	0.0468031
3.21514	0.0458862
3.21542	0.0449622
3.2157	0.0440307
3.21598	0.0430918
3.21626	0.0421459
3.21654	0.0411934
3.21681	0.0402352
3.21709	0.0392722
3.21737	0.0383057
3.21765	0.0373369
3.21793	0.0363675
3.21821	0.0353822
3.21848	0.0344191
3.21876	0.0334601
3.21904	0.0325071
3.21932	0.0315621
3.2196	0.0306269
3.21988	0.0297036
3.22015	0.028794
3.22043	0.0278999
3.22071	0.027023
3.22099	0.026165
3.22127	0.0253273
3.22155	0.0245008
3.22182	0.0237094
3.2221	0.0229418
3.22238	0.0221991
3.22266	0.021482
3.22294	0.0207913
3.22322	0.0201274
3.2235	0.0194907
3.22377	0.0188816
3.22405	0.0183
3.22433	0.017746
3.22461	0.0172194
3.22489	0.0167199
3.22517	0.016238
3.22544	0.0157931
3.22572	0.0153736
3.226	0.0149791
3.22628	0.0146089
3.22656	0.0142623
3.22684	0.0139385
3.22711	0.0136367
3.22739	0.013356
3.22767	0.0130956
3.22795	0.0128546
3.22823	0.0126322
3.22851	0.0124196
3.22878	0.0122327
3.22906	0.0120616
3.22934	0.0119053
3.22962	0.0117631
