9.54919e-07 3.24834e-09
9.772e-07 3.24551e-09
1e-06 3.2427e-09
1.02333e-06 3.23988e-09
1.04721e-06 3.23707e-09
1.07164e-06 3.23426e-09
1.09665e-06 3.23145e-09
1.12223e-06 3.22864e-09
1.14842e-06 3.22584e-09
1.17521e-06 3.22303e-09
1.20263e-06 3.22024e-09
1.23069e-06 3.21744e-09
1.25941e-06 3.21464e-09
1.28879e-06 3.21185e-09
1.31886e-06 3.20906e-09
1.34964e-06 3.20628e-09
1.38113e-06 3.20349e-09
1.41335e-06 3.20071e-09
1.44633e-06 3.19793e-09
1.48008e-06 3.19515e-09
1.51461e-06 3.19238e-09
1.54995e-06 3.18961e-09
1.58611e-06 3.18684e-09
1.62312e-06 3.18407e-09
1.66099e-06 3.1813e-09
1.69975e-06 3.17854e-09
1.7394e-06 3.17578e-09
1.77999e-06 3.17302e-09
1.82152e-06 3.17027e-09
1.86402e-06 3.16751e-09
1.90751e-06 3.16476e-09
1.95202e-06 3.16201e-09
1.99756e-06 3.15927e-09
2.04417e-06 3.15652e-09
2.09187e-06 3.15378e-09
2.14068e-06 3.15104e-09
2.19062e-06 3.14831e-09
2.24174e-06 3.14557e-09
2.29404e-06 3.14284e-09
2.34757e-06 3.14011e-09
2.40234e-06 3.13739e-09
2.45839e-06 3.13466e-09
2.51575e-06 3.13194e-09
2.57445e-06 3.12922e-09
2.63452e-06 3.1265e-09
2.69599e-06 3.12379e-09
2.75889e-06 3.12107e-09
2.82326e-06 3.11836e-09
2.88914e-06 3.11566e-09
2.95655e-06 3.11295e-09
3.02553e-06 3.11025e-09
3.09612e-06 3.10754e-09
3.16836e-06 3.10485e-09
3.24229e-06 3.10215e-09
3.31794e-06 3.09946e-09
3.39535e-06 3.09676e-09
3.47457e-06 3.09407e-09
3.55564e-06 3.09139e-09
3.6386e-06 3.0887e-09
3.7235e-06 3.08602e-09
3.81038e-06 3.08334e-09
3.89928e-06 3.08066e-09
3.99026e-06 3.07799e-09
4.08337e-06 3.07531e-09
4.17864e-06 3.07264e-09
4.27614e-06 3.06998e-09
4.37591e-06 3.06731e-09
4.47801e-06 3.06465e-09
4.58249e-06 3.06198e-09
4.68941e-06 3.05932e-09
4.79883e-06 3.05667e-09
4.9108e-06 3.05401e-09
5.02538e-06 3.05136e-09
5.14263e-06 3.04871e-09
5.26262e-06 3.04606e-09
5.38541e-06 3.04342e-09
5.51106e-06 3.04078e-09
5.63965e-06 3.03813e-09
5.77124e-06 3.0355e-09
5.90589e-06 3.03286e-09
6.04369e-06 3.03023e-09
6.1847e-06 3.02759e-09
6.32901e-06 3.02497e-09
6.47668e-06 3.02234e-09
6.62779e-06 3.01971e-09
6.78244e-06 3.01709e-09
6.94069e-06 3.01447e-09
7.10263e-06 3.01185e-09
7.26835e-06 3.00924e-09
7.43794e-06 3.00662e-09
7.61148e-06 3.00401e-09
7.78907e-06 3.0014e-09
7.97081e-06 2.9988e-09
8.15679e-06 2.99619e-09
8.34711e-06 2.99359e-09
8.54186e-06 2.99099e-09
8.74116e-06 2.98839e-09
8.94512e-06 2.9858e-09
9.15383e-06 2.98321e-09
9.36741e-06 2.98062e-09
9.58597e-06 2.97803e-09
9.80963e-06 2.97544e-09
1.00385e-05 2.97286e-09
1.02727e-05 2.97027e-09
1.05124e-05 2.9677e-09
1.07577e-05 2.96512e-09
1.10087e-05 2.96254e-09
1.12656e-05 2.95997e-09
1.15284e-05 2.9574e-09
1.17974e-05 2.95483e-09
1.20727e-05 2.95227e-09
1.23543e-05 2.9497e-09
1.26426e-05 2.94714e-09
1.29376e-05 2.94458e-09
1.32394e-05 2.94202e-09
1.35484e-05 2.93947e-09
1.38645e-05 2.93692e-09
1.4188e-05 2.93436e-09
1.4519e-05 2.93182e-09
1.48578e-05 2.92927e-09
1.52044e-05 2.92673e-09
1.55592e-05 2.92418e-09
1.59222e-05 2.92165e-09
1.62937e-05 2.91911e-09
1.66739e-05 2.91657e-09
1.70629e-05 2.91404e-09
1.7461e-05 2.91151e-09
1.78684e-05 2.90898e-09
1.82854e-05 2.90645e-09
1.8712e-05 2.90393e-09
1.91486e-05 2.90141e-09
1.95954e-05 2.89889e-09
2.00526e-05 2.89637e-09
2.05205e-05 2.89386e-09
2.09992e-05 2.89134e-09
2.14892e-05 2.88883e-09
2.19906e-05 2.88632e-09
2.25037e-05 2.88382e-09
2.30288e-05 2.88131e-09
2.35661e-05 2.87881e-09
2.41159e-05 2.87631e-09
2.46786e-05 2.87381e-09
2.52544e-05 2.87132e-09
2.58437e-05 2.86882e-09
2.64466e-05 2.86633e-09
2.70637e-05 2.86384e-09
2.76952e-05 2.86135e-09
2.83414e-05 2.85887e-09
2.90026e-05 2.85639e-09
2.96793e-05 2.85391e-09
3.03718e-05 2.85143e-09
3.10805e-05 2.84895e-09
3.18056e-05 2.84648e-09
3.25477e-05 2.84401e-09
3.33072e-05 2.84154e-09
3.40843e-05 2.83907e-09
3.48796e-05 2.8366e-09
3.56934e-05 2.83414e-09
3.65262e-05 2.83168e-09
3.73784e-05 2.82922e-09
3.82506e-05 2.82676e-09
3.9143e-05 2.82431e-09
4.00563e-05 2.82185e-09
4.09909e-05 2.8194e-09
4.19473e-05 2.81696e-09
4.29261e-05 2.81451e-09
4.39276e-05 2.81206e-09
4.49526e-05 2.80962e-09
4.60014e-05 2.80718e-09
4.70747e-05 2.80474e-09
4.81731e-05 2.80231e-09
4.92971e-05 2.79988e-09
5.04473e-05 2.79744e-09
5.16244e-05 2.79501e-09
5.28289e-05 2.79259e-09
5.40615e-05 2.79016e-09
5.53229e-05 2.78774e-09
5.66137e-05 2.78532e-09
5.79346e-05 2.7829e-09
5.92864e-05 2.78048e-09
6.06697e-05 2.77807e-09
6.20852e-05 2.77565e-09
6.35338e-05 2.77324e-09
6.50162e-05 2.77084e-09
6.65332e-05 2.76843e-09
6.80856e-05 2.76603e-09
6.96742e-05 2.76362e-09
7.12998e-05 2.76122e-09
7.29634e-05 2.75883e-09
7.46658e-05 2.75643e-09
7.6408e-05 2.75404e-09
7.81907e-05 2.75164e-09
8.00151e-05 2.74925e-09
8.1882e-05 2.74687e-09
8.37925e-05 2.74448e-09
8.57476e-05 2.7421e-09
8.77483e-05 2.73972e-09
8.97957e-05 2.73734e-09
9.18908e-05 2.73496e-09
9.40348e-05 2.73258e-09
9.62289e-05 2.73021e-09
9.84741e-05 2.72784e-09
0.000100772 2.72547e-09
0.000103123 2.7231e-09
0.000105529 2.72074e-09
0.000107991 2.71838e-09
0.000110511 2.71602e-09
0.00011309 2.71366e-09
0.000115728 2.7113e-09
0.000118428 2.70895e-09
0.000121192 2.70659e-09
0.000124019 2.70424e-09
0.000126913 2.70189e-09
0.000129874 2.69955e-09
0.000132904 2.6972e-09
0.000136005 2.69486e-09
0.000139179 2.69252e-09
0.000142426 2.69018e-09
0.000145749 2.68785e-09
0.00014915 2.68551e-09
0.00015263 2.68318e-09
0.000156191 2.68085e-09
0.000159835 2.67852e-09
0.000163565 2.6762e-09
0.000167381 2.67387e-09
0.000171286 2.67155e-09
0.000175283 2.66923e-09
0.000179373 2.66691e-09
0.000183558 2.6646e-09
0.000187841 2.66228e-09
0.000192223 2.65997e-09
0.000196708 2.65766e-09
0.000201298 2.65535e-09
0.000205995 2.65305e-09
0.000210801 2.65074e-09
0.00021572 2.64844e-09
0.000220753 2.64614e-09
0.000225904 2.64384e-09
0.000231174 2.64154e-09
0.000236568 2.63925e-09
0.000242088 2.63696e-09
0.000247736 2.63467e-09
0.000253517 2.63238e-09
0.000259432 2.63009e-09
0.000265485 2.62781e-09
0.000271679 2.62553e-09
0.000278018 2.62325e-09
0.000284505 2.62097e-09
0.000291143 2.61869e-09
0.000297936 2.61642e-09
0.000304888 2.61415e-09
0.000312002 2.61188e-09
0.000319281 2.60961e-09
0.000326731 2.60734e-09
0.000334354 2.60508e-09
0.000342156 2.60282e-09
0.000350139 2.60056e-09
0.000358308 2.5983e-09
0.000366669 2.59604e-09
0.000375224 2.59379e-09
0.000383979 2.59153e-09
0.000392938 2.58928e-09
0.000402106 2.58703e-09
0.000411488 2.58479e-09
0.000421089 2.58254e-09
0.000430914 2.5803e-09
0.000440968 2.57806e-09
0.000451257 2.57582e-09
0.000461786 2.57358e-09
0.000472561 2.57135e-09
0.000483586 2.56912e-09
0.00049487 2.56688e-09
0.000506416 2.56466e-09
0.000518232 2.56243e-09
0.000530324 2.5602e-09
0.000542697 2.55798e-09
0.00055536 2.55576e-09
0.000568317 2.55354e-09
0.000581578 2.55132e-09
0.000595147 2.54911e-09
0.000609033 2.54689e-09
0.000623244 2.54468e-09
0.000637785 2.54247e-09
0.000652666 2.54026e-09
0.000667894 2.53806e-09
0.000683478 2.53585e-09
0.000699425 2.53365e-09
0.000715744 2.53145e-09
0.000732444 2.52925e-09
0.000749534 2.52705e-09
0.000767022 2.52486e-09
0.000784919 2.52267e-09
0.000803233 2.52048e-09
0.000821974 2.51829e-09
0.000841153 2.5161e-09
0.000860779 2.51392e-09
0.000880863 2.51173e-09
0.000901415 2.50955e-09
0.000922447 2.50737e-09
0.00094397 2.50519e-09
0.000965995 2.50302e-09
0.000988534 2.50084e-09
0.0010116 2.49867e-09
0.0010352 2.4965e-09
0.00105936 2.49433e-09
0.00108407 2.49217e-09
0.00110937 2.49e-09
0.00113525 2.48784e-09
0.00116174 2.48568e-09
0.00118884 2.48352e-09
0.00121658 2.48137e-09
0.00124497 2.47921e-09
0.00127402 2.47706e-09
0.00130374 2.47491e-09
0.00133416 2.47276e-09
0.00136529 2.47061e-09
0.00139715 2.46846e-09
0.00142975 2.46632e-09
0.0014631 2.46418e-09
0.00149724 2.46204e-09
0.00153218 2.4599e-09
0.00156793 2.45776e-09
0.00160451 2.45563e-09
0.00164195 2.4535e-09
0.00168026 2.45137e-09
0.00171946 2.44924e-09
0.00175958 2.44711e-09
0.00180064 2.44499e-09
0.00184265 2.44286e-09
0.00188564 2.44074e-09
0.00192964 2.43862e-09
0.00197466 2.4365e-09
0.00202073 2.43439e-09
0.00206788 2.43227e-09
0.00211613 2.43016e-09
0.00216551 2.42805e-09
0.00221603 2.42594e-09
0.00226774 2.42383e-09
0.00232065 2.42173e-09
0.00237479 2.41963e-09
0.0024302 2.41753e-09
0.00248691 2.41543e-09
0.00254493 2.41333e-09
0.00260431 2.41123e-09
0.00266508 2.40914e-09
0.00272726 2.40705e-09
0.00279089 2.40496e-09
0.00285601 2.40287e-09
0.00292265 2.40078e-09
0.00299084 2.3987e-09
0.00306062 2.39661e-09
0.00313203 2.39453e-09
0.00320511 2.39245e-09
0.00327989 2.39037e-09
0.00335642 2.3883e-09
0.00343473 2.38622e-09
0.00351487 2.38415e-09
0.00359688 2.38208e-09
0.00368081 2.38001e-09
0.00376669 2.37795e-09
0.00385458 2.37588e-09
0.00394451 2.37382e-09
0.00403655 2.37176e-09
0.00413073 2.3697e-09
0.00422711 2.36764e-09
0.00432574 2.36558e-09
0.00442667 2.36353e-09
0.00452995 2.36147e-09
0.00463565 2.35942e-09
0.00474381 2.35738e-09
0.00485449 2.35533e-09
0.00496776 2.35328e-09
0.00508367 2.35124e-09
0.00520228 2.3492e-09
0.00532366 2.34716e-09
0.00544787 2.34512e-09
0.00557499 2.34308e-09
0.00570506 2.34105e-09
0.00583818 2.33901e-09
0.00597439 2.33698e-09
0.00611379 2.33495e-09
0.00625644 2.33293e-09
0.00640242 2.3309e-09
0.0065518 2.32887e-09
0.00670467 2.32685e-09
0.0068611 2.32483e-09
0.00702119 2.32281e-09
0.00718501 2.3208e-09
0.00735265 2.31878e-09
0.00752421 2.31677e-09
0.00769976 2.31475e-09
0.00787942 2.31274e-09
0.00806326 2.31074e-09
0.0082514 2.30873e-09
0.00844392 2.30672e-09
0.00864094 2.30472e-09
0.00884255 2.30272e-09
0.00904887 2.30072e-09
0.00926 2.29872e-09
0.00947606 2.29673e-09
0.00969716 2.29473e-09
0.00992341 2.29274e-09
0.010155 2.29075e-09
0.0103919 2.28876e-09
0.0106344 2.28677e-09
0.0108825 2.28478e-09
0.0111364 2.2828e-09
0.0113962 2.28082e-09
0.0116621 2.27884e-09
0.0119342 2.27686e-09
0.0122127 2.27488e-09
0.0124976 2.2729e-09
0.0127892 2.27093e-09
0.0130876 2.26896e-09
0.013393 2.26699e-09
0.0137055 2.26502e-09
0.0140253 2.26305e-09
0.0143525 2.26109e-09
0.0146874 2.25912e-09
0.0150301 2.25716e-09
0.0153808 2.2552e-09
0.0157396 2.25324e-09
0.0161069 2.25129e-09
0.0164827 2.24933e-09
0.0168673 2.24738e-09
0.0172608 2.24543e-09
0.0176636 2.24348e-09
0.0180757 2.24153e-09
0.0184974 2.23958e-09
0.018929 2.23764e-09
0.0193707 2.23569e-09
0.0198227 2.23375e-09
0.0202852 2.23181e-09
0.0207585 2.22987e-09
0.0212428 2.22794e-09
0.0217385 2.226e-09
0.0222457 2.22407e-09
0.0227647 2.22214e-09
0.0232959 2.22021e-09
0.0238394 2.21828e-09
0.0243956 2.21635e-09
0.0249648 2.21443e-09
0.0255473 2.2125e-09
0.0261434 2.21058e-09
0.0267534 2.20866e-09
0.0273776 2.20674e-09
0.0280164 2.20483e-09
0.0286701 2.20291e-09
0.029339 2.201e-09
0.0300236 2.19909e-09
0.0307241 2.19718e-09
0.031441 2.19527e-09
0.0321746 2.19336e-09
0.0329253 2.19146e-09
0.0336935 2.18956e-09
0.0344796 2.18766e-09
0.0352841 2.18576e-09
0.0361074 2.18386e-09
0.0369499 2.18196e-09
0.037812 2.18007e-09
0.0386942 2.17817e-09
0.039597 2.17628e-09
0.0405209 2.17439e-09
0.0414664 2.1725e-09
0.0424339 2.17062e-09
0.043424 2.16873e-09
0.0444372 2.16685e-09
0.045474 2.16497e-09
0.046535 2.16309e-09
0.0476208 2.16121e-09
0.0487319 2.15933e-09
0.0498689 2.15746e-09
0.0510324 2.15558e-09
0.0522232 2.15371e-09
0.0534416 2.15184e-09
0.0546886 2.14997e-09
0.0559646 2.1481e-09
0.0572704 2.14624e-09
0.0586066 2.14437e-09
0.059974 2.14251e-09
0.0613734 2.14065e-09
0.0628054 2.13879e-09
0.0642707 2.13693e-09
0.0657703 2.13508e-09
0.0673049 2.13322e-09
0.0688753 2.13137e-09
0.0704823 2.12952e-09
0.0721268 2.12767e-09
0.0738097 2.12582e-09
0.0755319 2.12398e-09
0.0772942 2.12213e-09
0.0790977 2.12029e-09
0.0809432 2.11845e-09
0.0828318 2.11661e-09
0.0847644 2.11477e-09
0.0867422 2.11293e-09
0.0887661 2.1111e-09
0.0908372 2.10927e-09
0.0929567 2.10743e-09
0.0951255 2.1056e-09
0.097345 2.10378e-09
0.0996163 2.10195e-09
0.101941 2.10012e-09
0.104319 2.0983e-09
0.106753 2.09648e-09
0.109244 2.09466e-09
0.111793 2.09284e-09
0.114401 2.09102e-09
0.11707 2.0892e-09
0.119802 2.08739e-09
0.122597 2.08558e-09
0.125458 2.08377e-09
0.128385 2.08196e-09
0.13138 2.08015e-09
0.134446 2.07834e-09
0.137583 2.07654e-09
0.140793 2.07473e-09
0.144078 2.07293e-09
0.14744 2.07113e-09
0.15088 2.06933e-09
0.1544 2.06754e-09
0.158003 2.06574e-09
0.161689 2.06395e-09
0.165462 2.06215e-09
0.169322 2.06036e-09
0.173273 2.05857e-09
0.177316 2.05679e-09
0.181453 2.055e-09
0.185687 2.05321e-09
0.190019 2.05143e-09
0.194453 2.04965e-09
0.19899 2.04787e-09
0.203633 2.04609e-09
0.208384 2.04431e-09
0.213246 2.04254e-09
0.218222 2.04077e-09
0.223313 2.03899e-09
0.228524 2.03722e-09
0.233856 2.03545e-09
0.239312 2.03369e-09
0.244896 2.03192e-09
0.25061 2.03015e-09
0.256457 2.02839e-09
0.262441 2.02663e-09
0.268564 2.02487e-09
0.274831 2.02311e-09
0.281243 2.02135e-09
0.287805 2.0196e-09
0.29452 2.01785e-09
0.301392 2.01609e-09
0.308424 2.01434e-09
0.315621 2.01259e-09
0.322985 2.01084e-09
0.330521 2.0091e-09
0.338233 2.00735e-09
0.346124 2.00561e-09
0.3542 2.00387e-09
0.362464 2.00213e-09
0.370922 2.00039e-09
0.379576 1.99865e-09
0.388432 1.99692e-09
0.397496 1.99518e-09
0.40677 1.99345e-09
0.416261 1.99172e-09
0.425973 1.98999e-09
0.435912 1.98826e-09
0.446083 1.98653e-09
0.456491 1.98481e-09
0.467142 1.98309e-09
0.478042 1.98136e-09
0.489196 1.97964e-09
0.50061 1.97792e-09
0.51229 1.97621e-09
0.524243 1.97449e-09
0.536475 1.97277e-09
0.548992 1.97106e-09
0.561801 1.96935e-09
0.574909 1.96764e-09
0.588323 1.96593e-09
0.60205 1.96422e-09
0.616097 1.96252e-09
0.630472 1.96081e-09
0.645183 1.95911e-09
0.660236 1.95741e-09
0.675641 1.95571e-09
0.691406 1.95401e-09
0.707538 1.95231e-09
0.724046 1.95062e-09
0.74094 1.94892e-09
0.758228 1.94723e-09
0.775919 1.94554e-09
0.794023 1.94385e-09
0.812549 1.94216e-09
0.831508 1.94048e-09
0.850909 1.93879e-09
0.870763 1.93711e-09
0.89108 1.93543e-09
0.911871 1.93374e-09
0.933147 1.93206e-09
0.954919 1.93039e-09
0.9772 1.92871e-09
1 1.92704e-09
1.02333 1.92536e-09
1.04721 1.92369e-09
