6.82808e-06 6.23719e-09
6.98735e-06 6.23326e-09
7.15033e-06 6.22934e-09
7.31711e-06 6.22543e-09
7.48778e-06 6.22151e-09
7.66244e-06 6.2176e-09
7.84116e-06 6.21369e-09
8.02406e-06 6.20978e-09
8.21122e-06 6.20587e-09
8.40275e-06 6.20197e-09
8.59875e-06 6.19807e-09
8.79931e-06 6.19417e-09
9.00456e-06 6.19028e-09
9.21459e-06 6.18638e-09
9.42952e-06 6.18249e-09
9.64947e-06 6.1786e-09
9.87454e-06 6.17472e-09
1.01049e-05 6.17083e-09
1.03406e-05 6.16695e-09
1.05818e-05 6.16307e-09
1.08286e-05 6.1592e-09
1.10812e-05 6.15532e-09
1.13396e-05 6.15145e-09
1.16041e-05 6.14758e-09
1.18748e-05 6.14372e-09
1.21518e-05 6.13985e-09
1.24352e-05 6.13599e-09
1.27253e-05 6.13213e-09
1.30221e-05 6.12828e-09
1.33258e-05 6.12442e-09
1.36367e-05 6.12057e-09
1.39547e-05 6.11672e-09
1.42802e-05 6.11287e-09
1.46133e-05 6.10903e-09
1.49542e-05 6.10519e-09
1.5303e-05 6.10135e-09
1.56599e-05 6.09751e-09
1.60252e-05 6.09368e-09
1.6399e-05 6.08984e-09
1.67815e-05 6.08601e-09
1.71729e-05 6.08218e-09
1.75735e-05 6.07836e-09
1.79834e-05 6.07454e-09
1.84029e-05 6.07072e-09
1.88321e-05 6.0669e-09
1.92714e-05 6.06308e-09
1.97209e-05 6.05927e-09
2.01809e-05 6.05546e-09
2.06516e-05 6.05165e-09
2.11333e-05 6.04784e-09
2.16262e-05 6.04404e-09
2.21307e-05 6.04024e-09
2.26469e-05 6.03644e-09
2.31751e-05 6.03264e-09
2.37157e-05 6.02885e-09
2.42689e-05 6.02506e-09
2.48349e-05 6.02127e-09
2.54142e-05 6.01748e-09
2.6007e-05 6.0137e-09
2.66136e-05 6.00991e-09
2.72344e-05 6.00613e-09
2.78696e-05 6.00236e-09
2.85197e-05 5.99858e-09
2.91849e-05 5.99481e-09
2.98657e-05 5.99104e-09
3.05623e-05 5.98727e-09
3.12752e-05 5.98351e-09
3.20047e-05 5.97974e-09
3.27512e-05 5.97598e-09
3.35151e-05 5.97222e-09
3.42968e-05 5.96847e-09
3.50968e-05 5.96471e-09
3.59155e-05 5.96096e-09
3.67532e-05 5.95721e-09
3.76105e-05 5.95347e-09
3.84877e-05 5.94972e-09
3.93855e-05 5.94598e-09
4.03041e-05 5.94224e-09
4.12442e-05 5.9385e-09
4.22063e-05 5.93477e-09
4.31907e-05 5.93104e-09
4.41982e-05 5.9273e-09
4.52291e-05 5.92358e-09
4.62841e-05 5.91985e-09
4.73636e-05 5.91613e-09
4.84684e-05 5.91241e-09
4.95989e-05 5.90869e-09
5.07558e-05 5.90497e-09
5.19397e-05 5.90126e-09
5.31512e-05 5.89755e-09
5.4391e-05 5.89384e-09
5.56597e-05 5.89013e-09
5.69579e-05 5.88643e-09
5.82865e-05 5.88272e-09
5.9646e-05 5.87903e-09
6.10373e-05 5.87533e-09
6.2461e-05 5.87163e-09
6.39179e-05 5.86794e-09
6.54088e-05 5.86425e-09
6.69345e-05 5.86056e-09
6.84957e-05 5.85687e-09
7.00934e-05 5.85319e-09
7.17283e-05 5.84951e-09
7.34014e-05 5.84583e-09
7.51135e-05 5.84215e-09
7.68656e-05 5.83848e-09
7.86585e-05 5.83481e-09
8.04932e-05 5.83114e-09
8.23707e-05 5.82747e-09
8.4292e-05 5.82381e-09
8.62581e-05 5.82014e-09
8.82701e-05 5.81648e-09
9.0329e-05 5.81282e-09
9.2436e-05 5.80917e-09
9.4592e-05 5.80551e-09
9.67984e-05 5.80186e-09
9.90563e-05 5.79821e-09
0.000101367 5.79457e-09
0.000103731 5.79092e-09
0.000106151 5.78728e-09
0.000108627 5.78364e-09
0.00011116 5.78e-09
0.000113753 5.77637e-09
0.000116407 5.77274e-09
0.000119122 5.76911e-09
0.0001219 5.76548e-09
0.000124744 5.76185e-09
0.000127653 5.75823e-09
0.000130631 5.75461e-09
0.000133678 5.75099e-09
0.000136796 5.74737e-09
0.000139987 5.74375e-09
0.000143252 5.74014e-09
0.000146593 5.73653e-09
0.000150013 5.73292e-09
0.000153512 5.72932e-09
0.000157092 5.72572e-09
0.000160756 5.72211e-09
0.000164506 5.71852e-09
0.000168343 5.71492e-09
0.00017227 5.71132e-09
0.000176288 5.70773e-09
0.0001804 5.70414e-09
0.000184608 5.70055e-09
0.000188914 5.69697e-09
0.00019332 5.69339e-09
0.00019783 5.68981e-09
0.000202444 5.68623e-09
0.000207166 5.68265e-09
0.000211998 5.67908e-09
0.000216943 5.67551e-09
0.000222003 5.67194e-09
0.000227182 5.66837e-09
0.000232481 5.6648e-09
0.000237903 5.66124e-09
0.000243452 5.65768e-09
0.000249131 5.65412e-09
0.000254942 5.65057e-09
0.000260889 5.64701e-09
0.000266974 5.64346e-09
0.000273201 5.63991e-09
0.000279574 5.63636e-09
0.000286095 5.63282e-09
0.000292768 5.62928e-09
0.000299597 5.62574e-09
0.000306585 5.6222e-09
0.000313736 5.61866e-09
0.000321054 5.61513e-09
0.000328543 5.6116e-09
0.000336206 5.60807e-09
0.000344048 5.60454e-09
0.000352073 5.60102e-09
0.000360285 5.59749e-09
0.000368689 5.59397e-09
0.000377288 5.59045e-09
0.000386089 5.58694e-09
0.000395094 5.58342e-09
0.00040431 5.57991e-09
0.000413741 5.5764e-09
0.000423391 5.5729e-09
0.000433267 5.56939e-09
0.000443373 5.56589e-09
0.000453715 5.56239e-09
0.000464298 5.55889e-09
0.000475127 5.55539e-09
0.00048621 5.5519e-09
0.000497551 5.54841e-09
0.000509156 5.54492e-09
0.000521032 5.54143e-09
0.000533185 5.53795e-09
0.000545622 5.53446e-09
0.000558349 5.53098e-09
0.000571372 5.5275e-09
0.0005847 5.52403e-09
0.000598338 5.52055e-09
0.000612294 5.51708e-09
0.000626576 5.51361e-09
0.000641191 5.51014e-09
0.000656147 5.50668e-09
0.000671452 5.50321e-09
0.000687113 5.49975e-09
0.00070314 5.49629e-09
0.000719541 5.49284e-09
0.000736325 5.48938e-09
0.0007535 5.48593e-09
0.000771075 5.48248e-09
0.000789061 5.47903e-09
0.000807465 5.47559e-09
0.0008263 5.47214e-09
0.000845573 5.4687e-09
0.000865296 5.46526e-09
0.00088548 5.46182e-09
0.000906134 5.45839e-09
0.000927269 5.45496e-09
0.000948898 5.45152e-09
0.000971031 5.4481e-09
0.000993681 5.44467e-09
0.00101686 5.44124e-09
0.00104058 5.43782e-09
0.00106485 5.4344e-09
0.00108969 5.43098e-09
0.0011151 5.42757e-09
0.00114111 5.42416e-09
0.00116773 5.42074e-09
0.00119497 5.41733e-09
0.00122284 5.41393e-09
0.00125136 5.41052e-09
0.00128055 5.40712e-09
0.00131042 5.40372e-09
0.00134099 5.40032e-09
0.00137226 5.39692e-09
0.00140427 5.39353e-09
0.00143703 5.39014e-09
0.00147055 5.38675e-09
0.00150485 5.38336e-09
0.00153995 5.37997e-09
0.00157587 5.37659e-09
0.00161263 5.37321e-09
0.00165024 5.36983e-09
0.00168873 5.36645e-09
0.00172812 5.36308e-09
0.00176843 5.3597e-09
0.00180968 5.35633e-09
0.00185189 5.35296e-09
0.00189509 5.3496e-09
0.00193929 5.34623e-09
0.00198452 5.34287e-09
0.00203081 5.33951e-09
0.00207818 5.33615e-09
0.00212666 5.3328e-09
0.00217626 5.32944e-09
0.00222702 5.32609e-09
0.00227897 5.32274e-09
0.00233213 5.31939e-09
0.00238652 5.31605e-09
0.00244219 5.3127e-09
0.00249915 5.30936e-09
0.00255745 5.30602e-09
0.0026171 5.30269e-09
0.00267814 5.29935e-09
0.00274061 5.29602e-09
0.00280454 5.29269e-09
0.00286995 5.28936e-09
0.00293689 5.28603e-09
0.0030054 5.28271e-09
0.0030755 5.27938e-09
0.00314724 5.27606e-09
0.00322065 5.27275e-09
0.00329577 5.26943e-09
0.00337264 5.26612e-09
0.00345131 5.2628e-09
0.00353181 5.25949e-09
0.00361419 5.25619e-09
0.00369849 5.25288e-09
0.00378476 5.24958e-09
0.00387304 5.24627e-09
0.00396338 5.24298e-09
0.00405583 5.23968e-09
0.00415043 5.23638e-09
0.00424724 5.23309e-09
0.00434631 5.2298e-09
0.00444768 5.22651e-09
0.00455143 5.22322e-09
0.00465759 5.21994e-09
0.00476623 5.21665e-09
0.0048774 5.21337e-09
0.00499117 5.21009e-09
0.00510759 5.20682e-09
0.00522672 5.20354e-09
0.00534864 5.20027e-09
0.0054734 5.197e-09
0.00560106 5.19373e-09
0.00573171 5.19046e-09
0.0058654 5.1872e-09
0.00600221 5.18394e-09
0.00614222 5.18068e-09
0.00628548 5.17742e-09
0.00643209 5.17416e-09
0.00658212 5.17091e-09
0.00673565 5.16766e-09
0.00689276 5.16441e-09
0.00705354 5.16116e-09
0.00721806 5.15791e-09
0.00738642 5.15467e-09
0.00755871 5.15143e-09
0.00773502 5.14819e-09
0.00791544 5.14495e-09
0.00810007 5.14171e-09
0.00828901 5.13848e-09
0.00848235 5.13525e-09
0.0086802 5.13202e-09
0.00888267 5.12879e-09
0.00908986 5.12556e-09
0.00930188 5.12234e-09
0.00951885 5.11912e-09
0.00974088 5.1159e-09
0.00996808 5.11268e-09
0.0102006 5.10947e-09
0.0104385 5.10625e-09
0.010682 5.10304e-09
0.0109312 5.09983e-09
0.0111861 5.09662e-09
0.0114471 5.09342e-09
0.0117141 5.09021e-09
0.0119873 5.08701e-09
0.0122669 5.08381e-09
0.012553 5.08062e-09
0.0128458 5.07742e-09
0.0131455 5.07423e-09
0.0134521 5.07104e-09
0.0137658 5.06785e-09
0.0140869 5.06466e-09
0.0144155 5.06147e-09
0.0147518 5.05829e-09
0.0150958 5.05511e-09
0.015448 5.05193e-09
0.0158083 5.04875e-09
0.016177 5.04558e-09
0.0165543 5.0424e-09
0.0169405 5.03923e-09
0.0173356 5.03606e-09
0.01774 5.0329e-09
0.0181538 5.02973e-09
0.0185772 5.02657e-09
0.0190105 5.02341e-09
0.0194539 5.02025e-09
0.0199077 5.01709e-09
0.0203721 5.01393e-09
0.0208472 5.01078e-09
0.0213335 5.00763e-09
0.0218311 5.00448e-09
0.0223403 5.00133e-09
0.0228614 4.99819e-09
0.0233947 4.99504e-09
0.0239403 4.9919e-09
0.0244988 4.98876e-09
0.0250702 4.98562e-09
0.025655 4.98249e-09
0.0262534 4.97936e-09
0.0268657 4.97622e-09
0.0274924 4.97309e-09
0.0281336 4.96997e-09
0.0287899 4.96684e-09
0.0294614 4.96372e-09
0.0301486 4.96059e-09
0.0308518 4.95747e-09
0.0315714 4.95436e-09
0.0323078 4.95124e-09
0.0330614 4.94813e-09
0.0338326 4.94501e-09
0.0346217 4.9419e-09
0.0354293 4.9388e-09
0.0362557 4.93569e-09
0.0371014 4.93259e-09
0.0379667 4.92948e-09
0.0388523 4.92638e-09
0.0397586 4.92329e-09
0.0406859 4.92019e-09
0.0416349 4.91709e-09
0.0426061 4.914e-09
0.0435999 4.91091e-09
0.0446169 4.90782e-09
0.0456575 4.90474e-09
0.0467225 4.90165e-09
0.0478123 4.89857e-09
0.0489276 4.89549e-09
0.0500688 4.89241e-09
0.0512367 4.88933e-09
0.0524318 4.88626e-09
0.0536547 4.88318e-09
0.0549062 4.88011e-09
0.0561869 4.87704e-09
0.0574975 4.87398e-09
0.0588387 4.87091e-09
0.0602111 4.86785e-09
0.0616155 4.86479e-09
0.0630527 4.86173e-09
0.0645234 4.85867e-09
0.0660284 4.85561e-09
0.0675685 4.85256e-09
0.0691446 4.84951e-09
0.0707574 4.84646e-09
0.0724078 4.84341e-09
0.0740968 4.84036e-09
0.0758251 4.83732e-09
0.0775937 4.83428e-09
0.0794036 4.83124e-09
0.0812557 4.8282e-09
0.083151 4.82516e-09
0.0850905 4.82213e-09
0.0870753 4.81909e-09
0.0891063 4.81606e-09
0.0911847 4.81303e-09
0.0933116 4.81001e-09
0.0954881 4.80698e-09
0.0977154 4.80396e-09
0.0999946 4.80094e-09
0.102327 4.79792e-09
0.104714 4.7949e-09
0.107156 4.79188e-09
0.109656 4.78887e-09
0.112213 4.78586e-09
0.114831 4.78285e-09
0.117509 4.77984e-09
0.12025 4.77683e-09
0.123055 4.77383e-09
0.125925 4.77083e-09
0.128863 4.76783e-09
0.131868 4.76483e-09
0.134944 4.76183e-09
0.138092 4.75884e-09
0.141313 4.75584e-09
0.144609 4.75285e-09
0.147982 4.74986e-09
0.151434 4.74687e-09
0.154966 4.74389e-09
0.15858 4.74091e-09
0.162279 4.73792e-09
0.166065 4.73494e-09
0.169938 4.73197e-09
0.173902 4.72899e-09
0.177958 4.72602e-09
0.182109 4.72304e-09
0.186357 4.72007e-09
0.190704 4.7171e-09
0.195152 4.71414e-09
0.199704 4.71117e-09
0.204362 4.70821e-09
0.209129 4.70525e-09
0.214007 4.70229e-09
0.218998 4.69933e-09
0.224106 4.69638e-09
0.229334 4.69342e-09
0.234683 4.69047e-09
0.240157 4.68752e-09
0.245759 4.68457e-09
0.251491 4.68163e-09
0.257357 4.67868e-09
0.26336 4.67574e-09
0.269503 4.6728e-09
0.275789 4.66986e-09
0.282222 4.66692e-09
0.288805 4.66399e-09
0.295541 4.66105e-09
0.302435 4.65812e-09
0.309489 4.65519e-09
0.316708 4.65227e-09
0.324095 4.64934e-09
0.331655 4.64642e-09
0.339391 4.64349e-09
0.347307 4.64057e-09
0.355408 4.63765e-09
0.363698 4.63474e-09
0.372181 4.63182e-09
0.380863 4.62891e-09
0.389746 4.626e-09
0.398837 4.62309e-09
0.40814 4.62018e-09
0.41766 4.61728e-09
0.427402 4.61437e-09
0.437371 4.61147e-09
0.447573 4.60857e-09
0.458013 4.60567e-09
0.468696 4.60277e-09
0.479628 4.59988e-09
0.490816 4.59699e-09
0.502264 4.59409e-09
0.513979 4.59121e-09
0.525968 4.58832e-09
0.538236 4.58543e-09
0.550791 4.58255e-09
0.563638 4.57967e-09
0.576785 4.57679e-09
0.590239 4.57391e-09
0.604006 4.57103e-09
0.618095 4.56816e-09
0.632512 4.56528e-09
