    0.220890040027543130E-01    0.107491752066255303E+00    0.595033005011724847E+00    0.332562004035389727E-01    0.987305417215582848E+00    0.386010474645896995E+01    0.996749321928671272E+00   -0.477670573928009951E+06   -0.570378062280500497E+01    1
    0.213173546772181532E-01    0.110290875032050220E+00    0.564213893152628487E+00    0.342324384590237812E-01    0.970395749767743343E+00    0.377900906718250029E+01    0.996557830390394028E+00   -0.367160052245152940E+06   -0.570711395613835482E+01    1
    0.236461905332817288E-01    0.141362823783251906E+00    0.724195040393764700E+00    0.388620590388369727E-01    0.916771666959997678E+00    0.396662990787793657E+01    0.997684553572383503E+00   -0.364343670370726148E+06   -0.571044728947168334E+01    1
    0.224221638000711779E-01    0.142766739384579372E+00    0.696479047048947697E+00    0.315277959888591378E-01    0.100607030270287057E+01    0.388478189892557779E+01    0.997513909439113444E+00   -0.322338722496682429E+06   -0.571378062280501098E+01    1
    0.222489905859379680E-01    0.125750689588021269E+00    0.817318565031541544E+00    0.340564426675017545E-01    0.950336108603737739E+00    0.386498588905268736E+01    0.998912468754949656E+00   -0.303656688196960720E+06   -0.571711395613834394E+01    1
    0.231084101175376422E-01    0.149761509943022730E+00    0.827869711574342526E+00    0.699622127023053902E-01    0.998898947459132658E+00    0.396558849573270322E+01    0.100168195077033517E+01   -0.290287890964274935E+06   -0.572044728947168135E+01    1
    0.211685916464009957E-01    0.194330051616014798E+00    0.791792577027989664E+00    0.307687095317897112E-01    0.927878322720539050E+00    0.397988442850431490E+01    0.997708470740600317E+00   -0.288336756961223844E+06   -0.572378062280502586E+01    1
    0.243977712769589614E-01    0.114574654034837270E+00    0.585499273788969710E+00    0.970330347722718339E-01    0.105731427715332504E+01    0.384162325715905162E+01    0.998422106633546025E+00   -0.286530559031919460E+06   -0.572711395613835883E+01    1
    0.225465851929000649E-01    0.124297349825130868E+00    0.666316414655647171E+00    0.242114071761816985E-01    0.104711933385692557E+01    0.377915486011446244E+01    0.100271101329239976E+01   -0.284741609668335703E+06   -0.573044728947169002E+01    1
    0.210908242898231180E-01    0.162679276314700139E+00    0.619272623710401371E+00    0.428067830480946820E-01    0.105618085929681760E+01    0.384959501917553926E+01    0.100102533349234779E+01   -0.248396070406194602E+06   -0.573378062280501766E+01    1
    0.242407115792716253E-01    0.115884704260345528E+00    0.627300598856133873E+00    0.789494350068811884E-01    0.936319328169636589E+00    0.380943210625627859E+01    0.995317060185232250E+00   -0.240143276601631864E+06   -0.573711395613834529E+01    1
    0.228213357282743591E-01    0.119371313021947117E+00    0.568875070809260142E+00    0.578718468495045268E-01    0.986064544126965536E+00    0.374030968641834782E+01    0.100522915553660730E+01   -0.224983201788849517E+06   -0.574044728947167915E+01    1
    0.224685305419918303E-01    0.128261540707478860E+00    0.827303425838982087E+00    0.121834268587278360E+00    0.944080769278633825E+00    0.394602339420749093E+01    0.997967010751246164E+00   -0.211674752222133859E+06   -0.574378062280501744E+01    1
    0.201480864221878324E-01    0.140671439844456542E+00    0.808482529878201017E+00    0.122215088547048809E+00    0.977071409042810535E+00    0.393738382188450231E+01    0.999387680944390233E+00   -0.195249432480245247E+06   -0.574711395613836196E+01    1
    0.239877694849892874E-01    0.135708549496778880E+00    0.748817678463164160E+00    0.597784893819943847E-01    0.100981849235621723E+01    0.379377742627411640E+01    0.996924659097833787E+00   -0.195107701024673675E+06   -0.575044728947169581E+01    1
    0.244175603130898054E-01    0.155752276223812325E+00    0.847288257228292041E+00    0.866592287015099660E-01    0.100360654520383141E+01    0.388907021384092522E+01    0.998645683026298192E+00   -0.193811624481568579E+06   -0.575378062280501634E+01    1
    0.209860909032723898E-01    0.143897904185964820E+00    0.681165549945707771E+00    0.227733357360433014E-01    0.998611176291711367E+00    0.372856530876997017E+01    0.999525428090989654E+00   -0.192240697152461362E+06   -0.575711395613834398E+01    1
    0.248667676483658312E-01    0.188410375780830724E+00    0.749745096748063111E+00    0.940961452343750809E-01    0.958002396876846074E+00    0.396748666487058665E+01    0.999348023726647661E+00   -0.186371427267084364E+06   -0.576044728947168139E+01    1
    0.234964797888021874E-01    0.106437912355071954E+00    0.762993042983437841E+00    0.175372276344718914E+00    0.950049422240634378E+00    0.395161204379319120E+01    0.100214583434732085E+01   -0.178448175478950026E+06   -0.576378062280501613E+01    1
    0.211218821778414306E-01    0.154103832616199421E+00    0.823679637014866017E+00    0.418973963567267904E-01    0.105425204145672069E+01    0.374743363213711334E+01    0.100263009852321217E+01   -0.175287641977857682E+06   -0.576711395613835531E+01    1
    0.216452212851143758E-01    0.103980246449510413E+00    0.786641896324040690E+00    0.184987725519117491E+00    0.104419899294929452E+01    0.392276006363219132E+01    0.998903666874907170E+00   -0.167744580521920230E+06   -0.577044728947169805E+01    1
    0.236592895454209931E-01    0.103415999192593630E+00    0.846364468865533848E+00    0.140005222518395173E+00    0.104642985130591826E+01    0.383786995342820614E+01    0.996643314962965432E+00   -0.166254327263976098E+06   -0.577378062280503279E+01    1
    0.227392020343167300E-01    0.171398134720312012E+00    0.684863814758575495E+00    0.244802395675598750E-01    0.109860089237393788E+01    0.369811663970406457E+01    0.999382377318865478E+00   -0.163896513692039152E+06   -0.577711395613835421E+01    1
    0.214331217753797355E-01    0.111681761060635709E+00    0.719806410881323355E+00    0.914702738628055817E-01    0.104022419840276159E+01    0.373497936331143876E+01    0.997375198250761041E+00   -0.163630098954590590E+06   -0.578044728947167474E+01    1
    0.202589057397761646E-01    0.142857129810303185E+00    0.737042783242764732E+00    0.743640172227928720E-01    0.946955500721204602E+00    0.378867658100369731E+01    0.100073403894741553E+01   -0.150618045610353496E+06   -0.578378062280501393E+01    1
    0.212692895012843129E-01    0.168228044440557500E+00    0.654638418686879220E+00    0.100957223793418524E+00    0.918202297357770592E+00    0.389130073841160495E+01    0.998625242890876730E+00   -0.147674856762868789E+06   -0.578711395613835577E+01    1
    0.204375679445489428E-01    0.152355896955425840E+00    0.713553253085781880E+00    0.116467888253770357E+00    0.907301086845751947E+00    0.390414994753457290E+01    0.100478576689214538E+01   -0.145620708128670056E+06   -0.579044728947169407E+01    1
    0.234944505490766557E-01    0.125395767841226080E+00    0.689788796559757778E+00    0.279379818054700454E-01    0.105354683520356640E+01    0.360595631401228900E+01    0.999298178667370918E+00   -0.142119136318204983E+06   -0.579378062280503325E+01    1
    0.200079300023316940E-01    0.105683299821744583E+00    0.835831364645097885E+00    0.144583891865951719E+00    0.106024271237009771E+01    0.379786678092499574E+01    0.100180804841100413E+01   -0.135879818543842761E+06   -0.579711395613835734E+01    1
    0.219923497261638456E-01    0.117053551110621573E+00    0.714585956994155058E+00    0.111094931145073211E+00    0.959791441852899441E+00    0.377084680875940981E+01    0.100352927983461004E+01   -0.132393161961853941E+06   -0.580044728947169297E+01    1
    0.205627272427325661E-01    0.179463678666132664E+00    0.786867470057078466E+00    0.399740275721653104E-01    0.988781299450618767E+00    0.371721241435018035E+01    0.100134192071169070E+01   -0.124584815662414505E+06   -0.580378062280502593E+01    1
    0.237799990597388662E-01    0.139683624185086092E+00    0.609737765960085332E+00    0.190673428136402007E+00    0.106722974624719646E+01    0.390696364383310080E+01    0.999336336117873092E+00   -0.123469821397759588E+06   -0.580711395613834647E+01    1
    0.228172441682520655E-01    0.157194624892404378E+00    0.565027460628312217E+00    0.737753368347763838E-01    0.969714623786262275E+00    0.373857519160228335E+01    0.100151304092181070E+01   -0.121371874382365495E+06   -0.581044728947168032E+01    1
    0.242921530596335068E-01    0.181650590526952815E+00    0.831855026338574111E+00    0.118679615907433145E+00    0.998134720698525824E+00    0.387452870998195298E+01    0.100463434365371107E+01   -0.118200151760401015E+06   -0.581378062280502572E+01    1
    0.219513092542350657E-01    0.152936732181666007E+00    0.844489426325198189E+00    0.925137817069299484E-01    0.909910160439690308E+00    0.378392716464858747E+01    0.995853546267094214E+00   -0.117897115457162115E+06   -0.581711395613836935E+01    1
    0.247133217795684618E-01    0.157897530406730491E+00    0.770004085606650457E+00    0.200072170475525633E-01    0.102338746318368301E+01    0.362687074521606068E+01    0.100139663887725772E+01   -0.117401570590036572E+06   -0.582044728947169965E+01    1
    0.226615455423559604E-01    0.104338744474276865E+00    0.815454269206509430E+00    0.127347022401872373E+00    0.108876392258153554E+01    0.372185275422716622E+01    0.100174465324329121E+01   -0.117001003529772017E+06   -0.582378062280502462E+01    1
    0.224445632210978838E-01    0.153509151233747143E+00    0.625976374648932854E+00    0.186110379971023976E+00    0.107108237513823079E+01    0.391475349251011639E+01    0.997499343138999905E+00   -0.116669085040089471E+06   -0.582711395613835315E+01    1
    0.241265505279423045E-01    0.157765577670517271E+00    0.683135775124248834E+00    0.139461410113806222E+00    0.957871350131052290E+00    0.387479252008696662E+01    0.998210747711862800E+00   -0.112189896427372645E+06   -0.583044728947169411E+01    1
    0.247439242881917661E-01    0.150723767135825193E+00    0.647091452928282296E+00    0.169328563268564658E+00    0.914589720165094322E+00    0.392913668646422742E+01    0.998994179619890788E+00   -0.111301848349654611E+06   -0.583378062280502441E+01    1
    0.246600799412712152E-01    0.190920595091180034E+00    0.661065902152130236E+00    0.193040487847468828E+00    0.109465890421732803E+01    0.206328804153703294E+01    0.994793219329960343E+00   -0.109609278862469888E+06   -0.583711395613834316E+01    1
    0.240200930773862634E-01    0.108990182733900098E+00    0.665822512786425236E+00    0.782867578513612022E-01    0.979506413266960752E+00    0.358968007691872071E+01    0.996397722258937080E+00   -0.107116315252703556E+06   -0.584044728947168412E+01    1
    0.224875989581114662E-01    0.153565096142144336E+00    0.804873099810139547E+00    0.160617951759954553E+00    0.933965982292496943E+00    0.388629096902018745E+01    0.995127409601941904E+00   -0.103777991176001509E+06   -0.584378062280502064E+01    1
    0.212764000359606867E-01    0.151149570712010906E+00    0.818928355034748257E+00    0.171642354319249457E+00    0.917541043560883063E+00    0.214193766589042101E+01    0.999684778459722811E+00   -0.103546906184975043E+06   -0.584711395613835627E+01    1
    0.230142371818129049E-01    0.155595825983495917E+00    0.758171630192303603E+00    0.186842461953132338E+00    0.108907764560610176E+01    0.213189392762664642E+01    0.998983019813563966E+00   -0.101352191624695028E+06   -0.585044728947168746E+01    1
    0.247734500391225548E-01    0.197569032930422550E+00    0.815898049539964032E+00    0.152797071718982241E+00    0.972912579231876240E+00    0.225905123270818597E+01    0.999359071806985688E+00   -0.984811626034642395E+05   -0.585378062280502132E+01    1
    0.227325444948500502E-01    0.117344719742115633E+00    0.813408173290807945E+00    0.155334698431610713E+00    0.101975575290386056E+01    0.205148060218709505E+01    0.100355101358651666E+01   -0.981608442478790384E+05   -0.585711395613836583E+01    1
    0.218112884349186756E-01    0.188068549171873656E+00    0.802959254653815568E+00    0.408308107908538359E-01    0.943930136450483959E+00    0.367855225343444658E+01    0.996234415053412259E+00   -0.977923471273950272E+05   -0.586044728947168458E+01    1
    0.246569051005022209E-01    0.188621686125226368E+00    0.777855464146161801E+00    0.116982507501279864E+00    0.103922942092227388E+01    0.214746408823942092E+01    0.100167430437373373E+01   -0.975983821755903045E+05   -0.586378062280500867E+01    1
    0.216824291791506071E-01    0.153732996432432101E+00    0.666776359765531845E+00    0.187012792920347892E+00    0.109758408502114690E+01    0.215020542451366348E+01    0.998385312738070962E+00   -0.969146301171757368E+05   -0.586711395613835673E+01    1
    0.203691933840394364E-01    0.132998916926751642E+00    0.708538149079723678E+00    0.177078000004504965E+00    0.991478921687125814E+00    0.212818961890400749E+01    0.100097097863448115E+01   -0.966590975221859408E+05   -0.587044728947169592E+01    1
    0.211424082252575224E-01    0.129178742758306625E+00    0.770936081527352712E+00    0.161541704359933036E+00    0.104502986961035926E+01    0.209683460179091652E+01    0.100083021548820095E+01   -0.964569800324193784E+05   -0.587378062280501378E+01    1
    0.209294542831109133E-01    0.147378767060959232E+00    0.835242655646857513E+00    0.148728762271871429E+00    0.915211777955416639E+00    0.219357280170444602E+01    0.999795411162027969E+00   -0.960632956248306291E+05   -0.587711395613836363E+01    1
    0.218651740032507515E-01    0.121956824904518202E+00    0.660655542136317164E+00    0.171015618757340698E+00    0.977600936601089598E+00    0.380583854294148294E+01    0.999961840049861661E+00   -0.960629775749190303E+05   -0.588044728947169038E+01    1
    0.247420142577319466E-01    0.101418516815448251E+00    0.819394236766065376E+00    0.175962963024677288E+00    0.106447648904638315E+01    0.206835407770186519E+01    0.100257929751866359E+01   -0.951306778340431920E+05   -0.588378062280502512E+01    1
    0.222602013233083977E-01    0.191369453739353879E+00    0.779680724897137467E+00    0.871601901434472109E-01    0.102351177460596432E+01    0.215215902596010134E+01    0.100236617565578912E+01   -0.940132157340472040E+05   -0.588711395613835986E+01    1
    0.224642840099241112E-01    0.185931854214233416E+00    0.830866972260672298E+00    0.341199144489358133E-01    0.104439231461549475E+01    0.204961247378417033E+01    0.999785529114135540E+00   -0.930898725493715319E+05   -0.589044728947168750E+01    1
    0.210168766961417210E-01    0.119754237025257337E+00    0.688387485680886035E+00    0.197577389844598911E+00    0.962452443002980718E+00    0.217490820697239906E+01    0.100326009456966792E+01   -0.930622564071563975E+05   -0.589378062280501336E+01    1
    0.208367944109911843E-01    0.101362029504892079E+00    0.792653494424013005E+00    0.199025417642609337E+00    0.106556457161914131E+01    0.213409548434575891E+01    0.100328399758556852E+01   -0.927459627345808549E+05   -0.589711395613836142E+01    1
    0.235155279393466539E-01    0.182373821221082311E+00    0.636085403827535978E+00    0.100324136761832813E+00    0.969879299465912559E+00    0.214872329571310461E+01    0.100123520889411144E+01   -0.918452494572378782E+05   -0.590044728947168906E+01    1
    0.227314081325246803E-01    0.141874863342251467E+00    0.838731493621727942E+00    0.223068138509693835E-01    0.107260192372729590E+01    0.351224102265860694E+01    0.999650946618087843E+00   -0.913955361586613144E+05   -0.590378062280501403E+01    1
    0.213214724632789024E-01    0.153049849853897219E+00    0.725042189119598612E+00    0.129311042738133236E+00    0.958182796258643443E+00    0.218136696498850879E+01    0.100046195853224629E+01   -0.908313457237223483E+05   -0.590711395613835233E+01    1
    0.217028208181196149E-01    0.186120484995827923E+00    0.679027454279195419E+00    0.219784257025356852E-01    0.106438190841496971E+01    0.200149556102901283E+01    0.100009617700781028E+01   -0.904696969572785310E+05   -0.591044728947168974E+01    1
    0.234419188999798675E-01    0.164334383720266208E+00    0.700045526018574171E+00    0.892860978546334561E-01    0.912270670793699168E+00    0.213730948535853749E+01    0.998351465497110624E+00   -0.903843578813789936E+05   -0.591378062280503869E+01    1
    0.249442742346749693E-01    0.135973623220009249E+00    0.706406919866916172E+00    0.191340825978844054E+00    0.104523955870874108E+01    0.225473573808025707E+01    0.100430176074497091E+01   -0.885870351921953406E+05   -0.591711395613837610E+01    1
    0.231744505606245668E-01    0.148341763351209105E+00    0.554286896522762973E+00    0.384944891889500637E-01    0.940316283718664714E+00    0.358167112161133172E+01    0.100411256730704568E+01   -0.883821570333900891E+05   -0.592044728947170285E+01    1
    0.221148670489961958E-01    0.194915708857052922E+00    0.746220925146836689E+00    0.860307336108393633E-01    0.107758191464413966E+01    0.370326040031013903E+01    0.100084365295506039E+01   -0.879775850460689835E+05   -0.592378062280502160E+01    1
    0.202172662412871997E-01    0.125833057230162859E+00    0.652457389803321908E+00    0.136913472991786578E+00    0.102811388407143722E+01    0.371070263476834716E+01    0.998853055624717712E+00   -0.878103133188943466E+05   -0.592711395613834124E+01    1
    0.226170283321927845E-01    0.150581580284150862E+00    0.748947372183792148E+00    0.882423432473290748E-01    0.104894068454398592E+01    0.210814613059550515E+01    0.999088447632219157E+00   -0.876596317970034142E+05   -0.593044728947167687E+01    1
    0.218341909190466754E-01    0.139873214601269558E+00    0.828529034181125557E+00    0.750711868525534010E-01    0.102273298047308780E+01    0.209636908960832313E+01    0.100041980772341477E+01   -0.875582632324071892E+05   -0.593378062280501606E+01    1
    0.220614255351788829E-01    0.138629718908806598E+00    0.770267263902556065E+00    0.161033876464290987E+00    0.104879231669188466E+01    0.222736076072139033E+01    0.997989128265202918E+00   -0.875115358228475234E+05   -0.593711395613835968E+01    1
    0.219866866899963431E-01    0.162997511409973428E+00    0.722698046197771671E+00    0.114034706739292765E+00    0.973907213661245330E+00    0.222163156341141921E+01    0.999878173396605341E+00   -0.866909916847322311E+05   -0.594044728947169531E+01    1
    0.244103988164523431E-01    0.159360198294662608E+00    0.566181454004080931E+00    0.140298044582404607E+00    0.106312383342931049E+01    0.374928173338339921E+01    0.995017673738378572E+00   -0.858646625559734239E+05   -0.594378062280501940E+01    1
    0.215835814520710934E-01    0.178972965644768445E+00    0.786188638853962285E+00    0.364926389843091142E-01    0.935285962649838765E+00    0.216463797110377776E+01    0.998544071127513866E+00   -0.851893840620822157E+05   -0.594711395613835059E+01    1
    0.217641018312731103E-01    0.163375947184429715E+00    0.771474972973453244E+00    0.161964549162143839E+00    0.930766274470677057E+00    0.237653160643653738E+01    0.100244011777144149E+01   -0.851450582704510016E+05   -0.595044728947167822E+01    1
    0.234922562045181207E-01    0.119567453987281302E+00    0.779535742588182257E+00    0.550049736817292551E-01    0.101304349638422075E+01    0.200877769744337398E+01    0.100220689399393947E+01   -0.849310723016892152E+05   -0.595378062280501563E+01    1
    0.249040563066795853E-01    0.136183360002097520E+00    0.827846501530309031E+00    0.584718354284661651E-01    0.966043908234699877E+00    0.210789698323017349E+01    0.100147285558371357E+01   -0.843108172617742239E+05   -0.595711395613834949E+01    1
    0.236961976281539685E-01    0.102680442260389831E+00    0.574304146871882470E+00    0.198122875947278426E+00    0.109671611043659367E+01    0.217967860415827319E+01    0.995052201520737811E+00   -0.840801173474897514E+05   -0.596044728947167890E+01    1
    0.214136250999730389E-01    0.154830085265214634E+00    0.813338328582029035E+00    0.322991669607598716E-01    0.945396470023336599E+00    0.211615329776390837E+01    0.998458824304613413E+00   -0.837860779305249016E+05   -0.596378062280501009E+01    1
    0.214082463779042519E-01    0.163102659942791994E+00    0.794035994080755869E+00    0.158680249253284222E+00    0.109615769847323330E+01    0.233977331014592371E+01    0.100166050590882927E+01   -0.834676411643036845E+05   -0.596711395613835194E+01    1
    0.216112484325263164E-01    0.166251465408154164E+00    0.647804205127956001E+00    0.841721133389476961E-01    0.927782037396626014E+00    0.220696155196401289E+01    0.100348884952513862E+01   -0.831228297726000019E+05   -0.597044728947169379E+01    1
    0.242853727346231466E-01    0.161776349573441003E+00    0.842363132375991031E+00    0.276116643219817132E-01    0.908070225028105860E+00    0.215099160962101399E+01    0.993764181885012254E+00   -0.826973523668557609E+05   -0.597378062280502675E+01    1
    0.202031268302814634E-01    0.173629004997862324E+00    0.646534805262054424E+00    0.275243638004250904E-01    0.106095007631096139E+01    0.208294505340610669E+01    0.100001041218224573E+01   -0.815850080511286505E+05   -0.597711395613836682E+01    1
    0.202042271318039583E-01    0.181885557950128396E+00    0.689885105725523973E+00    0.110415978348505986E+00    0.109740140874237468E+01    0.226697090027555870E+01    0.997250327039522211E+00   -0.815230266588269005E+05   -0.598044728947168824E+01    1
    0.232427538935978117E-01    0.198964460832031537E+00    0.699403637766901287E+00    0.104347116885657801E+00    0.982758394351794129E+00    0.234096778698832741E+01    0.100014383207504198E+01   -0.814197352419857198E+05   -0.598378062280501855E+01    1
    0.210560256150468597E-01    0.171383531585262650E+00    0.763403671220098889E+00    0.135426349322994272E+00    0.101742932447891787E+01    0.235669768801715174E+01    0.999029484141556234E+00   -0.809456199882238725E+05   -0.598711395613835595E+01    1
    0.230519940345177282E-01    0.112885172637504055E+00    0.601374550517326245E+00    0.177484418961993740E+00    0.945535122320282695E+00    0.223444798998631766E+01    0.997208248509890760E+00   -0.806339329275012569E+05   -0.599044728947169425E+01    1
    0.212321665438498959E-01    0.151531070164595882E+00    0.825849525792542893E+00    0.124746900231695990E+00    0.906794304415370123E+00    0.234720851125745522E+01    0.997452773116484059E+00   -0.804315773496456095E+05   -0.599378062280503432E+01    1
    0.233915061955810542E-01    0.110367109357471072E+00    0.636927045085294075E+00    0.827641470067714269E-01    0.933888460507006468E+00    0.354223014000520475E+01    0.100104036492653026E+01   -0.797830139879154012E+05   -0.599711395613836995E+01    1
    0.247942380489000400E-01    0.185856245737457515E+00    0.724574858995703175E+00    0.110626091831873913E+00    0.957759972914100421E+00    0.236254621380209739E+01    0.997822380907727902E+00   -0.791726088393846148E+05   -0.600044728947169581E+01    1
    0.232363937812490769E-01    0.158427612288095099E+00    0.603608597721807749E+00    0.175542510752429243E+00    0.101887688259242148E+01    0.236675990371711098E+01    0.100377103827479375E+01   -0.791680056745718175E+05   -0.600378062280502434E+01    1
    0.208574328131402066E-01    0.170977135277534359E+00    0.692895884742585122E+00    0.156355214384657770E+00    0.973029177814666246E+00    0.241961192771549261E+01    0.100252277813334345E+01   -0.785970713857944211E+05   -0.600711395613837418E+01    1
    0.242114752088333461E-01    0.192898753646354004E+00    0.736181704914232737E+00    0.111781447769549680E+00    0.107738536240683880E+01    0.372616169234548078E+01    0.999734933722253083E+00   -0.776413532948848006E+05   -0.601044728947169471E+01    1
    0.215331466939581266E-01    0.142851246833040429E+00    0.720792068852984524E+00    0.148526995821288449E+00    0.951463995150316211E+00    0.378494878805571311E+01    0.100176456683709025E+01   -0.773731916184271831E+05   -0.601378062280501702E+01    1
    0.222877523727527185E-01    0.180108499465742145E+00    0.619884864617692655E+00    0.198006060403624951E+00    0.914985184983157174E+00    0.252098963304114809E+01    0.997475787058524799E+00   -0.770701178484813863E+05   -0.601711395613836331E+01    1
    0.231737159335246370E-01    0.138879492122783221E+00    0.841220583089730356E+00    0.103550479509890062E+00    0.933461953596153027E+00    0.230441250407721610E+01    0.997974075658939030E+00   -0.768494104520465189E+05   -0.602044728947169183E+01    1
    0.225749614684862543E-01    0.114336986521793374E+00    0.838596310314414062E+00    0.109272166636121493E+00    0.104834175335121116E+01    0.220401505654348506E+01    0.999150975538480979E+00   -0.767384438548461621E+05   -0.602378062280501236E+01    1
    0.213109492653484472E-01    0.195864483481903717E+00    0.680700383469984960E+00    0.969538452491540415E-01    0.101531736544391227E+01    0.373276028283026751E+01    0.100136529171750444E+01   -0.767226053380762896E+05   -0.602711395613836221E+01    1
    0.231163017709275741E-01    0.178404546063551828E+00    0.551086699942953673E+00    0.516401431455126292E-01    0.989920141328715975E+00    0.218609373158313369E+01    0.996902475065422511E+00   -0.759185731623853208E+05   -0.603044728947171205E+01    1
    0.249843827881690676E-01    0.189238147040523663E+00    0.666832113939103910E+00    0.129860637984201749E+00    0.102837010054622535E+01    0.239807283995940645E+01    0.994521490815254761E+00   -0.751624033164340653E+05   -0.603378062280504324E+01    1
    0.214299505108887130E-01    0.124548380696860736E+00    0.602113767173987346E+00    0.184981996321807507E+00    0.942937957731988519E+00    0.377081629118738837E+01    0.999138352850164613E+00   -0.744595290501788986E+05   -0.603711395613836554E+01    1
    0.215681995824935080E-01    0.109433170325737766E+00    0.553440391526963893E+00    0.142485718190432653E+00    0.106584987515476248E+01    0.220782510388480846E+01    0.100083476844488217E+01   -0.742528066778577922E+05   -0.604044728947168430E+01    1
    0.203827436032494071E-01    0.191997168009334085E+00    0.586910651890330648E+00    0.563419044045622430E-01    0.977657227216357283E+00    0.228034296123792624E+01    0.100032214579756329E+01   -0.739747231723935838E+05   -0.604378062280502437E+01    1
    0.205457879040984934E-01    0.187588976256389928E+00    0.664440227706360576E+00    0.186964727744414055E+00    0.100138781042953018E+01    0.255885347606194635E+01    0.100280623004112579E+01   -0.736953071016915783E+05   -0.604711395613836888E+01    1
    0.207862279266396097E-01    0.104961523480656738E+00    0.571247823954857292E+00    0.431141319532234168E-01    0.106137102807003281E+01    0.200199361734114456E+01    0.998777743692324860E+00   -0.736058724304760253E+05   -0.605044728947169297E+01    1
    0.229802410834180314E-01    0.134547129383756514E+00    0.693677212072357885E+00    0.107707730990146314E+00    0.108928796651359194E+01    0.362440061002130598E+01    0.999922205577512324E+00   -0.726289642825319024E+05   -0.605378062280501794E+01    1
    0.221411461355753986E-01    0.167144432215263317E+00    0.564131477826780636E+00    0.176697480452084082E+00    0.108390876760774235E+01    0.241905879672260360E+01    0.995948850357878723E+00   -0.724368237136288371E+05   -0.605711395613835712E+01    1
    0.220261053198651489E-01    0.112509824383029630E+00    0.671196031370763779E+00    0.126644283780518230E+00    0.977394406548248829E+00    0.224584022346379131E+01    0.100136410471751436E+01   -0.720220261540758365E+05   -0.606044728947170164E+01    1
    0.237059376212087163E-01    0.173595703889486530E+00    0.689529391237111877E+00    0.683550011955158798E-01    0.959924097923780306E+00    0.232513643887438448E+01    0.100216402655979886E+01   -0.720146861794326687E+05   -0.606378062280503460E+01    1
    0.228324823906644707E-01    0.148979366029779875E+00    0.569650103889803527E+00    0.105531129538717336E+00    0.944600247495813616E+00    0.229674472568828625E+01    0.100359209329211274E+01   -0.719576875841575675E+05   -0.606711395613834981E+01    1
    0.219224573336786986E-01    0.195236781132850090E+00    0.693049503762840913E+00    0.161548227490952628E+00    0.104843234047222333E+01    0.252964386810381914E+01    0.998331295316842171E+00   -0.717758003155058686E+05   -0.607044728947169254E+01    1
    0.244854321085211830E-01    0.151122987045757828E+00    0.697563231478717238E+00    0.144331560421132987E+00    0.104409928631945559E+01    0.375161334741139996E+01    0.100274849010140499E+01   -0.716686455987619411E+05   -0.607378062280503173E+01    1
    0.222852367592230940E-01    0.158469097112561796E+00    0.663275469733898393E+00    0.447484659521470152E-01    0.914423911997419792E+00    0.225035670491370521E+01    0.998567455443221230E+00   -0.705962032472085702E+05   -0.607711395613835847E+01    1
    0.237312296550678502E-01    0.162600413424970391E+00    0.767185299072476901E+00    0.182689727311953820E+00    0.927388575294227135E+00    0.257640107997430068E+01    0.997424036606563091E+00   -0.703625930574869126E+05   -0.608044728947169943E+01    1
    0.206680414764304626E-01    0.162004510147544634E+00    0.627428611726115415E+00    0.184212985693367803E+00    0.101779429556681222E+01    0.250681386320937083E+01    0.100357095317825351E+01   -0.701999224387242866E+05   -0.608378062280502796E+01    1
    0.207160887709744446E-01    0.137643625823325622E+00    0.843845195611453991E+00    0.655591314505821615E-01    0.105989046091085437E+01    0.227301230665242127E+01    0.998863909117759130E+00   -0.699915315642147470E+05   -0.608711395613835293E+01    1
    0.235448084172132435E-01    0.191545662915461518E+00    0.610510242001879200E+00    0.170835385076422736E+00    0.940906500714116190E+00    0.257017060770202344E+01    0.999722006092383264E+00   -0.696781967837096017E+05   -0.609044728947168057E+01    1
    0.214010732583633824E-01    0.127866087810342616E+00    0.734335880564922272E+00    0.110925801807256003E+00    0.107157797573948921E+01    0.229121723045589487E+01    0.100233965786764467E+01   -0.696505724701142026E+05   -0.609378062280500910E+01    1
    0.200634284720288131E-01    0.179808104037082195E+00    0.792358022338026879E+00    0.105307916149140646E+00    0.109101505843425639E+01    0.244183599191234268E+01    0.100095149494752622E+01   -0.696050105686665484E+05   -0.609711395613834028E+01    1
    0.218192086985323774E-01    0.119853496620349873E+00    0.741727349757328458E+00    0.138906740129296491E+00    0.970173329119783712E+00    0.369672594441030400E+01    0.100499867012013855E+01   -0.693529299435263238E+05   -0.610044728947168124E+01    1
    0.214488722996115273E-01    0.131713584742488121E+00    0.636725968856359570E+00    0.140862477805775904E+00    0.995387423960997886E+00    0.234984696993539099E+01    0.100073577527015800E+01   -0.690885307692222850E+05   -0.610378062280502842E+01    1
    0.209398937365322078E-01    0.107452269957452509E+00    0.749906547817075997E+00    0.135642546055191354E+00    0.103089211561341654E+01    0.229331853218254622E+01    0.100015285119040342E+01   -0.688272545597956778E+05   -0.610711395613835251E+01    1
    0.202969054813598726E-01    0.103253212979804804E+00    0.582326507261200055E+00    0.190900739940533748E+00    0.972987049260164660E+00    0.235674835195507804E+01    0.998351709667325671E+00   -0.687696627413263486E+05   -0.611044728947167926E+01    1
    0.242200797336322160E-01    0.121660542195525231E+00    0.646852342983123330E+00    0.141276718083187869E+00    0.948593078404248113E+00    0.234473897210902926E+01    0.998590015367257444E+00   -0.681115764445756795E+05   -0.611378062280503265E+01    1
    0.214335422860645226E-01    0.177685827440129424E+00    0.826560114344043972E+00    0.190109102201369840E+00    0.922805932701844522E+00    0.269473940278795920E+01    0.999479657468328009E+00   -0.679226189163029921E+05   -0.611711395613836562E+01    1
    0.210464301632267842E-01    0.118573838797134096E+00    0.675355224769958462E+00    0.181240401325039824E+00    0.100362843202501550E+01    0.242103254453494632E+01    0.100217987648029294E+01   -0.674409784143687284E+05   -0.612044728947168171E+01    1
    0.236834711449700475E-01    0.109916379123825625E+00    0.729855591048077290E+00    0.821179278824752112E-01    0.103211961342242131E+01    0.221610168399371332E+01    0.100138555950591823E+01   -0.666047438636853476E+05   -0.612378062280501911E+01    1
    0.218175892406577213E-01    0.121355199582338383E+00    0.598665788174938651E+00    0.194736362437721994E+00    0.956011912083597815E+00    0.245364653070318894E+01    0.993842545179029480E+00   -0.653700613060831165E+05   -0.612711395613837251E+01    1
    0.229655932448940454E-01    0.127785669239695365E+00    0.670059955147631170E+00    0.167595180674948829E+00    0.100202161033252479E+01    0.244360565346179159E+01    0.100159836348640985E+01   -0.653260008937504099E+05   -0.613044728947170903E+01    1
    0.246530144080926439E-01    0.165608993031079177E+00    0.809081341861710102E+00    0.128665520988041432E+00    0.105493573043741451E+01    0.369076250089321478E+01    0.998597491592958519E+00   -0.648381348354527217E+05   -0.613378062280503933E+01    1
    0.231278102334391139E-01    0.174493200648692615E+00    0.559386615265621279E+00    0.832394343491529298E-01    0.996008063161058277E+00    0.364725290704844163E+01    0.100125129106008548E+01   -0.647553608225387215E+05   -0.613711395613836164E+01    1
    0.231058253626339090E-01    0.168451818113682983E+00    0.641604530569474751E+00    0.154902541001562699E+00    0.921162537606634357E+00    0.255322775239461075E+01    0.999210853052379333E+00   -0.647005341416642768E+05   -0.614044728947168661E+01    1
    0.237224552570653446E-01    0.133687326594367578E+00    0.755140573679145333E+00    0.216370234785645439E-01    0.974920099029194298E+00    0.223427120264527135E+01    0.100447794900931142E+01   -0.637879714056816520E+05   -0.614378062280503645E+01    1
    0.243261259122215662E-01    0.112903828887587501E+00    0.781820376244567239E+00    0.177569981412456335E+00    0.972098701812101673E+00    0.247342835467345967E+01    0.997663818199676977E+00   -0.636712104251098499E+05   -0.614711395613836586E+01    1
    0.223470869966203509E-01    0.108651300593806052E+00    0.558007584598510631E+00    0.366783121840213999E-01    0.909108561574283769E+00    0.332927005858141278E+01    0.998518544204240688E+00   -0.633700355231234862E+05   -0.615044728947169439E+01    1
    0.217635463160949054E-01    0.140728445715318562E+00    0.796189145877527205E+00    0.150530455351016446E+00    0.917323665464862881E+00    0.254861340013754933E+01    0.998451781865851484E+00   -0.631602893249948611E+05   -0.615378062280502824E+01    1
    0.219070855968886979E-01    0.147172833054447061E+00    0.631968213813113855E+00    0.665783384858917582E-01    0.945734821682198246E+00    0.232296361158830811E+01    0.997942059402988191E+00   -0.628288562839868900E+05   -0.615711395613837009E+01    1
    0.207494536563073879E-01    0.194676586990967404E+00    0.779459871851021835E+00    0.149448119856958023E+00    0.105177217878588403E+01    0.374825891788361654E+01    0.995891636805036673E+00   -0.627178055276935411E+05   -0.616044728947169418E+01    1
    0.217281259649979783E-01    0.153079485277352434E+00    0.820547264546781729E+00    0.154247084351266717E+00    0.933740939040691664E+00    0.376660331652796909E+01    0.100408397335177368E+01   -0.625908915901271612E+05   -0.616378062280500760E+01    1
    0.217787356627083747E-01    0.159501216895532982E+00    0.568564792932472973E+00    0.141582167984713847E+00    0.106849900306197920E+01    0.244908534577863390E+01    0.997027673806967774E+00   -0.625826850965749763E+05   -0.616711395613835833E+01    1
    0.210551875739089268E-01    0.158951471445789694E+00    0.624099973122968055E+00    0.759371861395738840E-01    0.908576518700498270E+00    0.239828395956897733E+01    0.100157597246152408E+01   -0.624178676977180003E+05   -0.617044728947168775E+01    1
    0.235992050952720488E-01    0.163830945109787546E+00    0.785002351688112943E+00    0.600580613361202803E-01    0.957001313226202188E+00    0.243842374589069033E+01    0.100358189409994525E+01   -0.623499159210133657E+05   -0.617378062280502338E+01    1
    0.242016422325513451E-01    0.113289882134122583E+00    0.671935659299391586E+00    0.119199513741228225E+00    0.943641352004304101E+00    0.234830440203711754E+01    0.997817345486750384E+00   -0.620085059632717530E+05   -0.617711395613836611E+01    1
    0.220526159704429944E-01    0.182622849377148261E+00    0.629518213063337440E+00    0.100382319228147360E+00    0.917793695678626564E+00    0.252393136009104735E+01    0.100289920375664776E+01   -0.615914066808962234E+05   -0.618044728947169730E+01    1
    0.212259035870527128E-01    0.142591096452483829E+00    0.571271749254484984E+00    0.341611560865004715E-01    0.986788049002406131E+00    0.346055796471976684E+01    0.996860245816831858E+00   -0.613684056989112141E+05   -0.618378062280502228E+01    1
    0.243169134201675768E-01    0.116196251715812521E+00    0.565281054499254809E+00    0.161972402668568771E+00    0.965750176603993093E+00    0.360853016126821036E+01    0.100049061974263243E+01   -0.612240579226650152E+05   -0.618711395613833925E+01    1
    0.214850394967581217E-01    0.103557834376934110E+00    0.686417528723192838E+00    0.116603736748786949E+00    0.104774675606420464E+01    0.231128241485075581E+01    0.100275521044465799E+01   -0.610456589636948775E+05   -0.619044728947167666E+01    1
    0.248487095307730783E-01    0.117558539441554449E+00    0.787321639478039570E+00    0.135346837934859077E+00    0.107894622892739855E+01    0.241463851715011657E+01    0.999810496500499579E+00   -0.609781163715242656E+05   -0.619378062280501140E+01    1
    0.219843150216550640E-01    0.133426466918680015E+00    0.767714641856394042E+00    0.227429516783994104E-01    0.938154471368739529E+00    0.228035690872201435E+01    0.997282737876574288E+00   -0.601011490980397502E+05   -0.619711395613833993E+01    1
    0.201984535290425093E-01    0.167504009083884464E+00    0.558071349634738256E+00    0.140537887664547695E+00    0.104858353358392198E+01    0.371218464435964091E+01    0.100225238304849684E+01   -0.599258630055572794E+05   -0.620044728947167734E+01    1
    0.201344259344070804E-01    0.138471027534294855E+00    0.842395265233562895E+00    0.409509415441866934E-01    0.101462734645120922E+01    0.237781322525217442E+01    0.100358400221828559E+01   -0.589168110306466187E+05   -0.620378062280502274E+01    1
    0.210484728139947071E-01    0.133349702112026736E+00    0.805108794409835848E+00    0.124474988664984562E+00    0.956693240720830618E+00    0.364810048492763217E+01    0.100020323557545532E+01   -0.588326534902483254E+05   -0.620711395613836192E+01    1
    0.242408582066684468E-01    0.159436158438772346E+00    0.588332365435028426E+00    0.127342645037635538E+00    0.903657872871788448E+00    0.253372988489525852E+01    0.100303048273943785E+01   -0.585403183789685863E+05   -0.621044728947169311E+01    1
    0.232905958501816099E-01    0.102709356467787519E+00    0.558990989515049774E+00    0.879641553127780695E-01    0.102614324762092934E+01    0.226553299811257780E+01    0.995029679476451157E+00   -0.584564196962709902E+05   -0.621378062280502430E+01    1
    0.248991386264459276E-01    0.127426861270838077E+00    0.843418402598362871E+00    0.578779300983336548E-01    0.987895944155125161E+00    0.237770319509992500E+01    0.998772874536480004E+00   -0.576876921090842807E+05   -0.621711395613835460E+01    1
    0.218426911357380502E-01    0.186803935557990353E+00    0.550590902646406866E+00    0.261847937844493263E-01    0.100904477653806013E+01    0.236431694823493777E+01    0.100021385381796524E+01   -0.572047013490076861E+05   -0.622044728947170089E+01    1
    0.205002973502808016E-01    0.104185965879344311E+00    0.829588345597604859E+00    0.978672016090700592E-01    0.964947135306471360E+00    0.237789989038834459E+01    0.998648470403657784E+00   -0.571842638231276360E+05   -0.622378062280504807E+01    1
    0.245115615874719230E-01    0.113768185470926514E+00    0.736761598387273731E+00    0.131903633266902132E+00    0.934449793097376635E+00    0.363371872148471020E+01    0.100241939837562200E+01   -0.569089932191923290E+05   -0.622711395613835705E+01    1
    0.228684108712564858E-01    0.196533622971717781E+00    0.656846609401628423E+00    0.293505078920596775E-01    0.924153259664739934E+00    0.358086800878825073E+01    0.100383077254056019E+01   -0.567516266238015232E+05   -0.623044728947168291E+01    1
    0.234708185042425202E-01    0.196616246913780657E+00    0.800819317204148007E+00    0.210232483480236702E-01    0.103029736866586807E+01    0.248246775487363625E+01    0.100004528316131247E+01   -0.565974878764161549E+05   -0.623378062280501855E+01    1
    0.206176615545797179E-01    0.140284623658620933E+00    0.765388183629135077E+00    0.177713511752555203E+00    0.101941375344146801E+01    0.264112944627820001E+01    0.999908115867817915E+00   -0.559742227841527492E+05   -0.623711395613835862E+01    1
    0.229458712639751608E-01    0.132695904854709418E+00    0.610856962151193672E+00    0.188452323481898554E+00    0.102508948539576883E+01    0.257921966385272228E+01    0.999846768604750191E+00   -0.555758909778941452E+05   -0.624044728947171290E+01    1
    0.246723275012301485E-01    0.100725106319135851E+00    0.845978516946874648E+00    0.979389667791194934E-01    0.108397181738837589E+01    0.236462975334815795E+01    0.999608815168164799E+00   -0.553659719166466602E+05   -0.624378062280503698E+01    1
    0.246019937364387181E-01    0.111864580390526921E+00    0.761407357093757398E+00    0.145814853896218038E+00    0.100819403961332843E+01    0.249349961874087223E+01    0.100162327665158424E+01   -0.549198080090576259E+05   -0.624711395613835663E+01    1
    0.237407881520155586E-01    0.128145818312791898E+00    0.816533053456542257E+00    0.210330866887226270E-01    0.103829755017130054E+01    0.231990362894682534E+01    0.100119407286132267E+01   -0.545630739600917004E+05   -0.625044728947170114E+01    1
    0.224450570454810851E-01    0.196272006317192993E+00    0.575747675712204976E+00    0.628233109890640046E-01    0.109502813107600838E+01    0.246922229415145189E+01    0.100063095643877342E+01   -0.544003049538932610E+05   -0.625378062280503766E+01    1
    0.233852718490076411E-01    0.126682029857762113E+00    0.639910304643366290E+00    0.180397179352418363E+00    0.900751169504154570E+00    0.259650619947317418E+01    0.998444514994528354E+00   -0.542844493920437453E+05   -0.625711395613837151E+01    1
    0.228200527385521677E-01    0.106582644324569167E+00    0.576300854388800743E+00    0.466982383969703624E-01    0.103031484474422097E+01    0.224094787519909699E+01    0.997307957827587743E+00   -0.541699568960430552E+05   -0.626044728947171336E+01    1
    0.212127360295856666E-01    0.129565606627848523E+00    0.768564758892944178E+00    0.117609060673012078E+00    0.100374957248082897E+01    0.251362416935005628E+01    0.100055808992259210E+01   -0.539552819625355478E+05   -0.626378062280504189E+01    1
    0.210825729224739106E-01    0.111850257397251990E+00    0.643759649319130323E+00    0.526973624393788365E-01    0.106133471692769787E+01    0.227990868188294860E+01    0.100346087704708031E+01   -0.534262455688166301E+05   -0.626711395613835620E+01    1
    0.223577302978860068E-01    0.186169736303955557E+00    0.794566642206132601E+00    0.193533477765808093E+00    0.105759893695891138E+01    0.379670687476964774E+01    0.100133864197495548E+01   -0.531466137372210942E+05   -0.627044728947167140E+01    1
    0.214681251920698472E-01    0.104555222540340997E+00    0.641063064203235000E+00    0.106796037599486943E+00    0.985651150235340112E+00    0.237269211440658445E+01    0.996195538693955274E+00   -0.529037708042009617E+05   -0.627378062280501947E+01    1
    0.201414542146901160E-01    0.194981059376514554E+00    0.721652485570091873E+00    0.120622446796714258E+00    0.969242328596450098E+00    0.272149782982457955E+01    0.100062765120680863E+01   -0.528303430480372917E+05   -0.627711395613835510E+01    1
    0.237659463734739354E-01    0.149100244225208733E+00    0.675629990206490949E+00    0.195083204180487441E+00    0.105303602350000358E+01    0.268672579831920810E+01    0.100254258642757010E+01   -0.527333985855886131E+05   -0.628044728947167741E+01    1
    0.246476353880006951E-01    0.110545714639819478E+00    0.722713495718607546E+00    0.194298776217713604E+00    0.102253038432601540E+01    0.368758581238060312E+01    0.992831772043797689E+00   -0.520444736735419792E+05   -0.628378062280502636E+01    1
    0.222854853105420997E-01    0.188120077376976336E+00    0.687514766567557611E+00    0.122477687485923081E+00    0.934375680696885369E+00    0.269957333851245629E+01    0.996667162340242885E+00   -0.519063407067605003E+05   -0.628711395613837443E+01    1
    0.213092594740070217E-01    0.198476048549495465E+00    0.654603889723066712E+00    0.164695938615255610E+00    0.983694592399112611E+00    0.379951365693076415E+01    0.999756877774369612E+00   -0.515446532699933450E+05   -0.629044728947171272E+01    1
    0.222692120536801715E-01    0.101603905105015491E+00    0.811385037079682014E+00    0.631192766014101875E-01    0.951325366695223273E+00    0.235098124609861170E+01    0.997803413042002707E+00   -0.515274607502328654E+05   -0.629378062280503148E+01    1
    0.244602256073101973E-01    0.169331534810908624E+00    0.711899868254105339E+00    0.979537511122527127E-01    0.931378735915109779E+00    0.365547727349896645E+01    0.100189123737497909E+01   -0.512645798894229010E+05   -0.629711395613835290E+01    1
    0.236517531356428730E-01    0.138255008423903702E+00    0.661156882663719303E+00    0.344811542868135729E-01    0.989415623874382533E+00    0.236521030247216046E+01    0.998479201965209451E+00   -0.504534858666306536E+05   -0.630044728947168586E+01    1
    0.234387366086317682E-01    0.170885701770735615E+00    0.805490258099641254E+00    0.947245759520422143E-01    0.100526875152117046E+01    0.265647561268070742E+01    0.100029558165266552E+01   -0.499128503796655132E+05   -0.630378062280502860E+01    1
    0.201479809219876800E-01    0.118678164786019266E+00    0.666884148783585928E+00    0.810904060008824229E-01    0.955327269428778325E+00    0.348776306887499832E+01    0.999152379704861038E+00   -0.497042849550892424E+05   -0.630711395613838466E+01    1
    0.215589307640614743E-01    0.169065090181122590E+00    0.551026993982223323E+00    0.519775220567660901E-01    0.108393473138581387E+01    0.347576513311845758E+01    0.999626408880822326E+00   -0.495711258776238610E+05   -0.631044728947171318E+01    1
    0.215896840724058986E-01    0.141725851760115290E+00    0.577045328174079497E+00    0.188607033266935620E+00    0.927578463733574887E+00    0.375521060621343272E+01    0.100188317425277096E+01   -0.494337622345305863E+05   -0.631378062280503194E+01    1
    0.208299306394948286E-01    0.129767362349597598E+00    0.846347356375441340E+00    0.159611372562161513E+00    0.921454421493722697E+00    0.272238128969274840E+01    0.998523387947842345E+00   -0.482899952995490603E+05   -0.631711395613834714E+01    1
    0.208686176224953494E-01    0.178514915962208448E+00    0.660258271297878840E+00    0.130870081780649766E+00    0.974976902244304666E+00    0.369986329386523138E+01    0.100227767812069324E+01   -0.482366265356988952E+05   -0.632044728947169521E+01    1
    0.217880912058812104E-01    0.191686317928071503E+00    0.658857139232905675E+00    0.138520105141544753E+00    0.105009938668575020E+01    0.273494570787993796E+01    0.999961109364433165E+00   -0.480341622894029788E+05   -0.632378062280504061E+01    1
    0.221285326031707384E-01    0.129192386258767028E+00    0.572580112668883534E+00    0.111239931335418277E+00    0.104368197044298827E+01    0.248233984333153090E+01    0.997455611734428094E+00   -0.480188980192584204E+05   -0.632711395613835670E+01    1
    0.218544579843330117E-01    0.108251717095613001E+00    0.575389958508128907E+00    0.175817040154615634E+00    0.106979539190563733E+01    0.257055279260788616E+01    0.100226712683257491E+01   -0.479747849974497076E+05   -0.633044728947167812E+01    1
    0.214738865758815588E-01    0.105755177048503776E+00    0.832385745989510317E+00    0.876363894367113705E-01    0.984580150350357952E+00    0.247139893613403094E+01    0.100098396245487931E+01   -0.473574624626326622E+05   -0.633378062280503062E+01    1
    0.245274903295559510E-01    0.189595929809695862E+00    0.844021506115437470E+00    0.119008583412898175E+00    0.921146062886113337E+00    0.283148673566798470E+01    0.998724742801757603E+00   -0.472778945841215318E+05   -0.633711395613839290E+01    1
    0.245752300641944033E-01    0.143797863770181888E+00    0.746020152901529676E+00    0.132793772430228663E+00    0.101992458898688398E+01    0.264998347607019902E+01    0.100267200713401561E+01   -0.471261672272755532E+05   -0.634044728947172054E+01    1
    0.238683638220151019E-01    0.181792103846275865E+00    0.586782585376179444E+00    0.113792052702664293E+00    0.911791699885007190E+00    0.268070251175073304E+01    0.998843269339201534E+00   -0.470469135072997524E+05   -0.634378062280503752E+01    1
    0.233066068466589796E-01    0.122295283851718992E+00    0.684623506760296152E+00    0.857459796299331056E-01    0.104026426463696642E+01    0.245226418005802804E+01    0.998532295207862908E+00   -0.469599271886915521E+05   -0.634711395613836871E+01    1
    0.235329482873678636E-01    0.146014923654299827E+00    0.569456913353795557E+00    0.342977126845553648E-01    0.106945390504308735E+01    0.237939322485988036E+01    0.999510711010240249E+00   -0.469473714414989445E+05   -0.635044728947170878E+01    1
    0.207139522429097764E-01    0.129456363256752860E+00    0.624002448022691558E+00    0.166660827987063498E+00    0.969917398747233150E+00    0.264081831009469958E+01    0.997924402449754999E+00   -0.461213363723470684E+05   -0.635378062280502043E+01    1
    0.206209275904369813E-01    0.150935876182301087E+00    0.802627429702251427E+00    0.189149214888769651E+00    0.945618521122572719E+00    0.286420443389739443E+01    0.100357274427291721E+01   -0.458540409895503763E+05   -0.635711395613836228E+01    1
    0.249483812919018069E-01    0.169528683094538030E+00    0.822405605868991696E+00    0.784610370294570314E-01    0.992700935869908041E+00    0.267975479808834693E+01    0.999926772035028222E+00   -0.457286698379603913E+05   -0.636044728947170235E+01    1
    0.242253013974934317E-01    0.196236166051457578E+00    0.788289326652895084E+00    0.701164718763180456E-01    0.100379444284844177E+01    0.272029882303007930E+01    0.100249542644153378E+01   -0.456140697615404060E+05   -0.636378062280501489E+01    1
    0.211762213374295308E-01    0.146963996302314881E+00    0.728796351157157352E+00    0.201118875512156306E-01    0.101793868182943892E+01    0.244385086692135500E+01    0.998248245578608362E+00   -0.455166284665051789E+05   -0.636711395613835140E+01    1
    0.236919600367811803E-01    0.113670845145011884E+00    0.619654051637427039E+00    0.152587387388970874E+00    0.103285704194009686E+01    0.258594735797227138E+01    0.100301011365326853E+01   -0.448193553017023296E+05   -0.637044728947168526E+01    1
    0.234256936248473900E-01    0.160757360691087675E+00    0.780018021553997576E+00    0.696079036911359389E-01    0.932935477795076129E+00    0.265093107052331955E+01    0.100073422574730553E+01   -0.447421841664176100E+05   -0.637378062280502000E+01    1
    0.242109351908596851E-01    0.191802433713335274E+00    0.617572496925640424E+00    0.689463637920108147E-01    0.953885540648367947E+00    0.264800877458373085E+01    0.100119394224462144E+01   -0.445913011760303489E+05   -0.637711395613836185E+01    1
    0.233444420794560042E-01    0.173904759871300219E+00    0.839470209599473050E+00    0.154726330633362413E+00    0.105201803597548227E+01    0.364634453244373979E+01    0.996644121612029310E+00   -0.442935333955741662E+05   -0.638044728947170103E+01    1
    0.247670172091217361E-01    0.164889875056616675E+00    0.814446956871732186E+00    0.781925586895979990E-01    0.106503795276694557E+01    0.266750926468692873E+01    0.100612537177792438E+01   -0.441823527132334275E+05   -0.638378062280502157E+01    1
    0.222441411530089270E-01    0.110458030264427284E+00    0.561838797544960245E+00    0.150136320908358961E+00    0.100647210945386911E+01    0.257495554841831398E+01    0.999881982044605988E+00   -0.441183291658195085E+05   -0.638711395613835187E+01    1
    0.213469608944032926E-01    0.143376625908872818E+00    0.815125412565661511E+00    0.139588664812857838E+00    0.102297783630485384E+01    0.360273873672153933E+01    0.999113616628229062E+00   -0.439334513993654036E+05   -0.639044728947170881E+01    1
    0.242495580988798844E-01    0.181107943988982500E+00    0.660775418973914008E+00    0.116430165673729435E+00    0.104069015165963807E+01    0.363241481053638582E+01    0.100204627764854481E+01   -0.438303850516135572E+05   -0.639378062280505244E+01    1
    0.240940347106043742E-01    0.131301651164367650E+00    0.849821764068697583E+00    0.197055110209674977E+00    0.906047827914427395E+00    0.285273364151381870E+01    0.997971362735649903E+00   -0.438034119484791881E+05   -0.639711395613836942E+01    1
    0.201246138197465792E-01    0.162179163642734769E+00    0.726230818747519047E+00    0.647481925392073138E-01    0.923709121703488178E+00    0.352943612477225965E+01    0.100285177486500610E+01   -0.433956156151967371E+05   -0.640044728947168995E+01    1
    0.214135309246531284E-01    0.148579305694523989E+00    0.576424021402131226E+00    0.269446098022248920E-01    0.105758829157148360E+01    0.240600967366104124E+01    0.995929854232547318E+00   -0.433052609733994614E+05   -0.640378062280502913E+01    1
    0.243422331701809921E-01    0.179870146499420402E+00    0.609802889981942209E+00    0.123846354099473074E+00    0.108172076498214098E+01    0.269632142895318250E+01    0.100232318398020670E+01   -0.430731119808434159E+05   -0.640711395613837098E+01    1
    0.223785096649917331E-01    0.170203496945399851E+00    0.689752926491705942E+00    0.624568783955719575E-01    0.935085798371786847E+00    0.263241179188617203E+01    0.996617682182347253E+00   -0.428462650110347313E+05   -0.641044728947169862E+01    1
    0.249438456773647468E-01    0.111342568976450812E+00    0.717161878491299865E+00    0.428868630644273149E-01    0.948872361871951009E+00    0.242154609805162035E+01    0.999463229395201380E+00   -0.420710217715727267E+05   -0.641378062280503070E+01    1
    0.226404970603329009E-01    0.102014068425540200E+00    0.610940539767382162E+00    0.617719925538503939E-01    0.963725919825769495E+00    0.241922628574092435E+01    0.100372713760086163E+01   -0.419617374067044948E+05   -0.641711395613836455E+01    1
    0.212296926535632709E-01    0.173837960959260213E+00    0.749188037809868645E+00    0.117913040724291873E+00    0.108923627737598072E+01    0.275789325311037503E+01    0.100119950594916118E+01   -0.417783192991477772E+05   -0.642044728947169219E+01    1
    0.207613310714962994E-01    0.104894360980356330E+00    0.838076444667120724E+00    0.151660094273800838E+00    0.101271573050815400E+01    0.265252930914867902E+01    0.999693959510922991E+00   -0.417472248676111994E+05   -0.642378062280502249E+01    1
    0.201742653729838385E-01    0.124990080828628738E+00    0.710096691019602155E+00    0.270366739260392390E-01    0.915097468190528396E+00    0.339045779048449170E+01    0.100412650523926339E+01   -0.415457179229966496E+05   -0.642711395613836789E+01    1
    0.247544185778752895E-01    0.162051573965646512E+00    0.722525365615929061E+00    0.834527557538610881E-01    0.943806444916384435E+00    0.356484759477889401E+01    0.100091163620005519E+01   -0.409900888227167743E+05   -0.643044728947170352E+01    1
    0.200555999995497072E-01    0.176576078583328577E+00    0.638827854708412857E+00    0.386289322067239344E-01    0.983047953658201079E+00    0.259409864914291655E+01    0.997787933980877506E+00   -0.407937430459048483E+05   -0.643378062280502050E+01    1
    0.214370148519746236E-01    0.165332296404442192E+00    0.811443723801190453E+00    0.186097494641493472E+00    0.105390697831619962E+01    0.292346121411451954E+01    0.999904642341842731E+00   -0.406499125730927699E+05   -0.643711395613836235E+01    1
    0.221386287339067900E-01    0.106704780177751243E+00    0.667709589502134215E+00    0.178183552695152847E+00    0.109970741662010130E+01    0.264973802419210447E+01    0.100106814153073920E+01   -0.406308899695696600E+05   -0.644044728947170597E+01    1
    0.219986362267910046E-01    0.136243214974409999E+00    0.795729719327948226E+00    0.458682558053985223E-01    0.934735537707280906E+00    0.257697185393851491E+01    0.100017914464996460E+01   -0.406246896873650840E+05   -0.644378062280503272E+01    1
    0.234351779140271922E-01    0.198748149658939388E+00    0.777538838375975594E+00    0.131465993402724163E+00    0.949566624714513252E+00    0.291796268673369541E+01    0.996821760319447581E+00   -0.405574791599650343E+05   -0.644711395613837279E+01    1
    0.206799469057968137E-01    0.139574738441787555E+00    0.561529771365463004E+00    0.545498350894378925E-01    0.100614505883339667E+01    0.249053023514132832E+01    0.998957207884851095E+00   -0.399859264494904783E+05   -0.645044728947170043E+01    1
    0.203657661176503031E-01    0.177500838501602309E+00    0.775729813926989475E+00    0.480646626842323871E-01    0.999831545386626774E+00    0.343786707703840078E+01    0.997326747387355717E+00   -0.399738920055825802E+05   -0.645378062280502096E+01    1
    0.244067459465278566E-01    0.131623754600313170E+00    0.682930747108156044E+00    0.114022239834284944E+00    0.908854502787204921E+00    0.357383883443572437E+01    0.100000613352425272E+01   -0.399048293864965963E+05   -0.645711395613835393E+01    1
    0.204090667972569237E-01    0.147605181219320203E+00    0.583779727814824678E+00    0.191795953842301525E+00    0.904505331541713309E+00    0.373934039587886868E+01    0.997165995290051788E+00   -0.398745124341904520E+05   -0.646044728947169666E+01    1
    0.219107965813302163E-01    0.156215964504640342E+00    0.578343499196259936E+00    0.469615132523811887E-01    0.996199322506961749E+00    0.343935778890609090E+01    0.996859092376431777E+00   -0.397516130451934368E+05   -0.646378062280503585E+01    1
    0.248611123608005989E-01    0.100738326626702970E+00    0.682094970946270696E+00    0.668749263706049368E-01    0.909875911617652133E+00    0.247667442297871387E+01    0.100463472057007053E+01   -0.396713404418834980E+05   -0.646711395613835816E+01    1
    0.240089496932509548E-01    0.128490374813933717E+00    0.787855649304709305E+00    0.362681595923306094E-01    0.988475992600211684E+00    0.251695165758378936E+01    0.100017569513803806E+01   -0.394964725693504806E+05   -0.647044728947168490E+01    1
    0.221167618802746400E-01    0.120109921711353068E+00    0.577783167963721644E+00    0.187922919901255842E+00    0.964957339619616050E+00    0.273754590038358092E+01    0.998008416890551420E+00   -0.384543044120603736E+05   -0.647378062280502053E+01    1
    0.209692347131011474E-01    0.178540635361285172E+00    0.828853563525628223E+00    0.250361111814679516E-01    0.938316512523617696E+00    0.339223031305631739E+01    0.996999715484113480E+00   -0.381835098584833904E+05   -0.647711395613836416E+01    1
    0.214803220880908571E-01    0.199513294330892155E+00    0.673672496577527702E+00    0.917339027697355591E-01    0.908471256918877312E+00    0.285706344125363243E+01    0.100591799429951601E+01   -0.380232776841008235E+05   -0.648044728947169890E+01    1
    0.208617142139181436E-01    0.128968469534522651E+00    0.823228203446552786E+00    0.120889208523147065E+00    0.104870099047342502E+01    0.350134624944693629E+01    0.997672137786232649E+00   -0.374809359689643679E+05   -0.648378062280502476E+01    1
    0.242892163393727684E-01    0.142721869016966540E+00    0.610518449559823262E+00    0.632614551084359072E-01    0.107047633907321971E+01    0.254350242207954480E+01    0.999359183357666936E+00   -0.373807778276659737E+05   -0.648711395613837016E+01    1
    0.217374421691131289E-01    0.197113343591323598E+00    0.787165588588763399E+00    0.146134862825365086E+00    0.108394995440904474E+01    0.360228621834890816E+01    0.100218969226581089E+01   -0.368878708739876165E+05   -0.649044728947170046E+01    1
    0.217522098129491505E-01    0.192101398630806719E+00    0.607181370940663712E+00    0.194004355557451019E+00    0.977729158087286110E+00    0.379168780705550468E+01    0.999556411814554679E+00   -0.368332125902026310E+05   -0.649378062280501744E+01    1
    0.206129021246462922E-01    0.187562923071369236E+00    0.766008721501319600E+00    0.346828992797287364E-01    0.106502338539467600E+01    0.270616179620965713E+01    0.996533008045897839E+00   -0.368249451905491223E+05   -0.649711395613835219E+01    1
    0.232830320222723805E-01    0.138449134752647418E+00    0.769983486245535920E+00    0.144100214575449637E+00    0.109902477668094556E+01    0.276816372739752792E+01    0.100166441145152740E+01   -0.362510364994167394E+05   -0.650044728947169936E+01    1
    0.247559441584531970E-01    0.181102919318432865E+00    0.751741464518574154E+00    0.122011476737032651E+00    0.103494210736475845E+01    0.357892585143132091E+01    0.999008608615564175E+00   -0.359177622848774918E+05   -0.650378062280504654E+01    1
    0.244967149674973697E-01    0.131818149149904723E+00    0.756798375214116414E+00    0.155317972179539104E+00    0.935423339407641663E+00    0.363857375724923759E+01    0.100094768351897501E+01   -0.358259072493533968E+05   -0.650711395613836796E+01    1
    0.202265285032096204E-01    0.141466708697853938E+00    0.807130124600586418E+00    0.881370075559633620E-01    0.960707100143736281E+00    0.347353115147907232E+01    0.100109626568666199E+01   -0.356307148884861526E+05   -0.651044728947169471E+01    1
    0.234900263952030341E-01    0.130986116158962690E+00    0.633279009096532786E+00    0.110396333853609807E+00    0.917938034257546942E+00    0.267347938392289741E+01    0.999533891793064178E+00   -0.353184931680116570E+05   -0.651378062280504100E+01    1
    0.230837448263929712E-01    0.130284760365090790E+00    0.555190013998847265E+00    0.770188135305939908E-01    0.988678564905430823E+00    0.258317788831132145E+01    0.100240916255626278E+01   -0.352951040264457115E+05   -0.651711395613837485E+01    1
    0.234473366630831744E-01    0.160040352720628165E+00    0.611707007662184332E+00    0.120919624767292691E+00    0.100822180345131196E+01    0.275371365704535442E+01    0.100214639154580376E+01   -0.350407599667130853E+05   -0.652044728947170160E+01    1
    0.239989417773715276E-01    0.161086527276026459E+00    0.555800484648542592E+00    0.674795283481495062E-01    0.928911640556630669E+00    0.265696913904074261E+01    0.100159983005842612E+01   -0.349108442626234319E+05   -0.652378062280504079E+01    1
    0.210579448842247753E-01    0.140542896493242614E+00    0.846890235371479783E+00    0.535505300410384077E-01    0.103813689184390467E+01    0.267276329386378375E+01    0.994949838388528351E+00   -0.347990153096708600E+05   -0.652711395613837464E+01    1
    0.221229980149870373E-01    0.194682946805292967E+00    0.782309128273510623E+00    0.174761741322019992E+00    0.105974853035910144E+01    0.304656766913800414E+01    0.100260059054776973E+01   -0.346134460195631691E+05   -0.653044728947170494E+01    1
    0.212592538692506078E-01    0.149327141181095802E+00    0.680158720408456707E+00    0.150893680023168275E+00    0.103941443370265407E+01    0.361356973297605588E+01    0.100380983014501579E+01   -0.345374575187950322E+05   -0.653378062280504412E+01    1
    0.219751013375084209E-01    0.124536042537859853E+00    0.791512429293110387E+00    0.150539628504012757E+00    0.929256357990281168E+00    0.360216438647935355E+01    0.100453384124278355E+01   -0.345263479035483178E+05   -0.653711395613837976E+01    1
    0.224191874427295892E-01    0.100606826885699455E+00    0.649868951333277600E+00    0.908263077936312807E-01    0.108819887066207532E+01    0.331593101858564676E+01    0.100206222853301785E+01   -0.343892748991979970E+05   -0.654044728947170384E+01    1
    0.201648558876182694E-01    0.171057154497141484E+00    0.754972113105308762E+00    0.192037256045856891E+00    0.102865334176154977E+01    0.300867605035829566E+01    0.995566656668573358E+00   -0.341846027105695321E+05   -0.654378062280503769E+01    1
    0.221865875155709859E-01    0.144288684079885265E+00    0.663989759733099705E+00    0.154216335513269742E+00    0.103008740538617505E+01    0.279126886727723234E+01    0.996977061061925629E+00   -0.340429360178164570E+05   -0.654711395613837244E+01    1
    0.247251407822171726E-01    0.109174641191194813E+00    0.817220127980382349E+00    0.170142205846085803E+00    0.927410235617806444E+00    0.360059845356500130E+01    0.995585285158114286E+00   -0.338411722469673041E+05   -0.655044728947169297E+01    1
    0.204249559022601015E-01    0.179190617922099810E+00    0.753503299979729313E+00    0.421459619808417854E-01    0.993702257939083400E+00    0.277266423480583679E+01    0.100364247348701596E+01   -0.336431728134763471E+05   -0.655378062280503570E+01    1
    0.245094351921948395E-01    0.115481288184259942E+00    0.563869211481757726E+00    0.242185311219004634E-01    0.109861960822865412E+01    0.245870136119704474E+01    0.999292518723632006E+00   -0.336193046367350325E+05   -0.655711395613836512E+01    1
    0.204258574223320256E-01    0.160476283123935887E+00    0.692528904978563453E+00    0.996327170602577389E-01    0.965277380735264812E+00    0.278866021091572369E+01    0.999726435978547268E+00   -0.335705435194567908E+05   -0.656044728947168654E+01    1
    0.222974697160469824E-01    0.168734379836192883E+00    0.744509908595653136E+00    0.203417420889849578E-01    0.995939040996212777E+00    0.267638522898381837E+01    0.100057424722823796E+01   -0.335023260440703234E+05   -0.656378062280502661E+01    1
    0.240094593128618618E-01    0.198890127894398749E+00    0.608777928715376837E+00    0.877826234429565228E-01    0.103705468628794595E+01    0.353208137837834091E+01    0.997199632250584500E+00   -0.329687491771391578E+05   -0.656711395613837645E+01    1
    0.200854210914362882E-01    0.122090261796089491E+00    0.583385925966018570E+00    0.161277581926643016E+00    0.100930841975010188E+01    0.353145135740906913E+01    0.998195587431190967E+00   -0.329429359017712195E+05   -0.657044728947170675E+01    1
    0.246698539089666886E-01    0.102622941671075121E+00    0.714871451264601276E+00    0.111884423117454349E+00    0.991251184305915523E+00    0.262698312113505317E+01    0.999289252391579397E+00   -0.327218842549098481E+05   -0.657378062280503173E+01    1
    0.232718788033726524E-01    0.195034530692648311E+00    0.826275853889497647E+00    0.926339339179306359E-01    0.977451829651540871E+00    0.295821643711342652E+01    0.997076863712334727E+00   -0.326945602852835727E+05   -0.657711395613837713E+01    1
    0.248922229989189878E-01    0.192255244148667348E+00    0.608106160661253892E+00    0.162717048115190221E+00    0.990587498640007613E+00    0.296587503638889638E+01    0.100730094942313952E+01   -0.326490250921753286E+05   -0.658044728947169855E+01    1
    0.209131792381100010E-01    0.198254617338441130E+00    0.713237610792037735E+00    0.167621004978179361E+00    0.947636328679521411E+00    0.370199332502491885E+01    0.998342573909801634E+00   -0.325589111828347086E+05   -0.658378062280501553E+01    1
    0.205442867614200539E-01    0.151212203260214367E+00    0.610526263727190543E+00    0.124008413135741069E+00    0.972711902353981861E+00    0.277309481867357777E+01    0.100025744725139254E+01   -0.325197650981357692E+05   -0.658711395613835204E+01    1
    0.208373883711575787E-01    0.183075475038118496E+00    0.785923743944630493E+00    0.187859727069503518E+00    0.908498996915007795E+00    0.313355061721077455E+01    0.100168268479879363E+01   -0.324930199584762595E+05   -0.659044728947169300E+01    1
    0.216732104286101734E-01    0.103028735972011606E+00    0.731005310771670302E+00    0.493042721546332399E-01    0.942739879616086629E+00    0.251072428475242093E+01    0.997848006231613294E+00   -0.324126932127872933E+05   -0.659378062280502775E+01    1
    0.222416279236646204E-01    0.139048685833603913E+00    0.749068357667560081E+00    0.464448447975941495E-01    0.105510486454360231E+01    0.262885673316420032E+01    0.100305168674442791E+01   -0.323450758985672292E+05   -0.659711395613836871E+01    1
    0.247501422434911432E-01    0.186364381193005080E+00    0.632067312475697696E+00    0.151941801265875559E+00    0.103659109337453037E+01    0.291426159666123041E+01    0.999865643764357603E+00   -0.323249054906244419E+05   -0.660044728947169990E+01    1
    0.210920786693215394E-01    0.187966380870697836E+00    0.693944789190168110E+00    0.165100265450131206E+00    0.925040128917908100E+00    0.369938919861550719E+01    0.997150612157655103E+00   -0.322995591974289709E+05   -0.660378062280503642E+01    1
    0.212022119375857195E-01    0.135352221080648316E+00    0.612370156886396511E+00    0.190261698406125890E+00    0.911470037523344767E+00    0.287846686886534187E+01    0.100155290935117036E+01   -0.322450621518006665E+05   -0.660711395613837382E+01    1
    0.206514728786127422E-01    0.162812677443491732E+00    0.799792299577749111E+00    0.924110316645374436E-01    0.102469284040597541E+01    0.344974651878482685E+01    0.999151159528967714E+00   -0.321913989496536924E+05   -0.661044728947169258E+01    1
    0.230947812202123050E-01    0.188067988888324822E+00    0.576120037774573435E+00    0.167979165640723849E+00    0.100919704253315023E+01    0.370521304808245144E+01    0.100282650539827678E+01   -0.321464992541440115E+05   -0.661378062280503354E+01    1
    0.231523494607852945E-01    0.166216239070137189E+00    0.704545681759549569E+00    0.303651873594576460E-01    0.941930854013426355E+00    0.341624490042411555E+01    0.100372353819399152E+01   -0.321088782370123918E+05   -0.661711395613837716E+01    1
    0.230920274861744282E-01    0.190786144920850220E+00    0.700548350701334477E+00    0.164791253575745839E+00    0.105781067645666349E+01    0.298707378169138371E+01    0.996122430542197068E+00   -0.320113861019885226E+05   -0.662044728947170569E+01    1
    0.231851782024457137E-01    0.179060906320081925E+00    0.755332297941184949E+00    0.474408668228160219E-01    0.108417146906658513E+01    0.275659709076432202E+01    0.999772781383070797E+00   -0.319654239284982796E+05   -0.662378062280502888E+01    1
    0.224766367720600352E-01    0.172606308707345446E+00    0.646634261552435419E+00    0.198016360084182191E+00    0.900979097620190017E+00    0.302939378627364730E+01    0.998810962715806272E+00   -0.318792700032862813E+05   -0.662711395613836540E+01    1
    0.220073456557437000E-01    0.193793800655149784E+00    0.580769932274205702E+00    0.151005313540041375E+00    0.905641920364688491E+00    0.371968111903374687E+01    0.100248019194191018E+01   -0.317720354576603750E+05   -0.663044728947170547E+01    1
    0.249010665382956020E-01    0.102814719577284358E+00    0.577674556401734263E+00    0.258821977527444111E-01    0.917055587668136662E+00    0.311462793441846797E+01    0.997207269316848666E+00   -0.317380761359499847E+05   -0.663378062280504377E+01    1
    0.223595446629100969E-01    0.112071265415413054E+00    0.644963496009818504E+00    0.417937021769498734E-01    0.915093772703291397E+00    0.252215669175243828E+01    0.998460556594578219E+00   -0.316146986089601378E+05   -0.663711395613838206E+01    1
    0.232391710591169295E-01    0.182133835087820384E+00    0.592452952913523179E+00    0.124350448360913135E+00    0.986752715376050027E+00    0.285980740013172063E+01    0.100008780418949073E+01   -0.313796845577191234E+05   -0.664044728947170260E+01    1
    0.244762777309842292E-01    0.111866499659704827E+00    0.827960835137050433E+00    0.156217123563353211E+00    0.930570377884337496E+00    0.281946936880113341E+01    0.998928058098467297E+00   -0.313617091421546829E+05   -0.664378062280503734E+01    1
    0.203924895567674409E-01    0.150149667233097556E+00    0.835937401286945936E+00    0.133450591642431698E+00    0.108104883003504604E+01    0.291315569230324867E+01    0.100336708958665044E+01   -0.313535025664137465E+05   -0.664711395613837830E+01    1
    0.242051282095038373E-01    0.163972118682703338E+00    0.755251938975170622E+00    0.117982327533707215E+00    0.107252018193379928E+01    0.351083220755645886E+01    0.100023714684208742E+01   -0.313096031585895289E+05   -0.665044728947171215E+01    1
    0.224005243381133652E-01    0.149415218947064860E+00    0.626751997815341411E+00    0.165302096273717697E+00    0.941980647723713038E+00    0.287592103578686231E+01    0.999450657253513897E+00   -0.312453017696470997E+05   -0.665378062280503446E+01    1
    0.223289099677850544E-01    0.167122706326587878E+00    0.696372634897912568E+00    0.181121375641600107E+00    0.924026158745641091E+00    0.300686454635658240E+01    0.997757039705051696E+00   -0.311731340915996334E+05   -0.665711395613836832E+01    1
    0.213179146627438185E-01    0.123986803727495820E+00    0.572405840643343655E+00    0.103460067626498439E+00    0.109826534213282034E+01    0.265130204975820583E+01    0.100597102133777327E+01   -0.311595003633340712E+05   -0.666044728947171638E+01    1
    0.228980853357462454E-01    0.145027096074002770E+00    0.572465492959904343E+00    0.477618949911848417E-01    0.106720205393477241E+01    0.334452359938446442E+01    0.100107514245786988E+01   -0.309944017583684144E+05   -0.666378062280503958E+01    1
    0.225761586275371358E-01    0.109954329393564060E+00    0.629071375012217326E+00    0.241884689292739888E-01    0.940678667965493265E+00    0.248888169020583971E+01    0.100124071697769823E+01   -0.309665037738344690E+05   -0.666711395613836277E+01    1
    0.205632630883819285E-01    0.151435672949712330E+00    0.835951473940762857E+00    0.402665921441608191E-01    0.104325889675898731E+01    0.330331867827364212E+01    0.999532042268008847E+00   -0.309233491986219342E+05   -0.667044728947169219E+01    1
    0.246090005590539236E-01    0.149256730228304824E+00    0.731681692224376290E+00    0.487514046142210333E-01    0.104701518072147559E+01    0.266600806240385602E+01    0.997627514635515245E+00   -0.305819408792539471E+05   -0.667378062280503492E+01    1
    0.232091854584436721E-01    0.148094213390037949E+00    0.692476440980724917E+00    0.280157122071755527E-01    0.935493649032556829E+00    0.264249677655588133E+01    0.100112640216235582E+01   -0.305422787504574844E+05   -0.667711395613838565E+01    1
    0.244101028794502205E-01    0.115299654986562541E+00    0.741061160696840693E+00    0.142487499176862348E+00    0.975850062431916299E+00    0.277079574877511536E+01    0.100324167452048085E+01   -0.305195799166435318E+05   -0.668044728947170441E+01    1
    0.213621943484450724E-01    0.185398893429101930E+00    0.820209646024904204E+00    0.602804378766516880E-01    0.103421792299650339E+01    0.337297837427212244E+01    0.100167406459120500E+01   -0.303498429467593705E+05   -0.668378062280503915E+01    1
    0.217006807137769750E-01    0.181931590608081895E+00    0.728866213747326075E+00    0.142669674776718713E+00    0.989105489048714204E+00    0.300387692373938542E+01    0.100310379970313046E+01   -0.302305656123012013E+05   -0.668711395613835169E+01    1
    0.236801723265647190E-01    0.182480942667248347E+00    0.638106555204387860E+00    0.802591574069087543E-01    0.104528404760670379E+01    0.278937379758025727E+01    0.998869954820889139E+00   -0.301607963291257001E+05   -0.669044728947168643E+01    1
    0.215858106653398496E-01    0.149029898837513886E+00    0.601084961408602791E+00    0.131431811337874765E+00    0.100949634123656562E+01    0.278892914701916306E+01    0.997740186599403667E+00   -0.300778041384571115E+05   -0.669378062280502206E+01    1
    0.217226420407522006E-01    0.142361165620784463E+00    0.721318103579778325E+00    0.191071199653756268E+00    0.980069426707977476E+00    0.294943572101983786E+01    0.996332130825987816E+00   -0.300578233226904631E+05   -0.669711395613837546E+01    1
    0.235272274347064908E-01    0.143206770586627452E+00    0.694540525574621981E+00    0.156017535066054730E+00    0.938077521787724411E+00    0.289427294461495421E+01    0.100436223009733427E+01   -0.299267162977019179E+05   -0.670044728947172352E+01    1
