    0.197527046441019595E-93    0.113045392979696571E+05    0.210922431084129836E-01    0.138706059122977232E+00    0.613517520826699858E+00    0.173253183529090721E+00    0.974945087715955450E+00    0.332878771677566387E+01    0.999621840928765049E+00
    0.452472922585749446E-62    0.111601213173984470E+05    0.217239359390753971E-01    0.106510541030425801E+00    0.718152067163419283E+00    0.153124351319773838E+00    0.980534918410021383E+00    0.322823321517838302E+01    0.999041503299927136E+00
    0.307692952730893482E-73    0.112115494405298086E+05    0.203412348393924892E-01    0.124560545118707774E+00    0.656393908516036850E+00    0.168919409638103757E+00    0.100926921060092067E+01    0.325670260297421033E+01    0.999136620772915096E+00
    0.500074374254348040E-55    0.111276850682683125E+05    0.204293011767271195E-01    0.116396681485751802E+00    0.681904555537641954E+00    0.118218570251864608E+00    0.102115831923044409E+01    0.316144824025116256E+01    0.100296908484113945E+01
    0.444164284649776552E-19    0.109621360662355437E+05    0.223669936711122473E-01    0.111305752058343532E+00    0.715561449785894865E+00    0.161082190347668269E+00    0.975564988832330560E+00    0.321679104804644078E+01    0.100129452485807424E+01
    0.107160824902347342E-43    0.110755038782231859E+05    0.241669816339992460E-01    0.111274377847168413E+00    0.728782755851567710E+00    0.864044195727591002E-01    0.988662015816925255E+00    0.311966092753452706E+01    0.100092420927529147E+01
    0.383674563153648089E-72    0.112065028856988956E+05    0.247557351933731795E-01    0.128492221555209035E+00    0.674588365703599702E+00    0.300647661545947950E-01    0.937256166374949129E+00    0.300922029669218460E+01    0.100005047183632279E+01
    0.670625519811804753E-66    0.111777550322089191E+05    0.233422731567066513E-01    0.113072065169693564E+00    0.733288818279596577E+00    0.240717697057572996E-01    0.955998017286061041E+00    0.296036570816029521E+01    0.100009934754439711E+01
    0.303266468760605556E-89    0.112852611445558723E+05    0.236287621780656258E-01    0.124112025886747607E+00    0.680090897568413455E+00    0.136050316757454381E+00    0.903756945380103760E+00    0.322334146015876044E+01    0.999575982406933905E+00
    0.541874069218017968E-20    0.109663435581708127E+05    0.225039391389798664E-01    0.126463661415110395E+00    0.673249135329768045E+00    0.161478245282330263E+00    0.979889534730868594E+00    0.327715893685873727E+01    0.997437840117317065E+00
    0.100000000000036948E+01    0.108730147111527403E+05    0.227838429557129483E-01    0.128012717105925183E+00    0.663425039795292770E+00    0.186302797461229741E+00    0.954975701035611690E+00    0.333236906615237372E+01    0.100012555365142775E+01
    0.132996739444930525E-16    0.109507322954615756E+05    0.242366453767498199E-01    0.118634577710987885E+00    0.710450158897332096E+00    0.131318665105894156E+00    0.101111487962917490E+01    0.318455358002672373E+01    0.100100442514693411E+01
    0.268595229655358067E-47    0.110920868094043472E+05    0.201152571609814271E-01    0.137293356215727747E+00    0.606734880528888132E+00    0.431227529785846442E-01    0.902089059954638839E+00    0.307148974040269707E+01    0.100476298041633028E+01
