0.022089 0.107492 0.595033 0.0332562 0.987305 3.8601 0.996749 -477671 0
0.0213174 0.110291 0.564214 0.0342324 0.970396 3.77901 0.996558 -367160 0
0.0236462 0.141363 0.724195 0.0388621 0.916772 3.96663 0.997685 -364344 0
0.0224222 0.142767 0.696479 0.0315278 1.00607 3.88478 0.997514 -322339 0
0.022249 0.125751 0.817319 0.0340564 0.950336 3.86499 0.998912 -303657 0
0.0231084 0.149762 0.82787 0.0699622 0.998899 3.96559 1.00168 -290288 0
0.0211686 0.19433 0.791793 0.0307687 0.927878 3.97988 0.997708 -288337 0
0.0243978 0.114575 0.585499 0.097033 1.05731 3.84162 0.998422 -286531 0
0.0225466 0.124297 0.666316 0.0242114 1.04712 3.77915 1.00271 -284742 0
0.0210908 0.162679 0.619273 0.0428068 1.05618 3.8496 1.00103 -248396 0
0.0242407 0.115885 0.627301 0.0789494 0.936319 3.80943 0.995317 -240143 0
0.0228213 0.119371 0.568875 0.0578718 0.986065 3.74031 1.00523 -224983 0
0.0224685 0.128262 0.827303 0.121834 0.944081 3.94602 0.997967 -211675 0
0.0201481 0.140671 0.808483 0.122215 0.977071 3.93738 0.999388 -195249 0
0.0239878 0.135709 0.748818 0.0597785 1.00982 3.79378 0.996925 -195108 0
0.0244176 0.155752 0.847288 0.0866592 1.00361 3.88907 0.998646 -193812 0
0.0209861 0.143898 0.681166 0.0227733 0.998611 3.72857 0.999525 -192241 0
0.0248668 0.18841 0.749745 0.0940961 0.958002 3.96749 0.999348 -186371 0
0.0234965 0.106438 0.762993 0.175372 0.950049 3.95161 1.00215 -178448 0
0.0211219 0.154104 0.82368 0.0418974 1.05425 3.74743 1.00263 -175288 0
0.0216452 0.10398 0.786642 0.184988 1.0442 3.92276 0.998904 -167745 0
0.0236593 0.103416 0.846364 0.140005 1.04643 3.83787 0.996643 -166254 0
0.0227392 0.171398 0.684864 0.0244802 1.0986 3.69812 0.999382 -163897 0
0.0214331 0.111682 0.719806 0.0914703 1.04022 3.73498 0.997375 -163630 0
0.0202589 0.142857 0.737043 0.074364 0.946956 3.78868 1.00073 -150618 0
0.0212693 0.168228 0.654638 0.100957 0.918202 3.8913 0.998625 -147675 0
0.0204376 0.152356 0.713553 0.116468 0.907301 3.90415 1.00479 -145621 0
0.0234945 0.125396 0.689789 0.027938 1.05355 3.60596 0.999298 -142119 0
0.0200079 0.105683 0.835831 0.144584 1.06024 3.79787 1.00181 -135880 0
0.0219923 0.117054 0.714586 0.111095 0.959791 3.77085 1.00353 -132393 0
0.0205627 0.179464 0.786867 0.039974 0.988781 3.71721 1.00134 -124585 0
0.02378 0.139684 0.609738 0.190673 1.06723 3.90696 0.999336 -123470 0
0.0228172 0.157195 0.565027 0.0737753 0.969715 3.73858 1.00151 -121372 0
0.0242922 0.181651 0.831855 0.11868 0.998135 3.87453 1.00463 -118200 0
0.0219513 0.152937 0.844489 0.0925138 0.90991 3.78393 0.995854 -117897 0
0.0247133 0.157898 0.770004 0.0200072 1.02339 3.62687 1.0014 -117402 0
0.0226615 0.104339 0.815454 0.127347 1.08876 3.72185 1.00174 -117001 0
0.0224446 0.153509 0.625976 0.18611 1.07108 3.91475 0.997499 -116669 0
0.0241266 0.157766 0.683136 0.139461 0.957871 3.87479 0.998211 -112190 0
0.0247439 0.150724 0.647091 0.169329 0.91459 3.92914 0.998994 -111302 0
0.0246601 0.190921 0.661066 0.19304 1.09466 2.06329 0.994793 -109609 0
0.0240201 0.10899 0.665823 0.0782868 0.979506 3.58968 0.996398 -107116 0
0.0224876 0.153565 0.804873 0.160618 0.933966 3.88629 0.995127 -103778 0
0.0212764 0.15115 0.818928 0.171642 0.917541 2.14194 0.999685 -103547 0
0.0230142 0.155596 0.758172 0.186842 1.08908 2.13189 0.998983 -101352 0
0.0247735 0.197569 0.815898 0.152797 0.972913 2.25905 0.999359 -98481.2 0
0.0227325 0.117345 0.813408 0.155335 1.01976 2.05148 1.00355 -98160.8 0
0.0218113 0.188069 0.802959 0.0408308 0.94393 3.67855 0.996234 -97792.3 0
0.0246569 0.188622 0.777855 0.116983 1.03923 2.14746 1.00167 -97598.4 0
0.0216824 0.153733 0.666776 0.187013 1.09758 2.15021 0.998385 -96914.6 0
0.0203692 0.132999 0.708538 0.177078 0.991479 2.12819 1.00097 -96659.1 0
0.0211424 0.129179 0.770936 0.161542 1.04503 2.09683 1.00083 -96457 0
0.0209295 0.147379 0.835243 0.148729 0.915212 2.19357 0.999795 -96063.3 0
0.0218652 0.121957 0.660656 0.171016 0.977601 3.80584 0.999962 -96063 0
0.024742 0.101419 0.819394 0.175963 1.06448 2.06835 1.00258 -95130.7 0
0.0222602 0.191369 0.779681 0.0871602 1.02351 2.15216 1.00237 -94013.2 0
0.0224643 0.185932 0.830867 0.0341199 1.04439 2.04961 0.999786 -93089.9 0
0.0210169 0.119754 0.688387 0.197577 0.962452 2.17491 1.00326 -93062.3 0
0.0208368 0.101362 0.792653 0.199025 1.06556 2.1341 1.00328 -92746 0
0.0235155 0.182374 0.636085 0.100324 0.969879 2.14872 1.00124 -91845.2 0
0.0227314 0.141875 0.838731 0.0223068 1.0726 3.51224 0.999651 -91395.5 0
0.0213215 0.15305 0.725042 0.129311 0.958183 2.18137 1.00046 -90831.3 0
0.0217028 0.18612 0.679027 0.0219784 1.06438 2.0015 1.0001 -90469.7 0
0.0234419 0.164334 0.700046 0.0892861 0.912271 2.13731 0.998351 -90384.4 0
0.0249443 0.135974 0.706407 0.191341 1.04524 2.25474 1.0043 -88587 0
0.0231745 0.148342 0.554287 0.0384945 0.940316 3.58167 1.00411 -88382.2 0
0.0221149 0.194916 0.746221 0.0860307 1.07758 3.70326 1.00084 -87977.6 0
0.0202173 0.125833 0.652457 0.136913 1.02811 3.7107 0.998853 -87810.3 0
0.022617 0.150582 0.748947 0.0882423 1.04894 2.10815 0.999088 -87659.6 0
0.0218342 0.139873 0.828529 0.0750712 1.02273 2.09637 1.00042 -87558.3 0
0.0220614 0.13863 0.770267 0.161034 1.04879 2.22736 0.997989 -87511.5 0
0.0219867 0.162998 0.722698 0.114035 0.973907 2.22163 0.999878 -86691 0
0.0244104 0.15936 0.566181 0.140298 1.06312 3.74928 0.995018 -85864.7 0
0.0215836 0.178973 0.786189 0.0364926 0.935286 2.16464 0.998544 -85189.4 0
0.0217641 0.163376 0.771475 0.161965 0.930766 2.37653 1.00244 -85145.1 0
0.0234923 0.119567 0.779536 0.055005 1.01304 2.00878 1.00221 -84931.1 0
0.0249041 0.136183 0.827847 0.0584718 0.966044 2.1079 1.00147 -84310.8 0
0.0236962 0.10268 0.574304 0.198123 1.09672 2.17968 0.995052 -84080.1 0
0.0214136 0.15483 0.813338 0.0322992 0.945396 2.11615 0.998459 -83786.1 0
0.0214082 0.163103 0.794036 0.15868 1.09616 2.33977 1.00166 -83467.6 0
0.0216112 0.166251 0.647804 0.0841721 0.927782 2.20696 1.00349 -83122.8 0
0.0242854 0.161776 0.842363 0.0276117 0.90807 2.15099 0.993764 -82697.4 0
0.0202031 0.173629 0.646535 0.0275244 1.06095 2.08295 1.00001 -81585 0
0.0202042 0.181886 0.689885 0.110416 1.0974 2.26697 0.99725 -81523 0
0.0232428 0.198964 0.699404 0.104347 0.982758 2.34097 1.00014 -81419.7 0
0.021056 0.171384 0.763404 0.135426 1.01743 2.3567 0.999029 -80945.6 0
0.023052 0.112885 0.601375 0.177484 0.945535 2.23445 0.997208 -80633.9 0
0.0212322 0.151531 0.82585 0.124747 0.906794 2.34721 0.997453 -80431.6 0
0.0233915 0.110367 0.636927 0.0827641 0.933888 3.54223 1.00104 -79783 0
0.0247942 0.185856 0.724575 0.110626 0.95776 2.36255 0.997822 -79172.6 0
0.0232364 0.158428 0.603609 0.175543 1.01888 2.36676 1.00377 -79168 0
0.0208574 0.170977 0.692896 0.156355 0.973029 2.41961 1.00252 -78597.1 0
0.0242115 0.192899 0.736182 0.111781 1.07739 3.72616 0.999735 -77641.4 0
0.0215331 0.142851 0.720792 0.148527 0.951464 3.78495 1.00176 -77373.2 0
0.0222878 0.180108 0.619885 0.198006 0.914985 2.52099 0.997476 -77070.1 0
0.0231737 0.138879 0.841221 0.10355 0.933462 2.30441 0.997974 -76849.4 0
0.022575 0.114337 0.838596 0.109272 1.04834 2.20402 0.999151 -76738.4 0
0.0213109 0.195864 0.6807 0.0969538 1.01532 3.73276 1.00137 -76722.6 0
0.0231163 0.178405 0.551087 0.0516401 0.98992 2.18609 0.996902 -75918.6 0
0.0249844 0.189238 0.666832 0.129861 1.02837 2.39807 0.994521 -75162.4 0
0.02143 0.124548 0.602114 0.184982 0.942938 3.77082 0.999138 -74459.5 0
0.0215682 0.109433 0.55344 0.142486 1.06585 2.20783 1.00083 -74252.8 0
0.0203827 0.191997 0.586911 0.0563419 0.977657 2.28034 1.00032 -73974.7 0
0.0205458 0.187589 0.66444 0.186965 1.00139 2.55885 1.00281 -73695.3 0
0.0207862 0.104962 0.571248 0.0431141 1.06137 2.00199 0.998778 -73605.9 0
0.0229802 0.134547 0.693677 0.107708 1.08929 3.6244 0.999922 -72629 0
0.0221411 0.167144 0.564131 0.176697 1.08391 2.41906 0.995949 -72436.8 0
0.0220261 0.11251 0.671196 0.126644 0.977394 2.24584 1.00136 -72022 0
0.0237059 0.173596 0.689529 0.068355 0.959924 2.32514 1.00216 -72014.7 0
0.0228325 0.148979 0.56965 0.105531 0.9446 2.29674 1.00359 -71957.7 0
0.0219225 0.195237 0.69305 0.161548 1.04843 2.52964 0.998331 -71775.8 0
0.0244854 0.151123 0.697563 0.144332 1.0441 3.75161 1.00275 -71668.6 0
0.0222852 0.158469 0.663275 0.0447485 0.914424 2.25036 0.998567 -70596.2 0
0.0237312 0.1626 0.767185 0.18269 0.927389 2.5764 0.997424 -70362.6 0
0.020668 0.162005 0.627429 0.184213 1.01779 2.50681 1.00357 -70199.9 0
0.0207161 0.137644 0.843845 0.0655591 1.05989 2.27301 0.998864 -69991.5 0
0.0235448 0.191546 0.61051 0.170835 0.940907 2.57017 0.999722 -69678.2 0
0.0214011 0.127866 0.734336 0.110926 1.07158 2.29122 1.00234 -69650.6 0
0.0200634 0.179808 0.792358 0.105308 1.09102 2.44184 1.00095 -69605 0
0.0218192 0.119853 0.741727 0.138907 0.970173 3.69673 1.005 -69352.9 0
0.0214489 0.131714 0.636726 0.140862 0.995387 2.34985 1.00074 -69088.5 0
0.0209399 0.107452 0.749907 0.135643 1.03089 2.29332 1.00015 -68827.3 0
0.0202969 0.103253 0.582327 0.190901 0.972987 2.35675 0.998352 -68769.7 0
0.0242201 0.121661 0.646852 0.141277 0.948593 2.34474 0.99859 -68111.6 0
0.0214335 0.177686 0.82656 0.190109 0.922806 2.69474 0.99948 -67922.6 0
0.0210464 0.118574 0.675355 0.18124 1.00363 2.42103 1.00218 -67441 0
0.0236835 0.109916 0.729856 0.0821179 1.03212 2.2161 1.00139 -66604.7 0
0.0218176 0.121355 0.598666 0.194736 0.956012 2.45365 0.993843 -65370.1 0
0.0229656 0.127786 0.67006 0.167595 1.00202 2.44361 1.0016 -65326 0
0.024653 0.165609 0.809081 0.128666 1.05494 3.69076 0.998597 -64838.1 0
0.0231278 0.174493 0.559387 0.0832394 0.996008 3.64725 1.00125 -64755.4 0
0.0231058 0.168452 0.641605 0.154903 0.921163 2.55323 0.999211 -64700.5 0
0.0237225 0.133687 0.755141 0.021637 0.97492 2.23427 1.00448 -63788 0
0.0243261 0.112904 0.78182 0.17757 0.972099 2.47343 0.997664 -63671.2 0
0.0223471 0.108651 0.558008 0.0366783 0.909109 3.32927 0.998519 -63370 0
0.0217635 0.140728 0.796189 0.15053 0.917324 2.54861 0.998452 -63160.3 0
0.0219071 0.147173 0.631968 0.0665783 0.945735 2.32296 0.997942 -62828.9 0
0.0207495 0.194677 0.77946 0.149448 1.05177 3.74826 0.995892 -62717.8 0
0.0217281 0.153079 0.820547 0.154247 0.933741 3.7666 1.00408 -62590.9 0
0.0217787 0.159501 0.568565 0.141582 1.0685 2.44909 0.997028 -62582.7 0
0.0210552 0.158951 0.6241 0.0759372 0.908577 2.39828 1.00158 -62417.9 0
0.0235992 0.163831 0.785002 0.0600581 0.957001 2.43842 1.00358 -62349.9 0
0.0242016 0.11329 0.671936 0.1192 0.943641 2.3483 0.997817 -62008.5 0
0.0220526 0.182623 0.629518 0.100382 0.917794 2.52393 1.0029 -61591.4 0
0.0212259 0.142591 0.571272 0.0341612 0.986788 3.46056 0.99686 -61368.4 0
0.0243169 0.116196 0.565281 0.161972 0.96575 3.60853 1.00049 -61224.1 0
0.021485 0.103558 0.686418 0.116604 1.04775 2.31128 1.00276 -61045.7 0
0.0248487 0.117559 0.787322 0.135347 1.07895 2.41464 0.99981 -60978.1 0
0.0219843 0.133426 0.767715 0.022743 0.938154 2.28036 0.997283 -60101.1 0
0.0201985 0.167504 0.558071 0.140538 1.04858 3.71218 1.00225 -59925.9 0
0.0201344 0.138471 0.842395 0.0409509 1.01463 2.37781 1.00358 -58916.8 0
0.0210485 0.13335 0.805109 0.124475 0.956693 3.6481 1.0002 -58832.7 0
0.0242409 0.159436 0.588332 0.127343 0.903658 2.53373 1.00303 -58540.3 0
0.0232906 0.102709 0.558991 0.0879642 1.02614 2.26553 0.99503 -58456.4 0
0.0248991 0.127427 0.843418 0.0578779 0.987896 2.3777 0.998773 -57687.7 0
0.0218427 0.186804 0.550591 0.0261848 1.00904 2.36432 1.00021 -57204.7 0
0.0205003 0.104186 0.829588 0.0978672 0.964947 2.3779 0.998648 -57184.3 0
0.0245116 0.113768 0.736762 0.131904 0.93445 3.63372 1.00242 -56909 0
0.0228684 0.196534 0.656847 0.0293505 0.924153 3.58087 1.00383 -56751.6 0
0.0234708 0.196616 0.800819 0.0210232 1.0303 2.48247 1.00005 -56597.5 0
0.0206177 0.140285 0.765388 0.177714 1.01941 2.64113 0.999908 -55974.2 0
0.0229459 0.132696 0.610857 0.188452 1.02509 2.57922 0.999847 -55575.9 0
0.0246723 0.100725 0.845979 0.097939 1.08397 2.36463 0.999609 -55366 0
0.024602 0.111865 0.761407 0.145815 1.00819 2.4935 1.00162 -54919.8 0
0.0237408 0.128146 0.816533 0.0210331 1.0383 2.3199 1.00119 -54563.1 0
0.0224451 0.196272 0.575748 0.0628233 1.09503 2.46922 1.00063 -54400.3 0
0.0233853 0.126682 0.63991 0.180397 0.900751 2.59651 0.998445 -54284.4 0
0.0228201 0.106583 0.576301 0.0466982 1.03031 2.24095 0.997308 -54170 0
0.0212127 0.129566 0.768565 0.117609 1.00375 2.51362 1.00056 -53955.3 0
0.0210826 0.11185 0.64376 0.0526974 1.06133 2.27991 1.00346 -53426.2 0
0.0223577 0.18617 0.794567 0.193533 1.0576 3.79671 1.00134 -53146.6 0
0.0214681 0.104555 0.641063 0.106796 0.985651 2.37269 0.996196 -52903.8 0
0.0201415 0.194981 0.721652 0.120622 0.969242 2.7215 1.00063 -52830.3 0
0.0237659 0.1491 0.67563 0.195083 1.05304 2.68673 1.00254 -52733.4 0
0.0246476 0.110546 0.722713 0.194299 1.02253 3.68759 0.992832 -52044.5 0
0.0222855 0.18812 0.687515 0.122478 0.934376 2.69957 0.996667 -51906.3 0
0.0213093 0.198476 0.654604 0.164696 0.983695 3.79951 0.999757 -51544.7 0
0.0222692 0.101604 0.811385 0.0631193 0.951325 2.35098 0.997803 -51527.5 0
0.0244602 0.169332 0.7119 0.0979538 0.931379 3.65548 1.00189 -51264.6 0
0.0236518 0.138255 0.661157 0.0344812 0.989416 2.36521 0.998479 -50453.5 0
0.0234387 0.170886 0.80549 0.0947246 1.00527 2.65648 1.0003 -49912.9 0
0.020148 0.118678 0.666884 0.0810904 0.955327 3.48776 0.999152 -49704.3 0
0.0215589 0.169065 0.551027 0.0519775 1.08393 3.47577 0.999626 -49571.1 0
0.0215897 0.141726 0.577045 0.188607 0.927578 3.75521 1.00188 -49433.8 0
0.0208299 0.129767 0.846347 0.159611 0.921454 2.72238 0.998523 -48290 0
0.0208686 0.178515 0.660258 0.13087 0.974977 3.69986 1.00228 -48236.6 0
0.0217881 0.191686 0.658857 0.13852 1.0501 2.73495 0.999961 -48034.2 0
0.0221285 0.129192 0.57258 0.11124 1.04368 2.48234 0.997456 -48018.9 0
0.0218545 0.108252 0.57539 0.175817 1.0698 2.57055 1.00227 -47974.8 0
0.0214739 0.105755 0.832386 0.0876364 0.98458 2.4714 1.00098 -47357.5 0
0.0245275 0.189596 0.844022 0.119009 0.921146 2.83149 0.998725 -47277.9 0
0.0245752 0.143798 0.74602 0.132794 1.01992 2.64998 1.00267 -47126.2 0
0.0238684 0.181792 0.586783 0.113792 0.911792 2.6807 0.998843 -47046.9 0
0.0233066 0.122295 0.684624 0.085746 1.04026 2.45226 0.998532 -46959.9 0
0.0235329 0.146015 0.569457 0.0342977 1.06945 2.37939 0.999511 -46947.4 0
0.020714 0.129456 0.624002 0.166661 0.969917 2.64082 0.997924 -46121.3 0
0.0206209 0.150936 0.802627 0.189149 0.945619 2.8642 1.00357 -45854 0
0.0249484 0.169529 0.822406 0.078461 0.992701 2.67975 0.999927 -45728.7 0
0.0242253 0.196236 0.788289 0.0701165 1.00379 2.7203 1.0025 -45614.1 0
0.0211762 0.146964 0.728796 0.0201119 1.01794 2.44385 0.998248 -45516.6 0
0.023692 0.113671 0.619654 0.152587 1.03286 2.58595 1.00301 -44819.4 0
0.0234257 0.160757 0.780018 0.0696079 0.932935 2.65093 1.00073 -44742.2 0
0.0242109 0.191802 0.617572 0.0689464 0.953886 2.64801 1.00119 -44591.3 0
0.0233444 0.173905 0.83947 0.154726 1.05202 3.64634 0.996644 -44293.5 0
0.024767 0.16489 0.814447 0.0781926 1.06504 2.66751 1.00613 -44182.4 0
0.0222441 0.110458 0.561839 0.150136 1.00647 2.57496 0.999882 -44118.3 0
0.021347 0.143377 0.815125 0.139589 1.02298 3.60274 0.999114 -43933.5 0
0.0242496 0.181108 0.660775 0.11643 1.04069 3.63241 1.00205 -43830.4 0
0.024094 0.131302 0.849822 0.197055 0.906048 2.85273 0.997971 -43803.4 0
0.0201246 0.162179 0.726231 0.0647482 0.923709 3.52944 1.00285 -43395.6 0
0.0214135 0.148579 0.576424 0.0269446 1.05759 2.40601 0.99593 -43305.3 0
0.0243422 0.17987 0.609803 0.123846 1.08172 2.69632 1.00232 -43073.1 0
0.0223785 0.170203 0.689753 0.0624569 0.935086 2.63241 0.996618 -42846.3 0
0.0249438 0.111343 0.717162 0.0428869 0.948872 2.42155 0.999463 -42071 0
0.0226405 0.102014 0.610941 0.061772 0.963726 2.41923 1.00373 -41961.7 0
0.0212297 0.173838 0.749188 0.117913 1.08924 2.75789 1.0012 -41778.3 0
0.0207613 0.104894 0.838076 0.15166 1.01272 2.65253 0.999694 -41747.2 0
0.0201743 0.12499 0.710097 0.0270367 0.915097 3.39046 1.00413 -41545.7 0
0.0247544 0.162052 0.722525 0.0834528 0.943806 3.56485 1.00091 -40990.1 0
0.0200556 0.176576 0.638828 0.0386289 0.983048 2.5941 0.997788 -40793.7 0
0.021437 0.165332 0.811444 0.186097 1.05391 2.92346 0.999905 -40649.9 0
0.0221386 0.106705 0.66771 0.178184 1.09971 2.64974 1.00107 -40630.9 0
0.0219986 0.136243 0.79573 0.0458683 0.934736 2.57697 1.00018 -40624.7 0
0.0234352 0.198748 0.777539 0.131466 0.949567 2.91796 0.996822 -40557.5 0
0.0206799 0.139575 0.56153 0.0545498 1.00615 2.49053 0.998957 -39985.9 0
0.0203658 0.177501 0.77573 0.0480647 0.999832 3.43787 0.997327 -39973.9 0
0.0244067 0.131624 0.682931 0.114022 0.908855 3.57384 1.00001 -39904.8 0
0.0204091 0.147605 0.58378 0.191796 0.904505 3.73934 0.997166 -39874.5 0
0.0219108 0.156216 0.578343 0.0469615 0.996199 3.43936 0.996859 -39751.6 0
0.0248611 0.100738 0.682095 0.0668749 0.909876 2.47667 1.00463 -39671.3 0
0.0240089 0.12849 0.787856 0.0362682 0.988476 2.51695 1.00018 -39496.5 0
0.0221168 0.12011 0.577783 0.187923 0.964957 2.73755 0.998008 -38454.3 0
0.0209692 0.178541 0.828854 0.0250361 0.938317 3.39223 0.997 -38183.5 0
0.0214803 0.199513 0.673672 0.0917339 0.908471 2.85706 1.00592 -38023.3 0
0.0208617 0.128968 0.823228 0.120889 1.0487 3.50135 0.997672 -37480.9 0
0.0242892 0.142722 0.610518 0.0632615 1.07048 2.5435 0.999359 -37380.8 0
0.0217374 0.197113 0.787166 0.146135 1.08395 3.60229 1.00219 -36887.9 0
0.0217522 0.192101 0.607181 0.194004 0.977729 3.79169 0.999556 -36833.2 0
0.0206129 0.187563 0.766009 0.0346829 1.06502 2.70616 0.996533 -36824.9 0
0.023283 0.138449 0.769983 0.1441 1.09902 2.76816 1.00166 -36251 0
0.0247559 0.181103 0.751741 0.122011 1.03494 3.57893 0.999009 -35917.8 0
0.0244967 0.131818 0.756798 0.155318 0.935423 3.63857 1.00095 -35825.9 0
0.0202265 0.141467 0.80713 0.088137 0.960707 3.47353 1.0011 -35630.7 0
0.02349 0.130986 0.633279 0.110396 0.917938 2.67348 0.999534 -35318.5 0
0.0230837 0.130285 0.55519 0.0770188 0.988679 2.58318 1.00241 -35295.1 0
0.0234473 0.16004 0.611707 0.12092 1.00822 2.75371 1.00215 -35040.8 0
0.0239989 0.161087 0.5558 0.0674795 0.928912 2.65697 1.0016 -34910.8 0
0.0210579 0.140543 0.84689 0.0535505 1.03814 2.67276 0.99495 -34799 0
0.022123 0.194683 0.782309 0.174762 1.05975 3.04657 1.0026 -34613.4 0
0.0212593 0.149327 0.680159 0.150894 1.03941 3.61357 1.00381 -34537.5 0
0.0219751 0.124536 0.791512 0.15054 0.929256 3.60216 1.00453 -34526.3 0
0.0224192 0.100607 0.649869 0.0908263 1.0882 3.31593 1.00206 -34389.3 0
0.0201649 0.171057 0.754972 0.192037 1.02865 3.00868 0.995567 -34184.6 0
0.0221866 0.144289 0.66399 0.154216 1.03009 2.79127 0.996977 -34042.9 0
0.0247251 0.109175 0.81722 0.170142 0.92741 3.6006 0.995585 -33841.2 0
0.020425 0.179191 0.753503 0.042146 0.993702 2.77266 1.00364 -33643.2 0
0.0245094 0.115481 0.563869 0.0242185 1.09862 2.4587 0.999293 -33619.3 0
0.0204259 0.160476 0.692529 0.0996327 0.965277 2.78866 0.999726 -33570.5 0
0.0222975 0.168734 0.74451 0.0203417 0.995939 2.67639 1.00057 -33502.3 0
0.0240095 0.19889 0.608778 0.0877826 1.03705 3.53208 0.9972 -32968.7 0
0.0200854 0.12209 0.583386 0.161278 1.00931 3.53145 0.998196 -32942.9 0
0.0246699 0.102623 0.714871 0.111884 0.991251 2.62698 0.999289 -32721.9 0
0.0232719 0.195035 0.826276 0.0926339 0.977452 2.95822 0.997077 -32694.6 0
0.0248922 0.192255 0.608106 0.162717 0.990587 2.96588 1.0073 -32649 0
0.0209132 0.198255 0.713238 0.167621 0.947636 3.70199 0.998343 -32558.9 0
0.0205443 0.151212 0.610526 0.124008 0.972712 2.77309 1.00026 -32519.8 0
0.0208374 0.183075 0.785924 0.18786 0.908499 3.13355 1.00168 -32493 0
0.0216732 0.103029 0.731005 0.0493043 0.94274 2.51072 0.997848 -32412.7 0
0.0222416 0.139049 0.749068 0.0464448 1.0551 2.62886 1.00305 -32345.1 0
0.0247501 0.186364 0.632067 0.151942 1.03659 2.91426 0.999866 -32324.9 0
0.0210921 0.187966 0.693945 0.1651 0.92504 3.69939 0.997151 -32299.6 0
0.0212022 0.135352 0.61237 0.190262 0.91147 2.87847 1.00155 -32245.1 0
0.0206515 0.162813 0.799792 0.092411 1.02469 3.44975 0.999151 -32191.4 0
0.0230948 0.188068 0.57612 0.167979 1.0092 3.70521 1.00283 -32146.5 0
0.0231523 0.166216 0.704546 0.0303652 0.941931 3.41624 1.00372 -32108.9 0
0.023092 0.190786 0.700548 0.164791 1.05781 2.98707 0.996122 -32011.4 0
0.0231852 0.179061 0.755332 0.0474409 1.08417 2.7566 0.999773 -31965.4 0
0.0224766 0.172606 0.646634 0.198016 0.900979 3.02939 0.998811 -31879.3 0
0.0220073 0.193794 0.58077 0.151005 0.905642 3.71968 1.00248 -31772 0
0.0249011 0.102815 0.577675 0.0258822 0.917056 3.11463 0.997207 -31738.1 0
0.0223595 0.112071 0.644963 0.0417937 0.915094 2.52216 0.998461 -31614.7 0
0.0232392 0.182134 0.592453 0.12435 0.986753 2.85981 1.00009 -31379.7 0
0.0244763 0.111866 0.827961 0.156217 0.93057 2.81947 0.998928 -31361.7 0
0.0203925 0.15015 0.835937 0.133451 1.08105 2.91316 1.00337 -31353.5 0
0.0242051 0.163972 0.755252 0.117982 1.07252 3.51083 1.00024 -31309.6 0
0.0224005 0.149415 0.626752 0.165302 0.941981 2.87592 0.999451 -31245.3 0
0.0223289 0.167123 0.696373 0.181121 0.924026 3.00686 0.997757 -31173.1 0
0.0213179 0.123987 0.572406 0.10346 1.09827 2.6513 1.00597 -31159.5 0
0.0228981 0.145027 0.572465 0.0477619 1.0672 3.34452 1.00108 -30994.4 0
0.0225762 0.109954 0.629071 0.0241885 0.940679 2.48888 1.00124 -30966.5 0
0.0205633 0.151436 0.835951 0.0402666 1.04326 3.30332 0.999532 -30923.3 0
0.024609 0.149257 0.731682 0.0487514 1.04702 2.66601 0.997628 -30581.9 0
0.0232092 0.148094 0.692476 0.0280157 0.935494 2.6425 1.00113 -30542.3 0
0.0244101 0.1153 0.741061 0.142487 0.97585 2.7708 1.00324 -30519.6 0
0.0213622 0.185399 0.82021 0.0602804 1.03422 3.37298 1.00167 -30349.8 0
0.0217007 0.181932 0.728866 0.14267 0.989105 3.00388 1.0031 -30230.6 0
0.0236802 0.182481 0.638107 0.0802592 1.04528 2.78937 0.99887 -30160.8 0
0.0215858 0.14903 0.601085 0.131432 1.0095 2.78893 0.99774 -30077.8 0
0.0217226 0.142361 0.721318 0.191071 0.980069 2.94944 0.996332 -30057.8 0
0.0235272 0.143207 0.694541 0.156018 0.938078 2.89427 1.00436 -29926.7 0
0.0231624 0.113667 0.776384 0.131513 1.0672 2.73397 0.998009 -29787.1 0
0.0211809 0.129789 0.571321 0.161109 0.991149 2.81397 1.00335 -29402.8 0
0.0218853 0.155321 0.673835 0.178101 0.95522 2.97207 1.00348 -29342.4 0
0.0202624 0.187189 0.847868 0.0238063 0.914423 3.32464 1.00076 -29259.4 0
0.023267 0.174541 0.624608 0.157286 1.09042 2.90551 0.996761 -29258.5 0
0.0203306 0.152551 0.57738 0.0815498 1.04524 2.69861 0.998033 -28841.6 0
0.0228522 0.151819 0.736499 0.0862899 1.01255 2.80356 1.00437 -28834.3 0
0.0223593 0.102936 0.751008 0.0723198 0.956747 2.60258 0.997853 -28788.6 0
0.0238911 0.15686 0.79823 0.102847 0.926275 2.91823 0.999998 -28543.2 0
0.0234878 0.161016 0.616853 0.0858511 1.06777 2.74805 1.00231 -28521.1 0
0.0214903 0.107444 0.712235 0.11773 1.0805 2.67792 0.998518 -28285.5 0
0.0246117 0.174471 0.801946 0.185424 1.05957 3.61846 1.00055 -28211.3 0
0.0234357 0.195463 0.577136 0.123428 0.98961 2.92341 0.999244 -28164.6 0
0.020261 0.172702 0.716075 0.156216 0.969705 3.61317 0.999964 -28088.2 0
0.0238296 0.196683 0.806374 0.151127 1.00225 3.13916 1.00119 -27847.1 0
0.0211821 0.134689 0.678243 0.0823987 0.980839 2.72583 1.00392 -27790.9 0
0.0211308 0.122988 0.606435 0.166397 1.04103 2.81003 0.997311 -27641.2 0
0.0204965 0.158421 0.818096 0.103452 1.07716 3.40047 1.00214 -27528.5 0
0.0243415 0.174186 0.702262 0.0813355 1.02595 2.84466 0.998482 -27487.8 0
0.0243424 0.121789 0.845431 0.142409 1.05643 2.85193 0.995523 -27461.7 0
0.0233899 0.128196 0.668529 0.0292643 1.08187 2.56934 1.00105 -27217.9 0
0.0216287 0.101345 0.836269 0.140875 1.09503 3.4353 0.994961 -27162.1 0
0.0224463 0.185814 0.677433 0.161806 1.03398 3.03249 0.997417 -27029.5 0
0.0229781 0.173322 0.563269 0.050233 0.96118 2.74369 1.003 -26870.1 0
0.0247972 0.113903 0.833348 0.185103 1.0438 2.91417 0.999665 -26846.6 0
0.0240571 0.118713 0.842371 0.190565 1.04363 3.58774 0.999246 -26719.9 0
0.0200549 0.188623 0.618383 0.126271 0.96893 2.97865 1.00085 -26561.7 0
0.0249289 0.12032 0.608834 0.114026 1.09034 2.72656 0.999958 -26538.1 0
0.024122 0.196058 0.837911 0.176906 1.07857 3.20627 0.999655 -26531.6 0
0.0210261 0.188414 0.779822 0.145943 0.967859 3.56267 1.00097 -26434.4 0
0.0249157 0.194179 0.598956 0.059131 1.07501 3.40587 0.995863 -26326.5 0
0.0211318 0.127516 0.802787 0.10997 0.971312 3.44323 0.999841 -26091.3 0
0.0213007 0.17397 0.814148 0.171942 1.02053 3.5557 0.997086 -26087.6 0
0.0209006 0.129082 0.55532 0.05506 0.946881 3.31158 1.00219 -26022.3 0
0.0238964 0.142322 0.748731 0.190582 0.966899 3.02039 0.999472 -26015.5 0
0.0237242 0.126972 0.699565 0.0786975 1.09919 2.6828 0.99793 -25743.8 0
0.020101 0.122597 0.813934 0.0858084 1.09894 2.75975 0.999563 -25730.1 0
0.021714 0.157983 0.746075 0.0773945 1.03981 3.37542 0.99421 -25595.8 0
0.0211874 0.127652 0.802669 0.13995 1.07529 2.87468 0.994089 -25407.5 0
0.0201764 0.118499 0.740275 0.0298464 1.03226 2.60453 1.00031 -25367.5 0
0.0235932 0.13956 0.643099 0.170737 1.00339 2.9259 1.00386 -25225.5 0
0.0229323 0.10061 0.579779 0.173607 1.07464 2.8501 1.00124 -25153 0
0.0204799 0.118919 0.796556 0.142889 0.982839 3.4873 0.998818 -25092.5 0
0.0245348 0.197991 0.833041 0.0337068 0.96742 3.00982 1.00156 -25022.3 0
0.0238537 0.19455 0.620301 0.152538 1.06077 3.60221 1.00331 -24945.9 0
0.0245645 0.104709 0.754635 0.0579166 0.941792 3.30684 0.999135 -24857.3 0
0.0246244 0.103592 0.71455 0.0524384 0.994941 2.61463 1.0034 -24664.4 0
0.0230978 0.141084 0.828172 0.18892 1.01339 3.58327 0.998628 -24616.4 0
0.0206801 0.176948 0.730595 0.155743 0.915143 3.12336 0.998365 -24424.6 0
0.0243145 0.144443 0.800961 0.12076 0.914712 2.97403 1.00244 -24292.4 0
0.0226327 0.10317 0.557785 0.185475 1.05263 3.3405 1.00074 -24281.1 0
0.0222519 0.100437 0.686125 0.0928312 0.927524 3.31884 0.998821 -24247.2 0
0.0224988 0.192354 0.587224 0.0485402 1.06497 2.80392 0.99957 -24091.6 0
0.0205819 0.153368 0.833335 0.161634 1.04809 3.48288 0.999245 -24079.8 0
0.0226702 0.177284 0.831535 0.0556022 0.953399 3.00638 0.999952 -24048.4 0
0.0204473 0.143714 0.797348 0.192957 1.00027 3.58583 0.998292 -23974 0
0.0216442 0.175129 0.695585 0.0442985 0.987507 3.36476 1.00321 -23958 0
0.020996 0.165086 0.740331 0.0801728 0.943957 2.93738 1.00024 -23901.9 0
0.0249557 0.149693 0.711871 0.0874572 1.07971 2.81627 1.00088 -23813.6 0
0.0222636 0.102493 0.672848 0.030643 0.980647 2.56289 0.999541 -23728 0
0.0229136 0.174963 0.844208 0.126034 1.07397 3.39296 1.00351 -23648 0
0.024189 0.183356 0.719355 0.128996 1.05273 3.03626 1.00069 -23600.1 0
0.0234457 0.153382 0.59457 0.103543 1.05199 2.82009 1.00167 -23504.4 0
0.0243693 0.141003 0.763064 0.150176 0.937303 2.98639 0.997855 -23292.1 0
0.024936 0.141066 0.715568 0.0974043 1.06413 3.41924 0.999948 -23284.4 0
0.0224587 0.106441 0.579123 0.0272924 0.976932 2.58632 0.997141 -23157.7 0
0.0202831 0.142009 0.746239 0.178812 1.03735 3.55181 0.995663 -23117 0
0.0235159 0.123676 0.750742 0.169511 0.929803 2.95894 1.00052 -23063.7 0
0.020136 0.102717 0.580022 0.160359 0.928699 2.84452 1.00132 -23050.1 0
0.0234007 0.11227 0.727794 0.138028 1.06164 3.44421 0.999481 -23038.7 0
0.0217052 0.122431 0.82478 0.0943408 1.06631 2.82406 1.00052 -22980.6 0
0.0221522 0.103495 0.787087 0.121429 0.983132 3.40503 0.99547 -22973.4 0
0.0201732 0.187282 0.780842 0.199203 0.990064 3.30458 1.00293 -22949.1 0
0.0207138 0.151685 0.56159 0.178238 1.05274 2.95736 0.99876 -22881.7 0
0.0246434 0.177418 0.699103 0.082816 1.03223 2.92103 0.999375 -22878.7 0
0.0241044 0.103931 0.627536 0.15532 0.986361 3.38918 1.00296 -22848.6 0
0.0240681 0.167313 0.57417 0.0931268 0.910075 2.87254 0.996434 -22688.9 0
0.0242193 0.19907 0.832585 0.134075 1.0283 3.39891 0.996504 -22602.9 0
0.0220599 0.169136 0.780372 0.196664 1.0657 3.55953 0.995494 -22498.4 0
0.0236018 0.13764 0.73218 0.104849 1.08337 3.40824 1.00087 -22389.3 0
0.0231485 0.191332 0.668664 0.0472236 0.95939 2.91446 0.999881 -22383 0
0.0235785 0.148693 0.629005 0.0739435 0.90512 2.81254 0.999736 -22328 0
0.0246715 0.120719 0.820153 0.131592 0.963568 3.46883 0.997946 -22325 0
0.021038 0.124322 0.610912 0.0711367 1.09442 2.69396 1.00301 -22202 0
0.0211744 0.17969 0.597038 0.0340482 1.01126 2.7917 1.00017 -22184.2 0
0.023377 0.182105 0.718754 0.102336 0.910811 3.05091 0.997351 -21990.4 0
0.0230024 0.101029 0.560559 0.169206 0.935803 3.2978 1.00147 -21971.2 0
0.0236109 0.124272 0.73152 0.169705 1.00146 2.94793 1.00161 -21949.8 0
0.0229815 0.174271 0.749336 0.0617933 0.916222 3.38875 1.00284 -21949.8 0
0.0216995 0.197833 0.806362 0.0694142 1.05288 3.16667 0.999626 -21923.4 0
0.0200086 0.140077 0.594822 0.199735 1.05663 2.99136 0.998514 -21752.1 0
0.0224614 0.154083 0.631891 0.18144 0.980801 3.03761 1.00288 -21748.7 0
0.0203546 0.145252 0.668616 0.063093 0.932353 2.8114 1.00205 -21725.9 0
0.0230962 0.198276 0.842978 0.174872 0.90144 3.45124 0.999977 -21652.5 0
0.0246664 0.164817 0.730939 0.198112 0.983807 3.66731 1.00705 -21647 0
0.0206556 0.181559 0.760571 0.0475419 0.995816 3.28526 1.00214 -21617.6 0
0.0243598 0.151944 0.688895 0.0434498 1.08366 3.29432 0.998789 -21543.1 0
0.0235811 0.145969 0.79007 0.0227085 0.949506 2.80962 1.00135 -21496.2 0
0.0247238 0.189885 0.828877 0.192288 1.08341 3.47802 0.999193 -21463.6 0
0.0217808 0.14789 0.653111 0.173316 1.08488 2.97984 0.99772 -21410 0
0.0244678 0.113807 0.826661 0.149473 0.947838 2.93739 0.999879 -21408.4 0
0.0210665 0.184655 0.825894 0.155255 1.07529 3.35545 1.00018 -21394.2 0
0.021398 0.171922 0.842137 0.105835 1.09709 3.16485 1.00063 -21384.8 0
0.0239776 0.174589 0.799439 0.0996205 1.08483 3.05402 0.996058 -21357.3 0
0.0217042 0.185014 0.833609 0.171087 1.05269 3.35257 1.00605 -21292.1 0
0.0228294 0.195115 0.706658 0.176582 1.05929 3.20381 0.998783 -21198.9 0
0.0249728 0.112026 0.604296 0.183417 0.959566 2.94172 0.995388 -21167.7 0
0.0220648 0.192835 0.779032 0.104836 1.08226 3.16035 0.99892 -21121.2 0
0.0242544 0.199445 0.742086 0.166916 1.06855 3.24416 1.00314 -20870.6 0
0.0227608 0.193087 0.701926 0.101139 0.951245 3.10704 1.00921 -20836.8 0
0.0245813 0.194892 0.829254 0.167354 0.988757 3.41973 1.00231 -20497.7 0
0.0242787 0.182915 0.775749 0.123676 1.09731 3.37451 1.00298 -20483.6 0
0.0249626 0.174287 0.836849 0.137073 1.07742 3.35369 0.999555 -20382.2 0
0.0210293 0.127383 0.595395 0.0802723 0.922706 2.77484 1.00127 -20290.8 0
0.0202699 0.160245 0.649318 0.145629 1.01405 3.00747 0.997525 -20261.5 0
0.0223548 0.165235 0.794456 0.180767 0.968252 3.22863 0.995144 -20120.4 0
0.0209684 0.142114 0.724549 0.0804484 1.05018 2.85355 0.998523 -20096.6 0
0.0216596 0.159096 0.832247 0.102593 1.04838 3.10439 1.00383 -20068.9 0
0.0249775 0.103885 0.641032 0.148393 0.922885 2.88626 1.00039 -20043.3 0
0.0228265 0.140728 0.599011 0.137884 0.938065 2.92804 1.00058 -20029.1 0
0.0234209 0.137639 0.826413 0.074816 1.06489 2.90186 1.00156 -20003.4 0
0.0216564 0.107076 0.560927 0.11887 1.03805 2.82109 0.997684 -19895.9 0
0.0240996 0.121491 0.630261 0.116726 1.07661 2.81048 0.99605 -19865.6 0
0.0235374 0.139703 0.755861 0.118058 0.998211 3.44718 1.00297 -19865.4 0
0.022033 0.174314 0.745688 0.0751047 1.07539 3.00568 1.00198 -19828.9 0
0.021561 0.135813 0.806937 0.15589 1.02632 3.05548 1.00007 -19818.5 0
0.0223565 0.108154 0.753981 0.19643 0.981499 2.98557 1.00149 -19747.6 0
0.0243189 0.172664 0.710302 0.154956 0.981572 3.12671 1.00155 -19714.4 0
0.0235328 0.184244 0.587084 0.0630949 1.07618 3.35997 1.00095 -19597 0
0.023696 0.141891 0.793941 0.0975829 1.00361 2.9528 0.999288 -19583.7 0
0.0232961 0.18982 0.76045 0.179601 0.952293 3.3185 1.00087 -19550 0
0.0241978 0.177571 0.70622 0.198028 0.984572 3.641 0.999731 -19533 0
0.0245646 0.110213 0.662354 0.0680178 0.985892 3.25083 0.99823 -19506.2 0
0.0236339 0.145594 0.701811 0.1429 0.948017 3.00187 0.998782 -19495.1 0
0.0232238 0.18664 0.593894 0.124908 1.04821 3.0091 0.998336 -19487.6 0
0.0219945 0.176345 0.72292 0.156857 1.09983 3.4482 0.995996 -19399.8 0
0.0241817 0.181273 0.771381 0.162467 0.973251 3.52248 1.0022 -19260.7 0
0.0216873 0.125509 0.748161 0.0239417 1.0236 2.71301 1.00384 -19229.6 0
0.0243814 0.162305 0.645349 0.0301882 1.0481 2.77436 0.998341 -19226.7 0
0.0208307 0.142872 0.566864 0.145964 0.938134 2.95608 1.00256 -19202 0
0.0235529 0.103394 0.561166 0.0540799 1.05219 2.7539 0.998345 -19200.4 0
0.0238634 0.114957 0.573344 0.0752888 0.990561 3.19489 1.00071 -19158.4 0
0.0249505 0.101875 0.579361 0.14074 0.915226 2.93496 1.0009 -19154.2 0
0.0227487 0.147553 0.749464 0.106975 1.01716 2.96846 1.00059 -19136.6 0
0.0214493 0.156139 0.844729 0.0874562 0.922266 3.26614 0.997398 -19030.9 0
0.0241284 0.151557 0.620424 0.177728 1.05882 3.55514 0.997806 -19030 0
0.0221101 0.191573 0.595693 0.10925 0.959202 3.50909 1.0003 -18945.1 0
0.0242108 0.179871 0.812252 0.16069 1.05145 3.34036 1.00289 -18872.8 0
0.0238707 0.161252 0.734542 0.0502199 0.941049 3.33338 1.00128 -18865.4 0
0.0214308 0.109563 0.563911 0.0946532 0.946978 3.20081 0.995033 -18853.4 0
0.022314 0.149134 0.698301 0.0273107 0.970002 2.79291 0.999395 -18813.6 0
0.0224961 0.190639 0.55125 0.149497 0.92862 3.10047 1.00095 -18800 0
0.0241941 0.175943 0.632906 0.136361 0.905366 3.07947 1.0001 -18788.7 0
0.0248375 0.113499 0.69848 0.0252457 0.998713 3.19407 0.997615 -18697 0
0.0227473 0.161059 0.797129 0.0535811 0.94465 3.00707 0.996305 -18667 0
0.0230321 0.150341 0.782106 0.18728 1.00035 3.18677 1.0031 -18660.8 0
0.0200772 0.158191 0.678638 0.0563748 1.08615 3.27957 1.00191 -18635.1 0
0.0235679 0.122561 0.738176 0.126526 1.06215 3.41186 0.999561 -18622.7 0
0.0214715 0.174957 0.722757 0.0555452 0.949521 3.00741 1.00218 -18622.1 0
0.0241839 0.146978 0.56812 0.146311 1.08036 2.93738 0.995779 -18590.7 0
0.0203365 0.158982 0.828962 0.12739 1.01845 3.28543 1.00301 -18585 0
0.0238391 0.194747 0.71452 0.0820058 0.957783 3.37283 0.994867 -18525.3 0
0.0249641 0.101676 0.555556 0.0329118 0.925532 2.8457 0.998515 -18510.9 0
0.0211966 0.16208 0.590433 0.0905833 0.921148 3.44458 0.998748 -18425.7 0
0.0230348 0.102767 0.550987 0.0378176 0.919189 2.95589 0.996073 -18414.9 0
0.0236514 0.141895 0.835997 0.0850451 1.03232 3.28713 0.999575 -18374.4 0
0.0237061 0.165971 0.609244 0.0649686 1.05167 2.85082 0.999419 -18374.4 0
0.0221991 0.112793 0.721246 0.0522144 1.09198 3.2203 0.997753 -18331.1 0
0.0229472 0.170891 0.698312 0.100917 0.940566 3.05057 1.00191 -18206.2 0
0.024895 0.197785 0.681612 0.0730888 1.07204 3.03456 0.997267 -18123.7 0
0.0231915 0.136851 0.613177 0.1847 0.993617 3.02759 1.00068 -18055.6 0
0.0233194 0.131875 0.619585 0.10464 1.02861 2.84687 0.999595 -18052.8 0
0.0220564 0.193347 0.691246 0.11808 1.08045 3.15266 1.0028 -18013.8 0
0.0230929 0.137753 0.636944 0.102099 0.976557 3.40541 0.998955 -18011.3 0
0.0213314 0.183393 0.761362 0.156328 1.01405 3.41173 1.00201 -17956.4 0
0.0208163 0.197949 0.71389 0.074647 1.05115 3.19887 1.00136 -17925 0
0.0207324 0.158929 0.809249 0.127225 1.01553 3.20475 1.00016 -17846.4 0
0.02202 0.148246 0.574435 0.183443 0.922889 3.58683 0.997658 -17812.4 0
0.0204055 0.174894 0.727808 0.0827155 0.990253 3.31438 0.996394 -17772.6 0
0.0207542 0.150452 0.775417 0.176346 1.01502 3.19145 1.00016 -17577.5 0
0.0243505 0.1607 0.593789 0.159543 0.902748 3.06737 0.997142 -17557.5 0
0.0215998 0.195239 0.655838 0.161307 0.952505 3.24779 1.00407 -17524.6 0
0.0208956 0.174196 0.704145 0.107463 1.00076 3.39496 1.00067 -17485.4 0
0.0221168 0.161893 0.769283 0.103304 0.928648 3.11284 0.997446 -17474.3 0
0.0231902 0.184032 0.780779 0.197213 0.992575 3.46167 1.00012 -17458 0
0.0228241 0.118968 0.554786 0.130045 1.03558 2.90222 0.998497 -17397.6 0
0.0235663 0.102775 0.600628 0.164079 0.968387 3.29823 0.998171 -17367.9 0
0.0220368 0.113817 0.6769 0.160445 0.974183 2.94138 1.0011 -17359.2 0
0.0201563 0.174971 0.727139 0.162027 1.01382 3.24985 1.0035 -17345.5 0
0.0212987 0.111681 0.785602 0.0677808 1.0248 2.78518 0.998941 -17171.5 0
0.023273 0.165357 0.806297 0.172374 0.972674 3.32112 1.00039 -17093.3 0
0.0203407 0.10876 0.754265 0.157284 0.959083 2.9585 1.00191 -17023.8 0
0.0209855 0.168395 0.653535 0.103004 0.963052 3.42697 0.997065 -16999.1 0
0.0222245 0.135138 0.590205 0.15697 0.998554 3.47587 1.00162 -16959.5 0
0.0211286 0.16501 0.612734 0.137652 0.921922 3.06643 1.00204 -16953.3 0
0.0234966 0.171208 0.80056 0.153119 0.965338 3.34684 0.999998 -16878.8 0
0.0228616 0.157935 0.710569 0.120048 0.982721 3.44979 1.00523 -16856.8 0
0.021472 0.152376 0.664977 0.0987846 1.02488 2.95229 1.00408 -16840.3 0
0.0249911 0.134985 0.670067 0.0701187 1.02253 2.82101 0.998967 -16709.2 0
0.0218501 0.135857 0.687605 0.0852955 0.993566 3.35874 1.00282 -16701.4 0
0.0247203 0.170976 0.745461 0.07728 0.974724 3.06062 0.998278 -16601.4 0
0.0247539 0.150068 0.821005 0.102347 1.09706 3.08015 0.995632 -16450.7 0
0.0225979 0.176213 0.712058 0.0847045 1.09876 3.26913 1.00388 -16371.3 0
0.0202344 0.101921 0.758643 0.13831 1.06198 2.88084 1.00129 -16354.8 0
0.0202842 0.135994 0.830647 0.175208 1.00936 3.22256 1.00072 -16302.1 0
0.0212395 0.188842 0.725291 0.131434 0.965088 3.36027 1.00192 -16248.2 0
0.0209081 0.180705 0.581952 0.168684 0.951083 3.16066 0.999453 -16238.2 0
0.0219482 0.178796 0.609598 0.0233238 0.980617 2.87674 1.00166 -16190 0
0.0237422 0.154611 0.787945 0.118362 1.06626 3.11698 0.998546 -16028 0
0.0247222 0.156334 0.733185 0.128218 1.01489 3.07677 0.998188 -15908.5 0
0.0233415 0.131202 0.724262 0.165043 1.05215 3.47593 0.998344 -15891.8 0
0.0230671 0.103606 0.571283 0.0577073 1.05135 2.93995 0.996745 -15820.8 0
0.0231265 0.149458 0.685938 0.18579 1.07157 3.12664 1.00377 -15780.9 0
0.0216805 0.142916 0.820699 0.0583314 1.028 3.03059 1.00112 -15772.7 0
0.0204719 0.189464 0.610139 0.0750822 1.00633 3.02699 0.998723 -15760.9 0
0.0249896 0.164556 0.695407 0.12033 1.09136 3.38637 0.999157 -15657.2 0
0.0240603 0.145622 0.769286 0.159508 0.954279 3.49165 1.00094 -15649.7 0
0.0200694 0.199254 0.678204 0.178855 1.01054 3.45145 1.00134 -15587.7 0
0.0227917 0.165636 0.681054 0.056122 0.971871 2.95777 0.999256 -15531.5 0
0.0229636 0.169784 0.724237 0.134873 1.06471 3.1624 0.997927 -15522.6 0
0.0212583 0.161002 0.694677 0.0587512 0.965313 2.97224 1.00008 -15495.1 0
0.0242471 0.100651 0.612161 0.104957 0.98464 3.1259 0.996339 -15484.1 0
0.0224538 0.1997 0.656979 0.141837 0.915805 3.52242 1.00401 -15481.3 0
0.0202897 0.124282 0.766663 0.0861078 1.07149 3.26324 0.996919 -15478.4 0
0.0221295 0.116338 0.585188 0.0647227 1.00229 2.78649 0.999838 -15469.6 0
0.0201226 0.113226 0.678228 0.102992 0.914961 2.86064 0.998272 -15467.4 0
0.0235548 0.194854 0.700342 0.104933 0.900082 3.25312 1.0015 -15423.8 0
0.0213046 0.136672 0.767931 0.0209778 1.08809 2.8264 0.99947 -15401.7 0
0.0228674 0.118271 0.554493 0.0692117 0.914302 3.16157 0.999825 -15344.2 0
0.0209154 0.18217 0.695084 0.0519545 1.05414 3.08966 1.00164 -15301.2 0
0.0240797 0.176115 0.738848 0.085041 0.925866 3.32972 0.999266 -15289.5 0
0.0221394 0.176079 0.696819 0.117554 0.944559 3.41981 0.999238 -15279.2 0
0.0210533 0.170908 0.712292 0.0776804 1.09639 3.20722 1.0015 -15263 0
0.0204398 0.178246 0.559285 0.150003 1.01451 3.1032 1.00046 -15225.3 0
0.0239394 0.136121 0.589246 0.143436 0.955049 2.99775 1.00138 -15190.1 0
0.0200152 0.167774 0.664368 0.1266 1.0003 3.41719 0.996016 -15157.5 0
0.0214205 0.13073 0.846373 0.0689087 0.944447 3.19445 1.00194 -15104.6 0
0.0210508 0.197689 0.674953 0.0368519 0.96875 3.16663 1.0043 -15100.1 0
0.0227443 0.137855 0.833394 0.037666 1.07283 3.06886 0.995182 -15063.4 0
0.0208899 0.135142 0.604703 0.17445 0.973973 3.51301 1.00288 -15007.7 0
0.0222682 0.101015 0.704228 0.163861 1.07555 3.36903 0.998746 -15004.8 0
0.0240721 0.182904 0.567664 0.10776 0.904958 3.06267 0.998858 -14980.2 0
0.0238671 0.149155 0.74843 0.105052 0.97224 3.38387 1.00499 -14945.5 0
0.0246773 0.199678 0.600403 0.149034 0.951784 3.20533 0.997982 -14922.2 0
0.0221021 0.115721 0.765426 0.0763139 1.03437 3.26195 0.997651 -14827.4 0
0.0248233 0.104111 0.592497 0.194347 0.918122 3.29594 1.00051 -14776.5 0
0.0238123 0.120881 0.59505 0.122886 1.07199 2.92493 1.00209 -14743.7 0
0.0201522 0.142445 0.777086 0.135911 0.970345 3.15169 0.995985 -14736.2 0
0.0249706 0.127319 0.622714 0.178052 0.915648 3.49159 0.997049 -14718.9 0
0.0228511 0.13889 0.583142 0.117413 1.07232 3.34552 1.00066 -14659.7 0
0.0216501 0.183681 0.574882 0.163276 1.04746 3.52405 1.00147 -14649 0
0.0205747 0.178986 0.614765 0.189287 0.974815 3.25233 1.0029 -14609.5 0
0.0226018 0.187948 0.650753 0.18569 0.926258 3.59339 0.998315 -14593.7 0
0.0200259 0.103345 0.669836 0.0474971 0.908178 3.15938 0.998408 -14583.3 0
0.020295 0.126531 0.61733 0.0232187 0.930103 3.1868 0.999109 -14423.1 0
0.0221272 0.115098 0.594824 0.126653 1.03362 2.92408 1.00185 -14403.5 0
0.0223993 0.192166 0.621104 0.19108 1.01182 3.57341 0.99839 -14312.7 0
0.0236912 0.1217 0.786008 0.118582 0.976596 3.37453 1.00142 -14308.7 0
0.0217417 0.125699 0.824925 0.160407 0.953756 3.41629 1.00313 -14278.4 0
0.0235767 0.150423 0.784596 0.151865 0.911189 3.24516 0.999583 -14240.4 0
0.0227314 0.159778 0.584303 0.175154 1.05117 3.11051 1.00133 -14239.7 0
0.0212611 0.159016 0.735271 0.138642 1.00043 3.20505 1.00337 -14196.9 0
0.0209663 0.139284 0.741525 0.179213 1.09546 3.43208 0.99696 -14195.6 0
0.024256 0.11371 0.570391 0.0963103 1.05481 2.94156 1.00311 -14183.7 0
0.0236617 0.16293 0.57505 0.17278 1.08943 3.09871 0.997879 -14153.2 0
0.0206625 0.161416 0.701083 0.182184 0.992824 3.25201 0.999006 -14124.6 0
0.0239781 0.127839 0.637246 0.112105 0.950385 2.93774 1.00168 -14095.3 0
0.0242557 0.153036 0.615888 0.145687 1.01746 3.05291 1.00108 -14094.6 0
0.0210373 0.143086 0.628293 0.191906 1.00864 3.11842 0.99809 -14039.4 0
0.0241198 0.197564 0.61152 0.0244257 1.01096 2.9711 0.998791 -14032.2 0
0.0216916 0.17443 0.700325 0.0749123 0.988576 3.12261 1.00239 -14022.4 0
0.0211327 0.131303 0.685808 0.0860269 1.06154 2.88848 1.00031 -14021.6 0
0.0239253 0.144868 0.713157 0.0746624 1.08635 2.93904 1.00559 -14008.7 0
0.0206634 0.179621 0.663205 0.111207 1.0701 3.15606 0.996825 -13915.9 0
0.0218741 0.166419 0.72817 0.184001 1.04112 3.3321 1.00181 -13800 0
0.0228283 0.193512 0.645689 0.0296693 1.01808 3.0393 1.00248 -13778.9 0
0.0221034 0.128679 0.550836 0.106641 1.04644 2.92148 0.999541 -13762.1 0
0.022607 0.102892 0.831195 0.109431 0.923602 2.94065 1.00115 -13732.4 0
0.0209441 0.132866 0.78197 0.0616861 1.0685 3.17412 0.999691 -13726.7 0
0.0216062 0.160023 0.734192 0.0786043 1.08018 3.17294 1.00323 -13715.9 0
0.0224087 0.170009 0.69981 0.152803 1.03255 3.42384 1.00349 -13619.4 0
0.024747 0.134401 0.810517 0.0593635 0.94806 2.9939 1.00334 -13592.3 0
0.0239909 0.114048 0.610691 0.15821 0.968527 3.34729 1.00052 -13486.9 0
0.0217033 0.12882 0.792902 0.10569 1.04318 3.2863 1.00289 -13463.7 0
0.0224241 0.19697 0.603093 0.128172 1.0685 3.39297 0.997804 -13406.4 0
0.0211435 0.136642 0.658659 0.0318192 1.09324 2.79903 1.0046 -13401.6 0
0.0238854 0.149614 0.559523 0.139846 0.993882 3.43079 1.00204 -13386.1 0
0.0204686 0.175685 0.661433 0.0370824 0.966401 3.026 1.00049 -13347.5 0
0.0230377 0.139548 0.804065 0.0227443 1.01717 3.09103 1.00262 -13347.4 0
0.0220423 0.133568 0.567298 0.0884192 1.07132 3.23608 0.998785 -13330.3 0
0.0218278 0.104847 0.753789 0.112559 1.07357 3.29221 1.00104 -13329.8 0
0.0211542 0.13908 0.730737 0.0232889 1.05558 3.14036 1.00127 -13324.1 0
0.0231728 0.197879 0.635062 0.0873901 1.08628 3.21679 1.00129 -13227.1 0
0.0224971 0.105808 0.76302 0.0409309 1.05837 3.15226 0.998394 -13200.8 0
0.0203429 0.195389 0.61732 0.133985 0.912666 3.27041 0.998459 -13150.9 0
0.0221535 0.178751 0.665843 0.168937 0.921319 3.30414 1.00098 -13124.9 0
0.0230556 0.139894 0.793471 0.128283 0.984871 3.15894 1.00098 -13121.4 0
0.0247469 0.139771 0.678984 0.155725 1.02743 3.46563 1.00249 -13108 0
0.0208103 0.172353 0.586538 0.153455 0.976038 3.15378 0.999975 -13061.5 0
0.0248031 0.141547 0.614482 0.106164 1.06616 2.95423 1.00239 -13051.3 0
0.0216008 0.170372 0.694485 0.0399341 0.927927 3.06217 1.00029 -13045.8 0
0.021834 0.106575 0.582813 0.0351116 0.934785 2.80568 1.00306 -13019.3 0
0.0228772 0.142119 0.700289 0.0708513 0.975123 2.94572 0.999021 -12908.8 0
0.024982 0.143493 0.631423 0.153603 0.981805 3.07477 1.00041 -12852.5 0
0.0246847 0.102863 0.701646 0.178963 1.09657 3.3676 1.0005 -12836.4 0
0.0224966 0.165805 0.691668 0.175739 1.04978 3.24419 0.99342 -12813.2 0
0.0240129 0.163405 0.641722 0.158987 0.996549 3.15845 1.00055 -12776.4 0
0.0213253 0.115965 0.830189 0.146966 0.959151 3.11501 1.00075 -12703.8 0
0.0241599 0.140781 0.769776 0.188029 0.929016 3.25497 0.997923 -12694.8 0
0.0217833 0.120502 0.642382 0.0488835 0.944095 3.19636 0.995789 -12661.5 0
0.0237798 0.179629 0.587796 0.172155 1.04228 3.20255 1.00248 -12635.8 0
0.0236189 0.121431 0.609346 0.0777116 0.907712 2.89337 1.00156 -12594.5 0
0.0225349 0.139822 0.801402 0.161369 0.93013 3.30644 1.00121 -12540.8 0
0.0209991 0.131911 0.771145 0.0444786 1.07724 3.11859 0.997566 -12536.4 0
0.0215831 0.147188 0.760404 0.181853 0.925701 3.32661 1.0031 -12529.9 0
0.0222005 0.121851 0.834999 0.161649 0.979964 3.36489 0.997518 -12519 0
0.024373 0.192968 0.613043 0.059629 1.04031 3.26785 0.998717 -12512.3 0
0.0218785 0.100144 0.639025 0.0949378 1.08608 3.1074 1.00071 -12495.9 0
0.0240567 0.145721 0.799045 0.168377 0.988303 3.33601 0.999926 -12468.5 0
0.0222665 0.186322 0.655005 0.128118 1.0193 3.35601 1.00083 -12467.3 0
0.0243699 0.129641 0.736028 0.172161 1.01346 3.1187 1.00256 -12447.4 0
0.0239889 0.148917 0.684417 0.0566265 0.904811 2.96402 1.0005 -12435.5 0
0.0233657 0.165346 0.713631 0.140804 1.09149 3.28479 1.00139 -12426.8 0
0.021367 0.119974 0.563581 0.161337 0.970814 3.32579 0.995254 -12396.9 0
0.0215635 0.101216 0.804541 0.0536916 0.960098 2.81288 0.998848 -12377.2 0
0.0216465 0.131895 0.781994 0.0648593 0.938467 3.21452 1.00015 -12376.5 0
0.0217711 0.170228 0.622297 0.121526 1.08854 3.09572 0.998172 -12369.2 0
0.0246341 0.173241 0.66168 0.0303626 0.919778 2.99376 0.999743 -12367.8 0
0.0229265 0.110831 0.840404 0.136681 1.01488 3.04494 0.99879 -12326.4 0
0.0219356 0.178152 0.629448 0.192779 1.07317 3.29616 1.00484 -12315.6 0
0.0228285 0.111727 0.692532 0.14946 1.01816 2.97845 0.996315 -12312.8 0
0.0210843 0.109314 0.747412 0.124842 1.09631 2.93282 0.999224 -12295.5 0
0.0241522 0.12099 0.799796 0.0863826 0.978203 2.96372 0.99695 -12245.3 0
0.020063 0.1319 0.788572 0.125274 1.0812 3.16611 0.996709 -12209.5 0
0.0205593 0.129099 0.788366 0.155069 1.07265 3.32353 1.00148 -12162.5 0
0.0222188 0.133113 0.814436 0.134207 0.960507 3.27468 1.00286 -12130.5 0
0.020152 0.169212 0.643682 0.174126 0.945036 3.2821 1.00435 -12117.9 0
0.0236132 0.18798 0.668809 0.148157 0.953655 3.4171 0.998572 -12096.5 0
0.0240286 0.137169 0.589803 0.0683698 0.940657 3.26786 1.00221 -12083.9 0
0.0231549 0.120015 0.570031 0.170429 0.974675 3.33079 0.998619 -12065 0
0.0207502 0.14191 0.737611 0.139418 1.08539 3.32134 1.00617 -12025.3 0
0.0228097 0.171816 0.6752 0.0284165 1.07758 3.08606 0.998207 -11990.8 0
0.0220323 0.10594 0.783461 0.0529283 1.03334 2.81953 1.0044 -11983.3 0
0.0233587 0.138777 0.652283 0.184719 1.08663 3.46774 0.999471 -11960 0
0.0218242 0.123514 0.559365 0.119571 0.954164 2.99331 1.00323 -11956.7 0
0.0215173 0.127176 0.771998 0.106318 1.02546 3.02493 0.99668 -11949.2 0
0.0221255 0.101763 0.841496 0.118028 0.937495 2.99041 0.999848 -11935.9 0
0.0231743 0.183933 0.668371 0.131444 0.975382 3.29251 1.00117 -11934.9 0
0.0231979 0.183068 0.55009 0.0768324 1.06334 3.00431 0.996472 -11907.8 0
0.0228688 0.153389 0.668671 0.144653 1.06529 3.11174 0.996406 -11896.8 0
0.0249718 0.137007 0.66254 0.0592914 1.03086 2.88766 1.00289 -11891.6 0
0.0206139 0.116187 0.708879 0.0394447 1.00188 2.8024 1.00209 -11859.2 0
0.0230571 0.132973 0.793518 0.0678021 1.09582 3.13975 1.00361 -11855.9 0
0.0236672 0.170168 0.671184 0.0455251 1.07031 3.00983 0.995428 -11813.5 0
0.0239643 0.149828 0.731969 0.117346 1.0566 3.12102 1.00102 -11791.9 0
0.0231739 0.187803 0.64283 0.123982 0.98828 3.24751 1.00088 -11775.5 0
0.0249927 0.161377 0.6054 0.116728 1.01246 3.39356 0.998106 -11766.9 0
0.0247322 0.195781 0.586719 0.0515722 0.959712 3.31479 1.0011 -11749.1 0
0.0241018 0.120701 0.746815 0.140093 1.03658 3.0306 1.00193 -11726.4 0
0.0243013 0.10208 0.660606 0.0718476 0.947075 2.87058 1.00181 -11710.2 0
0.0219287 0.143631 0.662231 0.0505316 0.93248 3.26176 1.001 -11654.4 0
0.0206076 0.123581 0.565228 0.13336 0.924563 3.00817 0.998589 -11651.5 0
0.0234485 0.139076 0.662894 0.197181 1.0625 3.15853 0.998028 -11630.2 0
0.0223289 0.129972 0.789075 0.095827 0.932457 3.27507 1.00483 -11606.5 0
0.0215454 0.103645 0.689958 0.1641 0.941993 3.36551 0.99808 -11603.6 0
0.0203379 0.101261 0.654305 0.189278 1.09417 3.33009 0.999214 -11599.2 0
0.0231621 0.126096 0.830275 0.177798 0.911891 3.29911 0.998771 -11598.7 0
0.0218766 0.132134 0.799973 0.129998 0.982485 3.27946 1.00118 -11590.2 0
0.0236477 0.132766 0.816933 0.189149 1.05172 3.31591 0.998836 -11589.6 0
0.0202519 0.138611 0.675035 0.108285 1.08957 3.00531 1.00054 -11554.7 0
0.0244112 0.140084 0.734969 0.159862 0.999675 3.43325 0.996679 -11553.7 0
0.0249371 0.14126 0.678726 0.090744 1.08054 2.96077 0.997622 -11511.5 0
0.0235109 0.105689 0.661913 0.142001 0.924092 3.00533 1.00065 -11502.8 0
0.0217383 0.160658 0.70398 0.0580016 1.01496 3.15009 0.996839 -11484.8 0
0.0242917 0.134946 0.595732 0.0302668 1.0528 2.81573 0.998932 -11463.2 0
0.022975 0.126919 0.616737 0.190998 1.07521 3.10367 0.997202 -11462.1 0
0.0211222 0.159096 0.591213 0.101368 0.979446 3.03031 0.998449 -11406.1 0
0.023492 0.120208 0.585509 0.199619 1.04151 3.15733 1.00261 -11402.7 0
0.0208781 0.141433 0.706582 0.100341 1.05366 3.27451 1.00052 -11385.2 0
0.0203058 0.112438 0.844894 0.142834 0.973102 3.1611 1.0015 -11381 0
0.0241022 0.153007 0.656305 0.0550063 0.941202 2.96855 1.00252 -11349.1 0
0.0235966 0.178321 0.600028 0.121443 0.923597 3.17024 1.00432 -11334.6 0
0.024552 0.125159 0.74429 0.122626 1.00287 3.02692 1.00075 -11290 0
0.0213983 0.157433 0.585628 0.142231 0.950125 3.10884 0.996826 -11275.3 0
0.0214806 0.104881 0.654405 0.0676175 0.950673 3.14632 1.00073 -11231.3 0
0.0244409 0.135499 0.787165 0.0603435 1.01308 3.0079 0.995866 -11214.6 0
0.0208298 0.14967 0.720137 0.096576 1.00477 3.23692 0.997961 -11211 0
0.0224206 0.12318 0.577857 0.144016 0.964963 3.32353 1.00341 -11210.8 0
0.0201243 0.131998 0.772151 0.198954 0.959788 3.43568 1.00264 -11202 0
0.0232067 0.195371 0.606037 0.0582294 1.05833 3.18148 1.00222 -11195.1 0
0.0235837 0.180361 0.639294 0.0758425 1.011 3.27522 0.999808 -11156.1 0
0.0240178 0.182681 0.661889 0.174578 0.902375 3.38718 1.00221 -11139.1 0
0.0202499 0.108081 0.632784 0.170718 1.09544 3.03249 0.998678 -11135.6 0
0.0228929 0.151868 0.555966 0.12711 1.01189 3.05334 1.00085 -11131.4 0
0.0242153 0.151461 0.736296 0.134696 0.904237 3.3818 0.996742 -11112 0
0.0219651 0.196527 0.61227 0.166954 0.949969 3.47492 0.997907 -11111.1 0
0.0221599 0.142915 0.637519 0.0455926 1.049 2.87818 1.0002 -11076.7 0
0.0203506 0.12293 0.801042 0.0573003 1.07858 3.07984 1.00562 -11069.2 0
0.0202687 0.132311 0.58139 0.136906 0.971961 3.36034 0.997167 -11068.8 0
0.0225051 0.188874 0.598933 0.1808 1.09229 3.43872 1.00203 -11050.4 0
0.0223682 0.112825 0.68817 0.17549 0.918388 3.42915 0.998975 -11046.2 0
0.0243762 0.175264 0.637724 0.0327229 1.03252 2.99505 1.00239 -11022.1 0
0.0218039 0.131582 0.581481 0.0739442 1.06678 2.89682 1 -11011.9 0
0.0237797 0.170134 0.660002 0.0931835 1.06323 3.11934 1.00051 -11006.7 0
0.0248053 0.121645 0.842337 0.0762176 1.09235 3.12603 0.9969 -10980.5 0
0.0211401 0.125981 0.714802 0.126435 0.928979 3.36291 0.999772 -10962.3 0
0.024647 0.13171 0.80933 0.149185 0.955772 3.3452 0.996261 -10945.3 0
0.0213822 0.137769 0.58461 0.170275 1.02216 3.43149 1.00069 -10945 0
0.0246244 0.155028 0.744648 0.164844 0.987238 3.31788 0.998712 -10924.4 0
0.0236281 0.157938 0.598518 0.153829 1.00416 3.144 1.00343 -10894.2 0
0.0212362 0.144052 0.67282 0.0874614 1.05038 2.99499 0.996801 -10893.8 0
0.0204758 0.150953 0.55641 0.0455207 1.0087 2.88072 0.99692 -10890 0
0.0249719 0.168278 0.63805 0.194032 0.963471 3.5672 1.00243 -10868.6 0
0.0231923 0.159814 0.679054 0.165443 1.07052 3.23014 0.998048 -10836.1 0
0.0243701 0.113741 0.840159 0.183715 0.923684 3.42879 1.00193 -10799.6 0
0.0210414 0.182753 0.575612 0.145392 0.973006 3.2121 0.996408 -10793.5 0
0.0220525 0.11419 0.701889 0.126604 0.934129 3.34774 1.00432 -10783.3 0
0.020681 0.135014 0.635092 0.0838479 1.06301 2.93955 1.00391 -10778.8 0
0.0218178 0.154358 0.716254 0.110124 0.963206 3.19924 0.995806 -10764.1 0
0.0247587 0.169919 0.698291 0.0517401 0.973414 3.14912 1.00259 -10753.7 0
0.0245925 0.119959 0.697168 0.0560041 0.908207 2.88472 0.999561 -10751.2 0
0.0229838 0.109109 0.84686 0.089898 0.908956 3.03093 1.00066 -10750 0
0.0237241 0.16725 0.705225 0.191663 0.912015 3.45102 0.999931 -10748.3 0
0.023902 0.172953 0.551983 0.0803657 1.09604 3.01202 0.999839 -10736.6 0
0.020601 0.13615 0.748023 0.164084 0.937873 3.24472 0.997598 -10721.3 0
0.0238466 0.123293 0.665545 0.140346 0.938069 3.3927 1.00419 -10704.9 0
0.0211397 0.171115 0.552199 0.0222988 1.08741 2.89646 1.00117 -10703.7 0
0.0203001 0.1296 0.638494 0.127423 1.09726 2.99794 0.999124 -10699.3 0
0.0216487 0.176909 0.582006 0.0992365 1.04242 3.32531 0.999308 -10688.6 0
0.0249199 0.177202 0.670684 0.0321957 0.986764 3.07908 0.996198 -10633.8 0
0.0223988 0.151146 0.653525 0.170812 0.985398 3.46933 0.996355 -10621.6 0
0.020603 0.137262 0.628237 0.0202204 0.977871 3.16507 1.00333 -10613.6 0
0.024293 0.10908 0.792808 0.109152 1.04269 3.27739 1.00008 -10598.8 0
0.0213585 0.153609 0.571286 0.159674 1.09435 3.12126 1.00067 -10594 0
0.0201192 0.11651 0.597982 0.165927 1.02099 3.05804 0.998106 -10576.1 0
0.0204072 0.123116 0.682807 0.117216 1.07342 2.98413 1.00191 -10572.9 0
0.0212407 0.119217 0.825062 0.078084 0.993836 3.11888 1.00346 -10570.3 0
0.0204091 0.144132 0.716327 0.0519398 1.08001 3.08032 1.00203 -10535.5 0
0.0239673 0.12452 0.787017 0.123995 1.06372 3.29832 1.00364 -10513.6 0
0.0221742 0.123314 0.804775 0.135067 0.948437 3.16729 0.998159 -10511.3 0
0.0246632 0.125523 0.822227 0.199915 0.97347 3.30037 0.998013 -10502.9 0
0.0248373 0.180271 0.617284 0.0996636 1.04604 3.32017 1.00173 -10479.4 0
0.0237771 0.172798 0.625565 0.114665 1.00245 3.1512 1.00144 -10473.2 0
0.0245569 0.126087 0.617282 0.154355 0.900592 3.09869 0.998647 -10444.4 0
0.022703 0.177218 0.629109 0.133725 0.977161 3.22467 0.99664 -10399.7 0
0.0209354 0.114273 0.595842 0.175118 1.00137 3.32123 0.996526 -10390.4 0
0.0220939 0.134537 0.668254 0.192655 0.99543 3.1738 0.99642 -10374.9 0
0.0223896 0.154993 0.610537 0.092113 1.03291 3.02571 1.0037 -10345 0
0.0241456 0.160166 0.565354 0.0789006 1.09414 2.99003 1.0011 -10344.8 0
0.0238258 0.127098 0.554576 0.0808177 0.942737 3.13655 1.00071 -10343.9 0
0.0212245 0.132085 0.768438 0.0970809 1.04078 3.17279 0.998208 -10318.8 0
0.0247361 0.191125 0.599192 0.0745919 0.966998 3.32361 1.00362 -10281.7 0
0.0235736 0.125327 0.75168 0.0334222 1.02497 3.14665 1.00304 -10273.2 0
0.0233848 0.111193 0.78186 0.0767626 1.09018 2.90339 1.00006 -10268.5 0
0.0232218 0.114759 0.679606 0.178196 1.067 3.39547 1.0034 -10246.8 0
0.0222588 0.180145 0.632119 0.169913 1.00558 3.34763 1.00178 -10191.2 0
0.0227508 0.183545 0.570691 0.170092 1.03046 3.25859 0.998258 -10139.7 0
0.021713 0.112337 0.607105 0.13216 0.928567 3.02559 0.998487 -10128.2 0
0.0230254 0.120427 0.824928 0.0357776 0.919779 3.04235 0.997274 -10109.9 0
0.0241901 0.191928 0.586516 0.111907 0.966009 3.38732 0.996657 -10108.8 0
0.0214857 0.148613 0.634421 0.0284577 1.00736 2.8903 0.997076 -10078.6 0
0.0242244 0.116869 0.838713 0.137641 0.970127 3.16285 1.00166 -10054.6 0
0.0216304 0.102838 0.754619 0.0682238 0.976787 2.86778 1.00212 -10019.6 0
0.0221549 0.148136 0.551401 0.0368095 0.94167 3.19237 1.00045 -10008 0
0.0213525 0.162686 0.608756 0.165982 1.00645 3.461 1.00172 -9955.5 0
0.0206969 0.104196 0.73778 0.096522 0.912328 2.9413 1.00089 -9937.46 0
0.0234592 0.196602 0.588666 0.137418 0.969273 3.42883 1.00389 -9934.42 0
0.0214886 0.121993 0.792466 0.197398 1.04833 3.2564 0.995316 -9926.64 0
0.0209264 0.126859 0.773049 0.081526 1.01566 3.0551 0.994461 -9898.8 0
0.0223174 0.141865 0.610592 0.0702892 1.07678 2.93704 1.00095 -9879.77 0
0.0211264 0.107894 0.589019 0.136451 0.903849 3.1064 1.00169 -9858.67 0
0.0248892 0.164964 0.673084 0.160178 0.915553 3.45819 0.996086 -9852.05 0
0.0218802 0.135387 0.627778 0.100676 0.907839 3.32339 0.999077 -9847.6 0
0.0212669 0.167275 0.638778 0.147108 0.99993 3.38502 0.998507 -9824.26 0
0.0237351 0.14224 0.718004 0.0662371 0.978059 3.22672 0.99973 -9821.53 0
0.0244625 0.160364 0.587838 0.149289 0.926991 3.4679 1.00159 -9819.3 0
0.0229499 0.108954 0.697366 0.0383976 0.993471 3.10571 0.996301 -9815.5 0
0.024693 0.108579 0.686595 0.122302 0.9618 3.00137 1.00193 -9809.3 0
0.0225506 0.118074 0.821129 0.0395168 1.08204 2.99824 0.99475 -9807.5 0
0.0231991 0.118668 0.785073 0.113294 0.984821 3.04708 0.99591 -9806.93 0
0.0201932 0.120689 0.785952 0.129836 0.942753 3.16717 0.999039 -9802.58 0
0.0200626 0.106951 0.772792 0.0950984 1.03465 2.9475 1.00009 -9788.76 0
0.0239708 0.148165 0.7262 0.143686 0.975996 3.23282 1.00023 -9777.44 0
0.0222563 0.184145 0.588456 0.0568962 1.05163 3.09415 1.00359 -9776.63 0
0.0207806 0.137554 0.729356 0.186598 1.06031 3.37129 0.99922 -9758.39 0
0.0241328 0.124496 0.712319 0.0987688 1.01199 2.98261 0.998789 -9732.74 0
0.0202752 0.166492 0.651039 0.107806 0.917688 3.2863 0.997438 -9708.53 0
0.0248727 0.190265 0.632095 0.17248 0.929992 3.4556 1.00021 -9706.2 0
0.0244762 0.177815 0.622474 0.11905 1.08834 3.26525 0.996474 -9697.37 0
0.0217044 0.10576 0.687786 0.173366 0.906393 3.3687 0.99867 -9689.88 0
0.0224457 0.105953 0.766736 0.087334 1.01107 3.2164 1.00018 -9687.07 0
0.0243537 0.13979 0.575644 0.0375417 1.09152 2.89452 1.00021 -9674.87 0
0.0214668 0.117347 0.797505 0.125767 1.00426 3.26278 0.999091 -9667.04 0
0.0216921 0.10871 0.822722 0.121629 0.979042 3.2576 0.999881 -9663.92 0
0.0230517 0.139311 0.573995 0.146276 1.01046 3.09796 1.00008 -9655.73 0
0.0234198 0.169972 0.563143 0.159472 0.924478 3.21655 0.998213 -9647.8 0
0.0224135 0.125509 0.667399 0.061755 1.04316 3.1769 0.995769 -9642.51 0
0.0209479 0.139615 0.590332 0.120958 1.08421 3.03781 1.00303 -9600.74 0
0.021101 0.110244 0.727864 0.0284183 1.01124 3.10306 1.00167 -9594.35 0
0.020542 0.122557 0.557216 0.0390413 1.0778 2.91 1.00109 -9588.39 0
0.0213849 0.104821 0.747651 0.166278 0.965429 3.06866 0.996021 -9588.26 0
0.0209391 0.123651 0.787459 0.152685 0.959193 3.24863 0.999918 -9584.17 0
0.0237004 0.185566 0.608399 0.0820204 1.03505 3.18685 0.998657 -9548.94 0
0.0222734 0.182142 0.555057 0.173479 0.950066 3.524 1.00192 -9545.42 0
0.0201781 0.101365 0.801402 0.0972705 1.02732 2.95662 1.00275 -9537.07 0
0.0226411 0.133915 0.623313 0.0375614 1.04035 2.86089 0.99911 -9502.91 0
0.0246697 0.128886 0.753132 0.0576206 1.062 2.95368 0.99949 -9480.76 0
0.024143 0.156482 0.701613 0.180384 1.05107 3.34791 0.998824 -9477.22 0
0.0233156 0.112877 0.768207 0.183508 0.909849 3.43044 0.998767 -9439.89 0
0.0243836 0.144784 0.717059 0.0670153 1.06737 3.03903 0.999942 -9411.65 0
0.0235313 0.166109 0.649318 0.141747 0.970378 3.40562 1.00179 -9405.52 0
0.0233152 0.119444 0.82213 0.0758539 1.01621 3.10681 0.995968 -9385.6 0
0.0220101 0.15612 0.576 0.126312 0.9826 3.11358 1.00384 -9378.42 0
0.0243488 0.148783 0.640346 0.0220103 0.96399 2.8977 0.996244 -9375.94 0
0.0241285 0.106733 0.651871 0.0795809 0.912822 2.95792 1.00089 -9374.66 0
0.02337 0.128233 0.566842 0.029701 0.975542 2.88853 0.998384 -9366.99 0
0.0242928 0.16374 0.657248 0.137421 0.99053 3.39257 1.00393 -9329.16 0
0.02455 0.107779 0.798215 0.129479 1.08135 3.01677 0.997426 -9325.12 0
0.0208105 0.147194 0.615041 0.0200695 1.03612 3.1236 0.999324 -9322.03 0
0.0224257 0.18124 0.623074 0.197735 0.939486 3.5007 0.998935 -9313.7 0
0.0249062 0.120657 0.825158 0.0771959 0.910122 3.12498 0.996376 -9312.74 0
0.0242823 0.119166 0.613065 0.12554 0.916411 3.26253 1.00447 -9309.27 0
0.0210037 0.111572 0.618096 0.0256124 1.05109 2.80646 0.996551 -9307.12 0
0.0202032 0.131677 0.743162 0.0601269 0.910403 3.09604 0.997261 -9303.14 0
0.0212042 0.14594 0.682423 0.179939 1.08285 3.26048 1.0016 -9297.3 0
0.0219332 0.134289 0.74433 0.144314 0.979297 3.33335 1.00379 -9285.6 0
0.0241236 0.195823 0.553525 0.0229795 1.06655 3.09809 1.00027 -9279.5 0
0.0232524 0.111368 0.605176 0.140063 0.910366 3.1787 1.00098 -9274.68 0
0.0236005 0.195803 0.560334 0.0906101 1.05844 3.21321 0.99947 -9269.73 0
0.0243998 0.140096 0.648149 0.198918 0.909548 3.52528 0.998975 -9266.46 0
0.0203555 0.177877 0.590685 0.0365709 1.01001 3.16131 1.00247 -9263.16 0
0.0242687 0.118109 0.635476 0.0311856 0.903222 2.86017 0.996377 -9262.39 0
0.0225852 0.107662 0.732776 0.131003 1.09513 2.99289 0.999427 -9259.33 0
0.0238172 0.101731 0.679441 0.118113 0.969139 3.18458 0.997464 -9252.59 0
0.0235911 0.152417 0.702923 0.0458993 0.949134 3.064 0.999084 -9247.09 0
0.0206946 0.106616 0.716261 0.14596 0.976051 3.03553 1.00002 -9234.3 0
0.0216124 0.163233 0.587011 0.086432 0.90259 3.33769 1.00039 -9222.58 0
0.0234334 0.142145 0.664709 0.169824 0.985814 3.1886 0.999716 -9217.35 0
0.0236774 0.110426 0.816187 0.0248064 0.992512 3.08276 1.00176 -9204.91 0
0.020186 0.100692 0.722334 0.165538 0.913895 3.06918 0.996418 -9204.37 0
0.0217732 0.157167 0.652678 0.168787 0.969036 3.44738 1.0033 -9188.23 0
0.0217854 0.125558 0.601063 0.101499 0.963998 3.25463 1.00435 -9186.89 0
0.0243203 0.136 0.734428 0.0444638 0.968702 2.98198 1.00094 -9174.95 0
0.023669 0.13307 0.58549 0.166795 1.02531 3.14684 1.00121 -9170.76 0
0.0245332 0.166325 0.62835 0.144577 0.964284 3.22465 1.00201 -9147.78 0
0.0245188 0.152858 0.66921 0.103321 1.02825 3.30105 1.00275 -9145.72 0
0.0249434 0.117282 0.620954 0.0815178 0.927763 2.99781 1.00375 -9144.57 0
0.0228796 0.162325 0.596849 0.167149 0.905823 3.23645 0.994876 -9108.5 0
0.0246197 0.181715 0.625328 0.121313 0.933778 3.26318 0.996541 -9095.9 0
0.0216374 0.130043 0.553735 0.0443467 1.06166 2.92385 0.997672 -9095.13 0
0.0209748 0.117809 0.782515 0.0492264 1.09766 3.05205 1.00173 -9082.36 0
0.0240536 0.131492 0.558658 0.111555 0.9842 3.18036 0.999201 -9081.69 0
0.0249344 0.182507 0.588125 0.133726 0.97004 3.24226 1.00434 -9079.18 0
0.0231717 0.120567 0.803568 0.168377 1.03243 3.33605 1.00417 -9067.71 0
0.0225756 0.144694 0.63569 0.100764 1.06217 3.03128 0.996884 -9052.16 0
0.0234504 0.104819 0.751484 0.0281472 0.979475 2.81162 1.00079 -9048.45 0
0.0229715 0.159217 0.561118 0.140951 0.951292 3.15344 0.998782 -9046.74 0
0.0243874 0.137447 0.683895 0.14213 1.0126 3.37847 1.00164 -9045.87 0
0.0200945 0.10988 0.672605 0.0318555 0.928194 2.81049 0.993633 -9027.16 0
0.024616 0.141717 0.753856 0.183527 0.977096 3.36296 0.999403 -9024.97 0
0.0225654 0.195297 0.565565 0.0251956 0.945887 3.18713 0.99787 -9010.59 0
0.0211321 0.105377 0.616346 0.0225257 0.921729 2.86311 0.998726 -8995.78 0
0.0220933 0.182171 0.605903 0.178997 0.960972 3.45566 0.997552 -8987.2 0
0.0231869 0.172727 0.62415 0.0255611 0.914911 3.03346 0.993662 -8969.21 0
0.0213012 0.141504 0.599312 0.160615 0.992017 3.41052 0.999993 -8933.86 0
0.0213287 0.125831 0.570691 0.106139 1.05657 3.02878 1.00111 -8912.6 0
0.0235059 0.107209 0.662004 0.187063 0.912568 3.35405 1.00096 -8898.59 0
0.0224814 0.108212 0.659623 0.0715064 1.08744 3.07632 0.997974 -8863.77 0
0.0216805 0.150596 0.673991 0.0723036 1.06751 3.0909 0.997131 -8850.18 0
0.0201628 0.124151 0.762995 0.173589 0.949808 3.28567 0.994028 -8849.93 0
0.0226102 0.144553 0.717007 0.0939362 0.910612 3.18333 0.999171 -8822.88 0
0.0232516 0.113632 0.673013 0.0487256 0.930939 3.12664 0.996185 -8817.24 0
0.0243839 0.107611 0.766066 0.178278 0.950829 3.3997 0.998086 -8812.04 0
0.022982 0.14798 0.704169 0.193522 1.02466 3.33908 0.999516 -8808.84 0
0.0236176 0.114165 0.81333 0.125631 1.07727 3.22377 0.99505 -8808.79 0
0.0222928 0.113407 0.743744 0.142722 1.05524 3.31245 1.00072 -8804.16 0
0.020765 0.105062 0.841182 0.065915 0.97533 3.05869 1.00464 -8800.23 0
0.0236934 0.109938 0.837872 0.196847 0.958146 3.38998 0.999288 -8784.51 0
0.0203086 0.129691 0.698012 0.0692656 0.906716 3.2066 0.996658 -8769.08 0
0.0218968 0.116385 0.746101 0.115179 0.932838 3.29073 1.00285 -8753.32 0
0.0228087 0.150592 0.602125 0.101845 0.917862 3.08588 1.00295 -8752.15 0
0.0227798 0.167903 0.605986 0.151307 0.96265 3.24557 1.00221 -8745.36 0
0.023467 0.112369 0.838594 0.0565214 1.01386 3.05667 0.996785 -8741.62 0
0.0213615 0.144143 0.675686 0.176257 0.901312 3.45905 1.00436 -8739.46 0
0.0212543 0.160323 0.613781 0.0709416 1.06647 3.05066 0.996878 -8725.53 0
0.0200573 0.123041 0.62457 0.0963208 1.04527 2.9679 1.00051 -8719.58 0
0.0219381 0.153972 0.677346 0.0528929 0.971697 3.08714 0.996756 -8708.15 0
0.0217166 0.114174 0.797955 0.0409563 0.939192 3.07789 0.997944 -8687.16 0
0.0227761 0.160593 0.655226 0.179857 1.03195 3.32434 0.999735 -8684.14 0
0.0234539 0.136903 0.745906 0.0645412 0.930092 3.15646 0.999178 -8682.95 0
0.0216155 0.162463 0.597098 0.189626 0.948101 3.29495 0.999259 -8668.54 0
0.0244035 0.11226 0.762737 0.19262 0.917814 3.44035 0.999472 -8655.82 0
0.0218332 0.112683 0.668067 0.16021 0.904547 3.35086 0.999563 -8648.02 0
0.020277 0.10749 0.818924 0.195026 0.94021 3.31689 1.00148 -8638.73 0
0.0222726 0.143707 0.586707 0.105175 1.05473 3.04432 1.00217 -8635.72 0
0.0246177 0.103496 0.707152 0.107941 1.02597 2.98252 1.00309 -8626.86 0
0.0232794 0.110859 0.69309 0.110086 0.955136 2.99616 1.00043 -8621.14 0
0.0223016 0.161528 0.561362 0.151515 0.947259 3.44086 1.0024 -8619.12 0
0.0234711 0.192781 0.572447 0.0739725 0.992351 3.19834 0.998873 -8617.14 0
0.0234041 0.147455 0.654549 0.0445279 1.06945 3.1412 1.00145 -8604.79 0
0.0235677 0.173756 0.605787 0.138759 1.05615 3.33304 1.0017 -8602.85 0
0.0245003 0.138729 0.691419 0.108729 1.01706 3.2989 1.00179 -8590.69 0
0.0249849 0.124472 0.691306 0.0602412 0.979906 3.19141 0.998947 -8580.17 0
0.0226983 0.160102 0.63741 0.0813142 0.961217 3.26425 0.996888 -8570.48 0
0.0209819 0.116866 0.582149 0.0356499 0.987999 2.9059 1.00087 -8568.36 0
0.022169 0.137277 0.671411 0.192422 1.0422 3.45061 1.00438 -8559.73 0
0.0208036 0.177133 0.576526 0.0571359 0.931765 3.25045 0.999854 -8548.65 0
0.0238702 0.146871 0.58963 0.0327661 0.94282 3.17331 1.0005 -8545.8 0
0.0231083 0.131805 0.596863 0.198333 0.953572 3.21544 0.996616 -8531.7 0
0.0210598 0.134571 0.705873 0.101519 0.91276 3.27112 1.00127 -8526.81 0
0.0221951 0.168637 0.61207 0.088795 0.966565 3.28641 0.999524 -8518.63 0
0.0219836 0.103371 0.842391 0.0571693 0.947625 3.08289 1.00145 -8508.88 0
0.0205306 0.100926 0.837283 0.0608868 1.06345 2.94554 0.99947 -8506.6 0
0.0223713 0.105079 0.644364 0.160252 1.00213 3.12375 1.00303 -8495.46 0
0.0246701 0.11461 0.716146 0.0496164 0.997623 3.1457 1.00122 -8482.12 0
0.0223969 0.111079 0.811621 0.143779 1.02914 3.13494 0.998075 -8467.49 0
0.0214546 0.154267 0.641419 0.0734283 1.08549 3.09614 1.00175 -8402.57 0
0.020757 0.110413 0.802909 0.134169 0.916051 3.22197 0.999766 -8398.56 0
0.0243051 0.108973 0.653632 0.0750482 0.981423 2.96224 0.999544 -8391 0
0.0226562 0.10277 0.707296 0.0984393 1.06545 2.95327 1.00485 -8379.24 0
0.0219342 0.12157 0.584905 0.0804436 1.02416 3.08977 1.00009 -8378.99 0
0.022659 0.145666 0.684289 0.0311248 0.936579 3.0013 1.00163 -8378.34 0
0.0234785 0.11147 0.751265 0.113891 0.953572 3.02138 0.995038 -8348.58 0
0.0214785 0.153476 0.648394 0.102837 1.04816 3.22599 0.996679 -8344.42 0
0.0219838 0.117701 0.663114 0.12569 1.06882 3.02759 1.00104 -8331.13 0
0.0249658 0.116761 0.765914 0.0970568 0.963413 3.03781 1.00458 -8330.15 0
0.0221212 0.137253 0.581966 0.198785 1.0297 3.22458 1.0005 -8328.72 0
0.0223841 0.176923 0.554693 0.179243 0.931013 3.50166 0.996027 -8323.14 0
0.0247718 0.121074 0.740464 0.155365 0.962841 3.14529 0.99933 -8322.75 0
0.0216513 0.158883 0.618874 0.0646842 1.05116 3.05071 0.998297 -8321.34 0
0.0232509 0.118242 0.788499 0.0697419 1.08303 3.11125 1.00312 -8313.4 0
0.0238247 0.16578 0.579981 0.11923 0.966793 3.15668 1.00011 -8310.34 0
0.024863 0.158483 0.659376 0.0491052 1.0563 3.12464 0.998641 -8308.81 0
0.0202601 0.176411 0.559895 0.0200502 0.942841 3.01097 0.999691 -8305.05 0
0.021018 0.14135 0.575038 0.0685809 0.98248 2.98056 1.00307 -8293.94 0
0.0219153 0.101881 0.759036 0.188587 1.01838 3.13036 0.999322 -8280.46 0
0.0248164 0.16088 0.656 0.0244582 1.04279 3.08467 1.00299 -8274.44 0
0.0209713 0.119383 0.75481 0.0724883 0.972736 3.16131 0.999837 -8270.21 0
0.020168 0.125681 0.724564 0.151259 1.04995 3.30055 1.00197 -8234.49 0
0.0223376 0.100212 0.840532 0.0434958 1.05141 2.90048 1.00258 -8225.06 0
0.0233965 0.115835 0.703522 0.0525023 1.00391 2.88641 0.996438 -8223.64 0
0.0228953 0.106909 0.652821 0.162798 1.09779 3.17217 1.00065 -8216.82 0
0.0234137 0.164028 0.553223 0.0280362 1.0719 2.9649 1.00189 -8215.62 0
0.0242287 0.169624 0.624901 0.0576559 1.03682 3.13733 0.996791 -8198.01 0
0.0223042 0.14361 0.703513 0.162036 0.988707 3.28731 0.998538 -8171.91 0
0.0227805 0.129847 0.557504 0.131809 0.971829 3.16752 1.00106 -8170.31 0
0.0228248 0.130342 0.734391 0.152311 1.09415 3.19788 0.998513 -8170.26 0
0.0217804 0.126449 0.733225 0.12891 1.06888 3.24946 0.999652 -8166.89 0
0.0218675 0.142272 0.558962 0.0254518 0.920581 2.90872 0.998299 -8161.93 0
0.0207522 0.100176 0.694177 0.0394131 0.927549 2.8487 1.00109 -8153.11 0
0.0224085 0.17221 0.62387 0.155873 0.919388 3.38033 0.997955 -8144.03 0
0.0228318 0.123368 0.59924 0.175089 1.00832 3.32059 0.999824 -8125.4 0
0.0239493 0.117618 0.766836 0.042781 0.971019 3.1234 0.998259 -8115.72 0
0.0213375 0.111802 0.602932 0.0783095 0.94435 3.02549 0.996582 -8111.92 0
0.023807 0.190598 0.571277 0.13666 0.910287 3.41337 0.998486 -8109.26 0
0.0218097 0.119217 0.618606 0.0600683 0.905577 3.13992 1.00341 -8103.08 0
0.0243877 0.102233 0.768018 0.155784 1.01128 3.0818 1.0015 -8098.11 0
0.0224849 0.103711 0.671879 0.16829 0.997022 3.12306 1.00312 -8094.62 0
0.0222137 0.117416 0.615808 0.0516991 1.08183 3.00622 1.00098 -8091.34 0
0.0235372 0.133224 0.74825 0.174929 0.920752 3.35448 0.998074 -8077.32 0
0.0233746 0.102484 0.817645 0.144847 1.00637 3.0973 1.00265 -8068.67 0
0.0241444 0.166446 0.648125 0.0746403 0.964137 3.20089 0.999066 -8066.04 0
0.0239418 0.147387 0.683326 0.0593572 0.910647 3.06698 0.997252 -8064.29 0
0.0246864 0.139451 0.720203 0.172504 1.09707 3.29794 1.00141 -8064.25 0
0.023334 0.144193 0.710137 0.0970977 0.989794 3.20179 1.00286 -8061.35 0
0.0237214 0.150779 0.602241 0.156213 1.02634 3.37912 0.996798 -8060.65 0
0.0205653 0.130205 0.693222 0.134837 0.979626 3.13257 0.997621 -8060.25 0
0.0240741 0.166802 0.597425 0.0228618 0.96023 3.16005 0.996144 -8052.77 0
0.0244327 0.110364 0.649967 0.0806109 0.969546 2.99593 1.00002 -8052.73 0
0.0234261 0.110882 0.639045 0.0982243 1.00841 3.11562 1.0004 -8051.12 0
0.0222348 0.137819 0.591011 0.0309793 1.042 3.08369 0.998519 -8043.98 0
0.024005 0.109569 0.822569 0.121413 1.06827 3.09583 1.00257 -8031.41 0
0.0223593 0.184786 0.581796 0.0654373 0.901276 3.1946 0.999376 -8024.89 0
0.0240862 0.119766 0.604339 0.0973893 0.917609 3.09356 1.00108 -8011.61 0
0.0216119 0.165353 0.585128 0.129885 1.00167 3.19744 1.00274 -7999.23 0
0.0226614 0.123527 0.772407 0.0316422 0.959964 3.03062 0.998513 -7989.59 0
0.0213293 0.137495 0.687413 0.113246 1.03057 3.11767 0.99748 -7979.32 0
0.0233793 0.15501 0.634593 0.124505 0.992869 3.3284 0.996011 -7958.89 0
0.0222029 0.13506 0.559346 0.169498 0.974848 3.19893 0.999855 -7930.31 0
0.020455 0.132311 0.699443 0.175211 0.914581 3.26732 0.998264 -7924.19 0
0.0239926 0.136154 0.575592 0.0967234 1.05827 3.12687 0.999979 -7912.89 0
0.0246772 0.183789 0.587252 0.030394 0.985864 3.13871 1.00626 -7899.94 0
0.0246393 0.114581 0.824269 0.0940404 1.0155 3.1132 0.998023 -7887.7 0
0.024134 0.134384 0.660951 0.0675304 0.996374 3.20495 1.00047 -7885.51 0
0.0201624 0.150474 0.592711 0.148484 0.957819 3.19284 1.00267 -7879.17 0
0.0226659 0.157408 0.563634 0.0764139 1.01729 3.04105 0.998521 -7872.01 0
0.0223064 0.113587 0.736781 0.129103 0.943189 3.08098 1.00013 -7866.6 0
0.0200407 0.111963 0.729772 0.162703 0.922668 3.34067 0.998167 -7866.12 0
0.0202216 0.112989 0.642294 0.0408931 0.922607 2.88158 1.00068 -7864.48 0
0.0232901 0.130817 0.657779 0.172593 1.02351 3.3987 1.00272 -7854.49 0
0.0218424 0.119432 0.753164 0.048172 0.932865 3.12385 1.00235 -7854.43 0
0.0247359 0.127798 0.765073 0.152784 1.0693 3.27198 0.998625 -7849.4 0
0.0221985 0.121124 0.590186 0.101331 1.00522 3.07064 1.00131 -7830.75 0
0.0222258 0.124545 0.57188 0.0461272 0.910124 3.01297 0.996295 -7830.28 0
0.0203626 0.103663 0.763723 0.146425 0.975288 3.284 0.998026 -7826.79 0
0.0230913 0.162728 0.572264 0.0513877 1.09326 3.03051 0.997149 -7797.16 0
0.0202666 0.108565 0.76441 0.110916 1.01545 3.03821 0.999588 -7774.32 0
0.0245477 0.138565 0.731999 0.11608 0.983884 3.19908 0.999191 -7773.77 0
0.0244403 0.149312 0.609513 0.141773 1.02417 3.16695 1.00128 -7766.1 0
0.021125 0.104762 0.766887 0.115935 0.994503 3.0181 0.995832 -7761.96 0
0.0209056 0.127699 0.576798 0.133763 0.939374 3.23111 1.0005 -6769.85 0
0.0210127 0.155744 0.571231 0.194905 0.937691 3.31234 1.00016 -7196 0
0.0209589 0.14391 0.572909 0.149693 0.958569 3.22557 1.00176 -6179.89 0
0.0213208 0.160895 0.579848 0.145874 0.934721 3.29817 1.00293 -6277.33 0
0.0210501 0.149642 0.576804 0.12197 0.904969 3.23451 1.00149 -5716.79 1.88688e-122
0.0210922 0.138706 0.613518 0.173253 0.974945 3.32879 0.999622 -5652.27 1.97527e-94
0.0218834 0.13469 0.555986 0.133445 0.989539 3.16665 1.0028 -7383.67 0
0.0215976 0.135554 0.644845 0.186912 0.969532 3.29173 1.00264 -6211.06 0
0.0205609 0.140967 0.649348 0.138173 0.977025 3.27803 1.00125 -6463.24 0
0.0213552 0.126199 0.681591 0.119388 0.921283 3.12271 1.00454 -7130.11 0
0.0206589 0.136043 0.690963 0.143237 0.966737 3.22717 1.00077 -7441.51 0
0.0200559 0.128296 0.594451 0.127817 0.934586 3.15214 1.00111 -6139.59 4.52926e-306
0.0200839 0.119226 0.60428 0.168516 0.96273 3.21146 0.997146 -6439.15 0
0.0220349 0.136017 0.69016 0.148389 0.902669 3.32465 1.00173 -6895.59 0
0.021031 0.119318 0.622976 0.187036 0.941349 3.35453 1.00015 -6806.75 0
0.0209657 0.132802 0.626381 0.109489 0.940049 3.14511 1.00072 -5712.99 8.38053e-121
0.0201111 0.123079 0.589901 0.16338 0.951454 3.28547 1.00069 -6735.41 0
0.0202689 0.163129 0.579525 0.170933 0.950733 3.36092 1.00114 -6587.6 0
0.0204367 0.172327 0.555866 0.162614 1.00519 3.30931 0.999989 -7309.58 0
0.0209866 0.112477 0.72873 0.171871 0.925826 3.34861 1.00115 -6989 0
0.0205666 0.14576 0.576203 0.134544 0.992431 3.30595 0.999579 -6772.2 0
0.0208998 0.147661 0.566593 0.156515 0.976536 3.25025 1.00037 -6127.87 5.56954e-301
0.0222281 0.138627 0.569879 0.173502 1.00303 3.35369 0.999721 -7359.24 0
0.0225242 0.128141 0.59252 0.133873 0.944035 3.22423 1.00209 -6544.63 0
0.0211584 0.125212 0.70274 0.13165 0.915658 3.24881 1.00025 -6356.89 0
0.0205635 0.144003 0.653506 0.143382 0.953127 3.35572 1.00258 -7675.1 0
0.0216221 0.10944 0.646672 0.133662 0.980927 3.10795 0.995697 -6798.16 0
0.0217239 0.106511 0.718152 0.153124 0.980535 3.22823 0.999042 -5580.06 4.52473e-63
0.0203412 0.124561 0.656394 0.168919 1.00927 3.2567 0.999137 -5605.77 3.07693e-74
0.0215316 0.10613 0.679393 0.194666 0.944817 3.26795 1.00203 -6111.63 6.29901e-294
0.0213011 0.129065 0.70912 0.181347 0.992584 3.31863 0.997843 -6725.37 0
0.0217495 0.11855 0.616706 0.130719 1.00125 3.17306 0.998937 -6698.92 0
0.0214977 0.107759 0.70005 0.141541 0.928824 3.09182 1.0005 -7262.11 0
0.0216742 0.127571 0.69233 0.188046 0.985311 3.30137 0.998936 -6098.32 3.79947e-288
0.0221637 0.105939 0.732216 0.11905 0.907062 3.04801 0.999871 -7603.41 0
0.0202917 0.114095 0.74431 0.110988 0.93413 3.11201 0.999512 -6998.48 0
0.0218299 0.109138 0.707601 0.148801 0.995723 3.2711 0.998323 -6596.8 0
0.0205971 0.121201 0.705375 0.170491 0.975621 3.33556 0.996078 -6755.6 0
0.0201039 0.123934 0.709222 0.0880143 0.97475 3.11852 1.00149 -6580.02 0
0.0211066 0.150006 0.643498 0.164185 1.02057 3.28283 1.00393 -7484.78 0
0.0213523 0.10771 0.656346 0.121289 0.959741 3.07547 1.0022 -6926.75 0
0.0215512 0.131403 0.630762 0.154168 1.08253 3.14608 0.997357 -7218.26 0
0.021861 0.119144 0.690628 0.176807 1.04314 3.25404 1.00094 -5678.13 1.15714e-105
0.022076 0.12252 0.729964 0.184111 1.04722 3.21619 1.00031 -7725.76 0
0.0213126 0.12095 0.671959 0.168369 1.05814 3.3084 0.999433 -6566.25 0
0.0218484 0.108257 0.746183 0.146026 1.06686 3.15178 1.00056 -5974.82 1.63774e-234
0.0204293 0.116397 0.681905 0.118219 1.02116 3.16145 1.00297 -5563.84 5.00074e-56
0.0215909 0.124939 0.747041 0.13983 1.04297 3.23756 0.999164 -7744.3 0
0.0219357 0.122157 0.708224 0.103223 1.0534 3.22682 1.00319 -7741.25 0
0.0210407 0.113568 0.636677 0.117464 1.04623 3.1318 0.999671 -6719.79 0
0.0201273 0.103226 0.797842 0.133549 1.09656 3.14064 1.0006 -7108.4 0
0.0205911 0.127486 0.726345 0.131733 0.998278 3.24316 0.999959 -7590.33 0
0.0201549 0.115277 0.725165 0.144964 1.07408 3.19643 1.00034 -6412.74 0
0.022367 0.111306 0.715561 0.161082 0.975565 3.21679 1.00129 -5481.07 4.44164e-20
0.0219922 0.102687 0.762279 0.130221 1.0389 3.2393 1.00066 -7310.95 0
0.0225588 0.101901 0.844759 0.146319 0.99151 3.21869 0.998614 -7500.01 0
0.0219483 0.101671 0.823538 0.121865 0.916563 3.1416 1.00144 -7504.51 0
0.022064 0.112046 0.77854 0.102599 0.967169 3.11476 1.00059 -6828.72 0
0.0215093 0.119708 0.745217 0.103637 0.976572 3.16137 1.00486 -6724.8 0
0.0229053 0.109596 0.819352 0.131814 1.08237 3.17302 0.996406 -7761.47 0
0.0219453 0.101029 0.810828 0.0939521 0.907963 3.05129 1.00218 -7551.71 0
0.0230573 0.117844 0.753069 0.10517 1.05309 3.18384 0.999746 -6938.63 0
0.020977 0.108182 0.749961 0.13356 0.940524 3.27692 1.00159 -7554.23 0
0.0231392 0.101724 0.83972 0.114746 1.07082 3.15153 0.99917 -7215.55 0
0.0237009 0.107318 0.733515 0.0507398 1.08045 3.00621 0.998509 -5936.5 7.20364e-218
0.0249699 0.110814 0.736353 0.0711838 1.04492 3.01508 0.999791 -5771.8 2.42069e-146
0.0241974 0.100636 0.834617 0.0804431 1.09393 3.01222 0.999862 -6711.98 0
0.024167 0.111274 0.728783 0.0864044 0.988662 3.11966 1.00092 -5537.75 1.07161e-44
0.0247557 0.128492 0.674588 0.0300648 0.937256 3.00922 1.00005 -5603.25 3.83675e-73
0.0231987 0.123238 0.679273 0.0746289 0.930661 3.03272 1.00082 -6333.8 0
0.0228454 0.112372 0.674361 0.0398012 1.04253 2.94351 0.999474 -6179.97 0
0.0246069 0.122222 0.767535 0.0852058 1.03169 3.04578 0.999874 -7741.69 0
0.0231561 0.113322 0.70184 0.0462118 0.959183 2.91348 1.00056 -7153.3 0
0.0237972 0.131159 0.730907 0.0410296 0.908877 3.03508 1.00106 -7422.73 0
0.0233423 0.113072 0.733289 0.0240718 0.955998 2.96037 1.0001 -5588.88 6.70626e-67
0.0243931 0.101944 0.78914 0.0736844 1.01398 3.10488 1.00081 -6172.2 0
0.0247319 0.117421 0.709686 0.0837536 1.00194 3.18447 0.999962 -7001.81 0
0.0213778 0.151078 0.614571 0.194823 1.03571 3.29677 1.00033 -7473.49 0
0.0218432 0.103629 0.747468 0.191766 0.918477 3.24381 1.00063 -6291.69 0
0.0203656 0.146711 0.599928 0.170941 1.07664 3.35338 0.998441 -7592.56 0
0.0228261 0.140695 0.617574 0.148521 1.08005 3.23492 1.00137 -6509.91 0
0.0218895 0.111333 0.698767 0.0445087 0.936874 3.04739 1.00358 -5706.66 4.70386e-118
0.0212121 0.107728 0.671228 0.169557 0.969079 3.32222 1.00365 -7598.55 0
0.0211718 0.144567 0.644792 0.157037 1.01391 3.23424 0.997346 -7078.89 0
0.0240624 0.105575 0.780098 0.131211 0.965488 3.27137 1.00027 -7360.08 0
0.0227783 0.135107 0.603199 0.0896703 0.968301 3.14213 0.998993 -5812.36 5.88942e-164
0.0223321 0.102472 0.68041 0.159219 1.01158 3.16301 1.00117 -6854.99 0
0.0231021 0.11575 0.622989 0.0991604 0.968887 3.13001 1.00055 -7481.28 0
0.0206134 0.105666 0.743614 0.0999869 0.953407 3.10924 1.0017 -5765.08 2.00677e-143
0.0231508 0.109744 0.6589 0.130356 0.933955 3.20938 0.99817 -7361.35 0
0.0216606 0.129225 0.69562 0.102156 1.04163 3.22539 1.00125 -7640.84 0
0.0218564 0.110056 0.721894 0.0842981 1.01032 3.14574 0.999146 -6540.22 0
0.0219843 0.107283 0.686041 0.0676185 0.948515 3.11634 1.00188 -7236.89 0
0.0206536 0.127771 0.703113 0.175514 0.909538 3.27837 0.99813 -7117.08 0
0.0236057 0.127072 0.629836 0.087779 1.02259 3.10005 1.00074 -6141.04 1.06465e-306
0.0216315 0.124499 0.664996 0.113814 0.966256 3.2432 1.00163 -6316.13 0
0.0205101 0.134098 0.679698 0.128906 1.04148 3.23323 0.996295 -7126.05 0
0.0207771 0.123102 0.732253 0.178186 0.900277 3.30437 0.998126 -7372.32 0
0.0211583 0.10059 0.809235 0.116561 1.04315 3.17311 0.998503 -7128.53 0
0.0226756 0.139628 0.632496 0.187935 1.03167 3.42456 1.00153 -7529.65 0
0.0217749 0.135002 0.615544 0.19732 0.983884 3.38776 1.0007 -5861.41 2.92757e-185
0.0207867 0.118806 0.747471 0.144265 1.0763 3.22866 1.00389 -7366.28 0
0.0221929 0.104513 0.676563 0.125303 0.973096 3.07333 0.995629 -6820.94 0
0.0243965 0.161233 0.600879 0.140314 0.958242 3.31983 0.997328 -6289.14 0
0.0231536 0.149005 0.576305 0.18098 0.947422 3.42923 0.998707 -7099.46 0
0.0224188 0.141878 0.563461 0.139514 0.977563 3.28995 0.998737 -7003.87 0
0.0236541 0.133221 0.617924 0.146431 1.01575 3.17204 0.997498 -6574.28 0
0.0236593 0.152988 0.598182 0.13097 0.964067 3.26342 0.998763 -5877.38 3.38567e-192
0.0234226 0.12048 0.600533 0.166916 0.937869 3.24 0.996945 -7614.37 0
0.0231712 0.13014 0.627758 0.144185 0.971934 3.19422 0.998874 -5926.76 1.22073e-213
0.0237865 0.137638 0.588803 0.127197 0.923748 3.2347 1.00037 -6216.22 0
0.0231599 0.140419 0.614733 0.186475 0.904075 3.46566 1.00007 -7709.28 0
0.0248382 0.132571 0.643061 0.190657 0.987089 3.33803 1.00039 -5716.6 2.27655e-122
0.0241667 0.138433 0.58336 0.118657 0.933568 3.17868 1.00161 -6588.17 0
0.0237033 0.1514 0.574635 0.163475 0.909095 3.2412 1.00089 -7477.86 0
0.0242315 0.121495 0.68119 0.158894 0.910898 3.19283 0.999686 -6703.06 0
0.0236288 0.124112 0.680091 0.13605 0.903757 3.22334 0.999576 -5642.63 3.03266e-90
0.0245606 0.139628 0.619991 0.118433 0.903673 3.2836 0.999136 -6381.74 0
0.0228746 0.134708 0.655354 0.1863 0.9964 3.41878 0.999954 -7083.18 0
0.0239429 0.153408 0.644556 0.145162 1.04159 3.28289 0.997329 -7067.19 0
0.0218274 0.137171 0.622179 0.154611 0.907611 3.35369 0.997196 -6403.26 0
0.0234923 0.128267 0.637758 0.135991 0.911266 3.3003 0.999337 -6611.34 0
0.0239629 0.161159 0.603191 0.138759 0.995758 3.20954 0.998383 -7511.48 0
0.0229512 0.115635 0.665967 0.146843 0.98889 3.25127 0.996836 -6317.81 0
0.0235425 0.118406 0.655684 0.189407 1.00569 3.37444 0.999009 -7472.04 0
0.0241662 0.111869 0.765261 0.146092 0.912841 3.25491 1.00054 -6238.14 0
0.0232868 0.112699 0.701946 0.174002 0.920747 3.2844 0.997651 -5692.98 4.12303e-112
0.0243764 0.108231 0.761077 0.147306 0.941431 3.31581 0.997424 -7704.12 0
0.0225587 0.10083 0.687485 0.190403 0.90368 3.25491 0.995758 -7210.23 0
0.0240173 0.117974 0.681583 0.161062 0.982625 3.18629 0.999683 -6175.65 0
0.0245445 0.115776 0.691397 0.162421 0.969015 3.30419 0.997572 -6282.96 0
0.0230486 0.115049 0.701179 0.136471 0.916753 3.23794 0.99975 -5746.19 3.21166e-135
0.0249923 0.110233 0.777249 0.177615 0.920252 3.36434 0.995472 -7319.77 0
0.0246441 0.135505 0.67068 0.193459 0.938792 3.45056 0.995857 -7160.94 0
0.0239381 0.107709 0.702414 0.192331 0.909216 3.36439 1.00054 -7159.18 0
0.0244119 0.114659 0.672603 0.16143 1.0111 3.28766 0.998481 -6937.52 0
0.0245161 0.112578 0.724404 0.146694 1.03148 3.30154 0.996914 -7693.26 0
0.0244252 0.181567 0.551395 0.117235 0.939407 3.25753 1.00128 -7075.66 0
0.0225039 0.126464 0.673249 0.161478 0.97989 3.27716 0.997438 -5483.17 5.41874e-21
0.0226038 0.110715 0.723012 0.190415 0.912558 3.38354 1.00067 -6846.51 0
0.0227838 0.128013 0.663425 0.186303 0.954976 3.33237 1.00013 -5436.51 1
0.0246482 0.131042 0.693281 0.150646 0.973317 3.36961 1.00063 -7564.63 0
0.0224632 0.139381 0.630274 0.14207 0.908511 3.19567 0.998481 -6658.09 0
0.0242551 0.100091 0.753772 0.118401 0.987648 3.10526 0.999942 -5745.86 4.44594e-135
0.0241868 0.119434 0.694399 0.114841 1.06248 3.18758 1.0044 -6051.2 1.10351e-267
0.0247255 0.105235 0.693582 0.111224 0.914201 3.08381 1.00267 -7270.22 0
0.0248322 0.143654 0.669271 0.116537 1.01655 3.19052 1.00092 -6500.05 0
0.0228522 0.156363 0.601373 0.123462 1.05198 3.16262 1.00226 -7608.51 0
0.0242366 0.118635 0.71045 0.131319 1.01111 3.18455 1.001 -5475.37 1.32997e-17
0.0233577 0.12258 0.655824 0.142482 1.06121 3.10042 1.00335 -7709.27 0
0.0222544 0.134047 0.667068 0.162624 1.09583 3.21999 1.00533 -7041.82 0
0.0224039 0.115518 0.698858 0.175223 1.09032 3.25362 0.999758 -5955.46 4.1938e-226
0.0231844 0.102657 0.812938 0.197932 1.03375 3.22323 1.00604 -7380.17 0
0.0249471 0.119646 0.7099 0.168011 1.08733 3.27874 1.0007 -6153.56 0
0.0237844 0.107187 0.738809 0.195289 1.06838 3.34027 1.0026 -6269.23 0
0.0229847 0.125815 0.750056 0.18207 0.957588 3.29276 1.00363 -7565.46 0
0.0235153 0.116663 0.672204 0.194225 1.04338 3.22314 1.0017 -6737.81 0
0.0239782 0.120321 0.689402 0.179588 1.02139 3.17983 1.00464 -7649.94 0
0.0239357 0.132661 0.684339 0.198543 1.06736 3.37816 1.00088 -6519.29 0
0.0233888 0.139024 0.632025 0.176905 1.09679 3.21752 1.00298 -7571 0
0.0223144 0.137141 0.660846 0.128001 1.09888 3.19694 0.999994 -6909.41 0
0.0247786 0.105344 0.7437 0.138841 1.06234 3.14639 1.00161 -5783.64 1.75121e-151
0.0247762 0.108666 0.787724 0.112789 0.988434 3.18523 1.00127 -6040.97 3.06691e-263
0.0235182 0.121975 0.762226 0.178377 1.00229 3.26016 1.00122 -7317.82 0
0.0230577 0.123152 0.623314 0.147827 1.07639 3.17631 0.999195 -7011.41 0
0.0247136 0.109323 0.686989 0.161972 1.07044 3.17932 0.999583 -6822.55 0
0.0228177 0.10793 0.715675 0.15858 1.00276 3.1091 1.00205 -7448.93 0
0.0236102 0.119229 0.771833 0.194315 1.09454 3.26734 1.00101 -7571.61 0
0.023667 0.11481 0.770173 0.144408 0.958804 3.14568 1.00162 -7705.58 0
0.024156 0.12761 0.625841 0.133143 1.09216 3.22558 1.00202 -7680.32 0
0.0238729 0.101003 0.732825 0.165867 1.0114 3.10578 1.00033 -7639.5 0
0.0241884 0.118503 0.718263 0.126344 0.988475 3.28369 0.999404 -7250.05 0
0.0244457 0.123446 0.728321 0.173079 0.944592 3.24596 1.00241 -6786.62 0
0.0237634 0.149898 0.641793 0.137549 1.03643 3.1927 1.00327 -7517.87 0
0.023692 0.110351 0.797098 0.183865 1.04188 3.26451 1.00071 -6611.73 0
0.0240266 0.124838 0.731581 0.0933062 1.00564 3.17654 1.00066 -6410.93 0
0.0213403 0.131616 0.675053 0.0524901 0.902369 3.04646 0.999998 -6401.55 0
0.0235254 0.122964 0.639473 0.105688 1.08218 3.10728 0.997927 -6736 0
0.0212206 0.117736 0.738448 0.0467901 1.03923 3.05629 0.998778 -6897.52 0
0.0203618 0.103053 0.696597 0.0474934 0.995168 2.9376 0.995858 -5884.51 2.72323e-195
0.0218145 0.111389 0.683822 0.0887229 1.07424 3.00106 0.993169 -6314.72 0
0.0220844 0.113849 0.704404 0.0589216 1.03666 2.92359 0.994953 -6861.94 0
0.0217474 0.120386 0.765232 0.0892768 0.946239 3.1289 0.995481 -7582.44 0
0.0246107 0.116075 0.656176 0.0705708 0.9258 3.02748 0.998877 -6743.73 0
0.0240948 0.112279 0.668466 0.0770551 1.01317 2.97933 0.998477 -7173.42 0
0.0232227 0.130863 0.681397 0.0215325 1.03712 2.99281 0.995937 -6042.33 7.87603e-264
0.0243357 0.117291 0.71251 0.0740551 0.92193 3.18526 0.999223 -7259.27 0
0.0240269 0.126183 0.659943 0.0870181 0.989299 3.1689 0.996397 -6234.37 0
0.0206725 0.133347 0.668534 0.088669 0.962876 3.11827 0.999172 -6274.24 0
0.0230348 0.103537 0.737648 0.0304978 1.08451 3.01439 0.995421 -7645.35 0
0.0215729 0.104567 0.649321 0.0327246 0.906309 2.94965 0.997812 -7590.57 0
0.0215432 0.122986 0.725294 0.0482015 0.974174 2.96769 0.996613 -7377.84 0
0.0238566 0.117727 0.669501 0.0934 0.975323 3.03805 0.997141 -6439.92 0
0.0221508 0.101985 0.78737 0.0238929 0.918441 2.97241 0.997183 -6383.45 0
0.0222728 0.139719 0.555274 0.0803358 0.919029 3.04973 0.995509 -7277.7 0
0.023719 0.133749 0.650255 0.0538799 1.05085 3.00795 0.995516 -6198.41 0
0.020333 0.135927 0.676413 0.068113 0.985209 3.09423 0.99904 -6837.55 0
0.0229414 0.110604 0.757747 0.0281378 0.972381 3.0761 0.999004 -7657.99 0
0.0249813 0.125144 0.760419 0.0331854 0.907229 3.03576 0.998248 -7186.35 0
0.0218132 0.129405 0.676326 0.0717408 0.91688 3.03459 0.996859 -6798.83 0
0.0214458 0.113611 0.652695 0.0808692 0.994723 2.97497 0.997776 -6958.83 0
0.0206559 0.130368 0.65342 0.0732253 0.935963 3.03442 0.998998 -6599.18 0
0.0218594 0.124651 0.681079 0.0713152 1.02378 3.08649 0.998654 -5729.65 4.9167e-128
0.0233465 0.155595 0.608256 0.0936519 0.953274 3.28757 0.997388 -7619.35 0
0.0243353 0.157664 0.587987 0.10284 0.991476 3.25387 0.997699 -6682.05 0
0.0236071 0.166994 0.621154 0.0978738 1.0217 3.2253 0.999151 -7745.21 0
0.0242962 0.128696 0.627967 0.0854253 0.957012 3.20618 0.998936 -7610.01 0
0.0247437 0.137675 0.603247 0.0956413 0.95065 3.06399 0.991748 -7195.68 0
0.0248334 0.126847 0.644141 0.0894091 0.945673 3.14675 0.998564 -5961.09 1.4991e-228
0.0233483 0.136319 0.671563 0.0599451 0.904112 3.12658 0.998886 -5983.33 3.31051e-238
0.0244421 0.153995 0.60091 0.0791118 0.918172 3.2175 0.994988 -6278.59 0
0.0237223 0.162589 0.596499 0.0776551 1.01229 3.1937 0.99864 -6887.77 0
0.024379 0.148406 0.632725 0.0383382 1.01949 3.07672 0.998198 -6342.47 0
0.0237252 0.12939 0.641802 0.0896755 0.920213 3.11985 0.998851 -5669.16 9.10098e-102
0.022974 0.139642 0.557406 0.084956 0.902798 3.13118 1.00005 -6770.55 0
0.0229506 0.17382 0.566854 0.110624 1.02428 3.24224 0.998666 -7204.78 0
0.0224386 0.158605 0.622024 0.0942756 0.910317 3.29142 0.99872 -7508.31 0
0.0204319 0.162941 0.569143 0.0293157 0.902828 3.03227 1.00005 -6943.25 0
0.0208541 0.151579 0.556805 0.0585702 0.918077 3.12239 0.999818 -5681.88 2.71806e-107
0.0211351 0.152845 0.576791 0.0519709 1.01688 3.02756 0.999047 -6705.68 0
0.0203948 0.162566 0.573925 0.0275643 0.977266 3.07022 0.999199 -6504.85 0
0.0210232 0.157962 0.617224 0.0763784 0.985171 3.15497 0.999421 -7091.32 0
0.0228234 0.150128 0.597016 0.040075 1.05803 2.97941 0.997793 -7184.17 0
0.0218903 0.153117 0.600243 0.0297206 0.995285 3.05265 0.998704 -6179.6 0
0.0231474 0.143241 0.575916 0.0210145 1.02636 2.9781 0.999047 -6639.87 0
0.0202042 0.145163 0.559039 0.0391368 1.03819 3.07647 1.00013 -6957.8 0
0.0221064 0.166584 0.57479 0.0706126 0.917757 3.12994 0.998429 -6752.75 0
0.0215976 0.133029 0.626094 0.0288374 0.97408 2.91067 0.998865 -7146.29 0
0.0221865 0.143846 0.656847 0.0893199 0.973123 3.20093 0.997333 -6660.17 0
0.0224619 0.146407 0.646755 0.0820262 1.03515 3.09889 0.997675 -6952.83 0
0.0221761 0.156529 0.557576 0.0556254 0.918782 3.13176 0.998196 -5798.11 9.119e-158
0.0206856 0.138477 0.649486 0.068531 1.00029 3.05512 0.997356 -6594.33 0
0.0232722 0.180202 0.557922 0.0335409 1.00978 3.10709 0.995854 -7403.11 0
0.0219878 0.133654 0.585218 0.0864323 0.982046 3.03812 0.998404 -7048.11 0
0.0224171 0.136445 0.659317 0.0519213 1.06048 2.9863 0.996685 -6951.94 0
0.0214597 0.139263 0.642706 0.0451947 1.02335 3.10871 0.996108 -6997.33 0
0.0221455 0.12836 0.609323 0.0557878 0.929907 3.04585 0.996473 -5836.14 2.77592e-174
0.0243884 0.130563 0.628442 0.125727 0.92562 3.15605 0.997718 -6364.53 0
0.0221733 0.143449 0.582466 0.107882 0.995582 3.1334 0.998932 -6281.28 0
0.0241902 0.121128 0.744806 0.10657 0.903684 3.15849 0.997613 -6521.09 0
0.0247056 0.13778 0.650626 0.121752 1.04601 3.14684 0.998903 -6485.97 0
0.0213561 0.120695 0.735243 0.0643507 0.945572 3.01946 0.999202 -7278.74 0
0.0208484 0.141238 0.618779 0.0471975 0.951638 3.0951 0.998066 -5761.75 5.62678e-142
0.020926 0.117325 0.625426 0.068107 1.01889 3.09938 0.999581 -7402.14 0
0.0208306 0.110129 0.688522 0.0735288 1.04878 2.93481 0.998574 -7166.21 0
0.0226408 0.13146 0.728266 0.0904747 1.01478 3.18497 0.998042 -7757.66 0
0.0238999 0.147853 0.652729 0.0861826 1.05373 3.11778 0.997737 -6997.88 0
0.0215341 0.140388 0.671544 0.0279435 1.08067 3.0001 0.998287 -7543.13 0
0.0247868 0.169816 0.608138 0.108123 0.963393 3.22482 0.997259 -7117.99 0
0.0226275 0.162283 0.623413 0.033526 1.00139 3.0819 0.994595 -7438.36 0
0.022352 0.101816 0.763973 0.0953721 0.955682 3.05005 0.9976 -5866.71 1.46099e-187
0.0230119 0.101258 0.72491 0.0853835 0.940403 3.1067 0.997385 -6554.04 0
0.0216797 0.120713 0.668916 0.0928448 1.05239 3.11073 0.999908 -5790.36 2.11439e-154
0.0210843 0.114166 0.654592 0.106985 1.0862 3.03272 1.00031 -6967.29 0
0.0212783 0.107744 0.714737 0.0344826 0.979798 2.90687 1.00265 -6226.6 0
0.0208215 0.112636 0.741243 0.0210905 1.02621 2.95871 1.0014 -6120.79 6.63724e-298
0.020169 0.112902 0.729451 0.0545181 0.9572 3.01147 1.00283 -6182.83 0
0.0206014 0.105308 0.691227 0.093115 1.01025 2.97253 1.00389 -7349.29 0
0.0220117 0.115105 0.733533 0.0465857 1.09481 2.98295 0.999977 -6355.14 0
0.0221924 0.103562 0.816271 0.027304 1.04877 2.94504 1.00018 -6825.41 0
0.0210693 0.13508 0.709912 0.0446155 0.992055 3.06597 1.00114 -7732.23 0
0.0227727 0.105789 0.812066 0.0233824 0.931317 2.975 1.00129 -7097.28 0
0.0220509 0.138306 0.672225 0.0825579 1.0638 3.06752 1.00127 -7389.55 0
0.0228354 0.138501 0.594381 0.0947413 1.04258 3.05012 1.00115 -7477.93 0
0.0226783 0.162435 0.602994 0.0695197 0.933608 3.16982 1.00151 -6483.63 0
0.0231903 0.131094 0.669707 0.0814304 0.915825 3.10556 1.00172 -5892.28 1.14957e-198
0.0204828 0.169701 0.581712 0.0567194 0.923421 3.16175 1.00272 -7055.83 0
0.0216413 0.157957 0.585081 0.0864693 1.01445 3.15171 1.00634 -6593.24 0
0.0224602 0.160293 0.576824 0.0739494 1.00985 3.11905 1.00099 -6560.38 0
0.0201153 0.137293 0.606735 0.0431228 0.902089 3.07149 1.00476 -5546.04 2.68595e-48
0.0215465 0.145361 0.58886 0.0650231 0.988485 3.1914 1.00119 -7248.86 0
0.0205072 0.144248 0.594608 0.0883422 1.05162 3.04088 1.0017 -7679.87 0
0.0212292 0.134966 0.617887 0.0763247 1.06121 3.00611 1.00079 -7208.4 0
0.0211782 0.141142 0.6303 0.0988671 1.03687 3.1519 1.00124 -6248.03 0
0.0218264 0.155116 0.586856 0.0418226 1.03997 3.03904 1.00127 -6687.76 0
0.0202284 0.142974 0.632566 0.0291467 0.980932 3.06017 1.0016 -6338.62 0
0.0205833 0.147336 0.610223 0.0471019 0.997835 3.01535 1.00214 -6876.95 0
0.0207851 0.116319 0.66525 0.0235495 0.957348 3.06548 1.00123 -7347.54 0
0.0232836 0.140544 0.692897 0.0559616 1.03555 3.12299 1.00142 -7495.79 0
0.0244888 0.161901 0.577413 0.0942725 1.09733 3.17815 1.00229 -7732.62 0
0.0246549 0.166221 0.576044 0.0630914 1.05244 3.13768 1.00041 -7239.97 0
0.0240213 0.141805 0.580023 0.0285165 0.984668 3.00696 1.00001 -6510.14 0
0.0243302 0.121353 0.638212 0.0618116 1.03648 3.07752 1.0011 -7189.66 0
0.0238097 0.139033 0.659241 0.0805586 1.09349 3.03097 1.00162 -7714.62 0
0.0234396 0.139691 0.624816 0.061769 1.07386 3.07341 1.0028 -6467.98 0
0.0247556 0.144678 0.622461 0.0682118 1.09215 3.04219 1.00566 -7358.67 0
0.0232716 0.146859 0.652945 0.0350533 1.0653 2.99029 1.00453 -7615.18 0
0.0230971 0.171902 0.566046 0.0315012 0.906044 3.13529 1.00187 -6335.75 0
0.0245504 0.129277 0.676706 0.0407546 0.94757 3.1565 1.00425 -7438.03 0
0.024847 0.138594 0.707752 0.0660882 0.945943 3.14135 1.00068 -6715.23 0
0.0249015 0.164813 0.568665 0.0654659 0.910483 3.23997 1.00209 -6923.51 0
0.0240428 0.13697 0.663012 0.0546369 0.919209 3.01872 1.00396 -7160.77 0
0.0242378 0.148331 0.589593 0.0428542 0.979105 3.0079 1.00045 -6718.99 0
0.0243721 0.173544 0.561086 0.0458978 0.950517 3.21149 1.00156 -7450.8 0
0.0247576 0.160165 0.589715 0.127089 1.00819 3.1744 1.00013 -7597.58 0
0.0244447 0.133465 0.713419 0.0899717 0.922466 3.18129 1.00396 -6498.82 0
0.0248731 0.146429 0.671482 0.0864088 0.997985 3.23092 1.00247 -7192.26 0
0.0238358 0.104932 0.710098 0.121625 1.06694 3.08589 1.00136 -6413.18 0
0.0241344 0.150999 0.565987 0.0908365 0.905835 3.12851 0.998943 -6717.31 0
0.0244574 0.168756 0.575006 0.0613117 1.0495 3.08683 1.00082 -7493.19 0
