3.85662e-07 2.67262e-09
6.21017e-07 2.65484e-09
1e-06 2.63718e-09
1.61026e-06 2.61964e-09
2.59294e-06 2.60221e-09
4.17532e-06 2.5849e-09
6.72336e-06 2.56771e-09
1.08264e-05 2.55063e-09
1.74333e-05 2.53366e-09
2.80722e-05 2.51681e-09
4.52035e-05 2.50006e-09
7.27895e-05 2.48343e-09
0.00011721 2.46691e-09
0.000188739 2.4505e-09
0.00030392 2.4342e-09
0.00048939 2.41801e-09
0.000788046 2.40192e-09
0.00126896 2.38594e-09
0.00204336 2.37007e-09
0.00329034 2.35431e-09
0.00529832 2.33865e-09
0.00853168 2.32309e-09
0.0137382 2.30764e-09
0.0221222 2.29228e-09
0.0356225 2.27704e-09
0.0573615 2.26189e-09
0.0923671 2.24684e-09
0.148735 2.2319e-09
0.239503 2.21705e-09
0.385662 2.2023e-09
0.621017 2.18765e-09
1 2.1731e-09
1.61026 2.15864e-09
2.59294 2.14428e-09
