3.85662e-07 2.75892e-09
6.21017e-07 2.74331e-09
1e-06 2.72778e-09
1.61026e-06 2.71235e-09
2.59294e-06 2.697e-09
4.17532e-06 2.68173e-09
6.72336e-06 2.66655e-09
1.08264e-05 2.65146e-09
1.74333e-05 2.63646e-09
2.80722e-05 2.62154e-09
4.52035e-05 2.6067e-09
7.27895e-05 2.59195e-09
0.00011721 2.57728e-09
0.000188739 2.56269e-09
0.00030392 2.54819e-09
0.00048939 2.53377e-09
0.000788046 2.51943e-09
0.00126896 2.50517e-09
0.00204336 2.49099e-09
0.00329034 2.47689e-09
0.00529832 2.46288e-09
0.00853168 2.44894e-09
0.0137382 2.43508e-09
0.0221222 2.4213e-09
0.0356225 2.40759e-09
0.0573615 2.39397e-09
0.0923671 2.38042e-09
0.148735 2.36695e-09
0.239503 2.35355e-09
0.385662 2.34023e-09
0.621017 2.32699e-09
1 2.31382e-09
1.61026 2.30072e-09
2.59294 2.2877e-09
