3.85662e-07 3.57018e-09
6.21017e-07 3.50095e-09
1e-06 3.43307e-09
1.61026e-06 3.3665e-09
2.59294e-06 3.30122e-09
4.17532e-06 3.23721e-09
6.72336e-06 3.17444e-09
1.08264e-05 3.11288e-09
1.74333e-05 3.05252e-09
2.80722e-05 2.99333e-09
4.52035e-05 2.93529e-09
7.27895e-05 2.87837e-09
0.00011721 2.82256e-09
0.000188739 2.76783e-09
0.00030392 2.71416e-09
0.00048939 2.66153e-09
0.000788046 2.60992e-09
0.00126896 2.55931e-09
0.00204336 2.50969e-09
0.00329034 2.46102e-09
0.00529832 2.4133e-09
0.00853168 2.36651e-09
0.0137382 2.32062e-09
0.0221222 2.27562e-09
0.0356225 2.23149e-09
0.0573615 2.18822e-09
0.0923671 2.14579e-09
0.148735 2.10419e-09
0.239503 2.06338e-09
0.385662 2.02337e-09
0.621017 1.98414e-09
1 1.94567e-09
1.61026 1.90794e-09
2.59294 1.87094e-09
