3.85662e-07 2.64003e-09
6.21017e-07 2.62758e-09
1e-06 2.61519e-09
1.61026e-06 2.60285e-09
2.59294e-06 2.59058e-09
4.17532e-06 2.57836e-09
6.72336e-06 2.5662e-09
1.08264e-05 2.55409e-09
1.74333e-05 2.54205e-09
2.80722e-05 2.53006e-09
4.52035e-05 2.51813e-09
7.27895e-05 2.50625e-09
0.00011721 2.49443e-09
0.000188739 2.48266e-09
0.00030392 2.47095e-09
0.00048939 2.4593e-09
0.000788046 2.4477e-09
0.00126896 2.43616e-09
0.00204336 2.42466e-09
0.00329034 2.41323e-09
0.00529832 2.40185e-09
0.00853168 2.39052e-09
0.0137382 2.37924e-09
0.0221222 2.36802e-09
0.0356225 2.35685e-09
0.0573615 2.34574e-09
0.0923671 2.33467e-09
0.148735 2.32366e-09
0.239503 2.3127e-09
0.385662 2.30179e-09
0.621017 2.29094e-09
1 2.28013e-09
1.61026 2.26938e-09
2.59294 2.25868e-09
