3.85662e-07 3.07986e-09
6.21017e-07 3.0346e-09
1e-06 2.99001e-09
1.61026e-06 2.94607e-09
2.59294e-06 2.90278e-09
4.17532e-06 2.86013e-09
6.72336e-06 2.8181e-09
1.08264e-05 2.77669e-09
1.74333e-05 2.73589e-09
2.80722e-05 2.69569e-09
4.52035e-05 2.65607e-09
7.27895e-05 2.61705e-09
0.00011721 2.57859e-09
0.000188739 2.5407e-09
0.00030392 2.50336e-09
0.00048939 2.46658e-09
0.000788046 2.43033e-09
0.00126896 2.39462e-09
0.00204336 2.35943e-09
0.00329034 2.32476e-09
0.00529832 2.2906e-09
0.00853168 2.25694e-09
0.0137382 2.22378e-09
0.0221222 2.1911e-09
0.0356225 2.1589e-09
0.0573615 2.12718e-09
0.0923671 2.09592e-09
0.148735 2.06512e-09
0.239503 2.03478e-09
0.385662 2.00488e-09
0.621017 1.97542e-09
1 1.94639e-09
1.61026 1.91779e-09
2.59294 1.88961e-09
