3.85662e-07 2.83452e-09
6.21017e-07 2.81444e-09
1e-06 2.79451e-09
1.61026e-06 2.77471e-09
2.59294e-06 2.75506e-09
4.17532e-06 2.73555e-09
6.72336e-06 2.71617e-09
1.08264e-05 2.69694e-09
1.74333e-05 2.67783e-09
2.80722e-05 2.65887e-09
4.52035e-05 2.64004e-09
7.27895e-05 2.62134e-09
0.00011721 2.60277e-09
0.000188739 2.58434e-09
0.00030392 2.56603e-09
0.00048939 2.54786e-09
0.000788046 2.52981e-09
0.00126896 2.5119e-09
0.00204336 2.49411e-09
0.00329034 2.47644e-09
0.00529832 2.4589e-09
0.00853168 2.44148e-09
0.0137382 2.42419e-09
0.0221222 2.40702e-09
0.0356225 2.38997e-09
0.0573615 2.37305e-09
0.0923671 2.35624e-09
0.148735 2.33955e-09
0.239503 2.32298e-09
0.385662 2.30653e-09
0.621017 2.29019e-09
1 2.27397e-09
1.61026 2.25787e-09
2.59294 2.24187e-09
