3.85662e-07 2.73815e-09
6.21017e-07 2.72585e-09
1e-06 2.7136e-09
1.61026e-06 2.7014e-09
2.59294e-06 2.68926e-09
4.17532e-06 2.67718e-09
6.72336e-06 2.66514e-09
1.08264e-05 2.65317e-09
1.74333e-05 2.64124e-09
2.80722e-05 2.62937e-09
4.52035e-05 2.61756e-09
7.27895e-05 2.60579e-09
0.00011721 2.59408e-09
0.000188739 2.58242e-09
0.00030392 2.57082e-09
0.00048939 2.55926e-09
0.000788046 2.54776e-09
0.00126896 2.53631e-09
0.00204336 2.52491e-09
0.00329034 2.51357e-09
0.00529832 2.50227e-09
0.00853168 2.49103e-09
0.0137382 2.47983e-09
0.0221222 2.46869e-09
0.0356225 2.45759e-09
0.0573615 2.44655e-09
0.0923671 2.43555e-09
0.148735 2.42461e-09
0.239503 2.41371e-09
0.385662 2.40286e-09
0.621017 2.39206e-09
1 2.38131e-09
1.61026 2.37061e-09
2.59294 2.35996e-09
