3.85662e-07 2.52868e-09
6.21017e-07 2.51506e-09
1e-06 2.50151e-09
1.61026e-06 2.48803e-09
2.59294e-06 2.47463e-09
4.17532e-06 2.4613e-09
6.72336e-06 2.44804e-09
1.08264e-05 2.43486e-09
1.74333e-05 2.42174e-09
2.80722e-05 2.40869e-09
4.52035e-05 2.39572e-09
7.27895e-05 2.38281e-09
0.00011721 2.36998e-09
0.000188739 2.35721e-09
0.00030392 2.34451e-09
0.00048939 2.33188e-09
0.000788046 2.31932e-09
0.00126896 2.30683e-09
0.00204336 2.2944e-09
0.00329034 2.28204e-09
0.00529832 2.26975e-09
0.00853168 2.25752e-09
0.0137382 2.24536e-09
0.0221222 2.23327e-09
0.0356225 2.22124e-09
0.0573615 2.20927e-09
0.0923671 2.19737e-09
0.148735 2.18554e-09
0.239503 2.17376e-09
0.385662 2.16205e-09
0.621017 2.15041e-09
1 2.13882e-09
1.61026 2.1273e-09
2.59294 2.11584e-09
