3.85662e-07 2.56987e-09
6.21017e-07 2.55269e-09
1e-06 2.53562e-09
1.61026e-06 2.51867e-09
2.59294e-06 2.50183e-09
4.17532e-06 2.4851e-09
6.72336e-06 2.46848e-09
1.08264e-05 2.45198e-09
1.74333e-05 2.43558e-09
2.80722e-05 2.4193e-09
4.52035e-05 2.40312e-09
7.27895e-05 2.38706e-09
0.00011721 2.3711e-09
0.000188739 2.35524e-09
0.00030392 2.33949e-09
0.00048939 2.32385e-09
0.000788046 2.30831e-09
0.00126896 2.29288e-09
0.00204336 2.27755e-09
0.00329034 2.26232e-09
0.00529832 2.24719e-09
0.00853168 2.23217e-09
0.0137382 2.21724e-09
0.0221222 2.20242e-09
0.0356225 2.18769e-09
0.0573615 2.17307e-09
0.0923671 2.15854e-09
0.148735 2.1441e-09
0.239503 2.12977e-09
0.385662 2.11553e-09
0.621017 2.10138e-09
1 2.08733e-09
1.61026 2.07338e-09
2.59294 2.05951e-09
