3.85662e-07 3.32526e-09
6.21017e-07 3.27653e-09
1e-06 3.22851e-09
1.61026e-06 3.1812e-09
2.59294e-06 3.13458e-09
4.17532e-06 3.08864e-09
6.72336e-06 3.04337e-09
1.08264e-05 2.99877e-09
1.74333e-05 2.95482e-09
2.80722e-05 2.91152e-09
4.52035e-05 2.86885e-09
7.27895e-05 2.82681e-09
0.00011721 2.78538e-09
0.000188739 2.74456e-09
0.00030392 2.70434e-09
0.00048939 2.66471e-09
0.000788046 2.62565e-09
0.00126896 2.58717e-09
0.00204336 2.54926e-09
0.00329034 2.5119e-09
0.00529832 2.47509e-09
0.00853168 2.43881e-09
0.0137382 2.40307e-09
0.0221222 2.36785e-09
0.0356225 2.33315e-09
0.0573615 2.29896e-09
0.0923671 2.26527e-09
0.148735 2.23207e-09
0.239503 2.19936e-09
0.385662 2.16713e-09
0.621017 2.13537e-09
1 2.10407e-09
1.61026 2.07324e-09
2.59294 2.04285e-09
