9.54919e-07 3.08974e-09
9.772e-07 3.08736e-09
1e-06 3.08497e-09
1.02333e-06 3.08259e-09
1.04721e-06 3.08021e-09
1.07164e-06 3.07783e-09
1.09665e-06 3.07545e-09
1.12223e-06 3.07308e-09
1.14842e-06 3.0707e-09
1.17521e-06 3.06833e-09
1.20263e-06 3.06596e-09
1.23069e-06 3.0636e-09
1.25941e-06 3.06123e-09
1.28879e-06 3.05886e-09
1.31886e-06 3.0565e-09
1.34964e-06 3.05414e-09
1.38113e-06 3.05178e-09
1.41335e-06 3.04943e-09
1.44633e-06 3.04707e-09
1.48008e-06 3.04472e-09
1.51461e-06 3.04237e-09
1.54995e-06 3.04002e-09
1.58611e-06 3.03767e-09
1.62312e-06 3.03532e-09
1.66099e-06 3.03298e-09
1.69975e-06 3.03064e-09
1.7394e-06 3.02829e-09
1.77999e-06 3.02596e-09
1.82152e-06 3.02362e-09
1.86402e-06 3.02128e-09
1.90751e-06 3.01895e-09
1.95202e-06 3.01662e-09
1.99756e-06 3.01429e-09
2.04417e-06 3.01196e-09
2.09187e-06 3.00963e-09
2.14068e-06 3.00731e-09
2.19062e-06 3.00499e-09
2.24174e-06 3.00267e-09
2.29404e-06 3.00035e-09
2.34757e-06 2.99803e-09
2.40234e-06 2.99572e-09
2.45839e-06 2.9934e-09
2.51575e-06 2.99109e-09
2.57445e-06 2.98878e-09
2.63452e-06 2.98647e-09
2.69599e-06 2.98416e-09
2.75889e-06 2.98186e-09
2.82326e-06 2.97956e-09
2.88914e-06 2.97726e-09
2.95655e-06 2.97496e-09
3.02553e-06 2.97266e-09
3.09612e-06 2.97036e-09
3.16836e-06 2.96807e-09
3.24229e-06 2.96578e-09
3.31794e-06 2.96349e-09
3.39535e-06 2.9612e-09
3.47457e-06 2.95891e-09
3.55564e-06 2.95662e-09
3.6386e-06 2.95434e-09
3.7235e-06 2.95206e-09
3.81038e-06 2.94978e-09
3.89928e-06 2.9475e-09
3.99026e-06 2.94522e-09
4.08337e-06 2.94295e-09
4.17864e-06 2.94068e-09
4.27614e-06 2.93841e-09
4.37591e-06 2.93614e-09
4.47801e-06 2.93387e-09
4.58249e-06 2.9316e-09
4.68941e-06 2.92934e-09
4.79883e-06 2.92708e-09
4.9108e-06 2.92482e-09
5.02538e-06 2.92256e-09
5.14263e-06 2.9203e-09
5.26262e-06 2.91804e-09
5.38541e-06 2.91579e-09
5.51106e-06 2.91354e-09
5.63965e-06 2.91129e-09
5.77124e-06 2.90904e-09
5.90589e-06 2.90679e-09
6.04369e-06 2.90455e-09
6.1847e-06 2.90231e-09
6.32901e-06 2.90006e-09
6.47668e-06 2.89782e-09
6.62779e-06 2.89559e-09
6.78244e-06 2.89335e-09
6.94069e-06 2.89111e-09
7.10263e-06 2.88888e-09
7.26835e-06 2.88665e-09
7.43794e-06 2.88442e-09
7.61148e-06 2.88219e-09
7.78907e-06 2.87997e-09
7.97081e-06 2.87774e-09
8.15679e-06 2.87552e-09
8.34711e-06 2.8733e-09
8.54186e-06 2.87108e-09
8.74116e-06 2.86886e-09
8.94512e-06 2.86665e-09
9.15383e-06 2.86443e-09
9.36741e-06 2.86222e-09
9.58597e-06 2.86001e-09
9.80963e-06 2.8578e-09
1.00385e-05 2.85559e-09
1.02727e-05 2.85339e-09
1.05124e-05 2.85119e-09
1.07577e-05 2.84898e-09
1.10087e-05 2.84678e-09
1.12656e-05 2.84458e-09
1.15284e-05 2.84239e-09
1.17974e-05 2.84019e-09
1.20727e-05 2.838e-09
1.23543e-05 2.83581e-09
1.26426e-05 2.83362e-09
1.29376e-05 2.83143e-09
1.32394e-05 2.82924e-09
1.35484e-05 2.82706e-09
1.38645e-05 2.82487e-09
1.4188e-05 2.82269e-09
1.4519e-05 2.82051e-09
1.48578e-05 2.81833e-09
1.52044e-05 2.81616e-09
1.55592e-05 2.81398e-09
1.59222e-05 2.81181e-09
1.62937e-05 2.80964e-09
1.66739e-05 2.80747e-09
1.70629e-05 2.8053e-09
1.7461e-05 2.80313e-09
1.78684e-05 2.80097e-09
1.82854e-05 2.7988e-09
1.8712e-05 2.79664e-09
1.91486e-05 2.79448e-09
1.95954e-05 2.79232e-09
2.00526e-05 2.79017e-09
2.05205e-05 2.78801e-09
2.09992e-05 2.78586e-09
2.14892e-05 2.78371e-09
2.19906e-05 2.78156e-09
2.25037e-05 2.77941e-09
2.30288e-05 2.77726e-09
2.35661e-05 2.77512e-09
2.41159e-05 2.77297e-09
2.46786e-05 2.77083e-09
2.52544e-05 2.76869e-09
2.58437e-05 2.76655e-09
2.64466e-05 2.76442e-09
2.70637e-05 2.76228e-09
2.76952e-05 2.76015e-09
2.83414e-05 2.75802e-09
2.90026e-05 2.75589e-09
2.96793e-05 2.75376e-09
3.03718e-05 2.75163e-09
3.10805e-05 2.74951e-09
3.18056e-05 2.74738e-09
3.25477e-05 2.74526e-09
3.33072e-05 2.74314e-09
3.40843e-05 2.74102e-09
3.48796e-05 2.73891e-09
3.56934e-05 2.73679e-09
3.65262e-05 2.73468e-09
3.73784e-05 2.73256e-09
3.82506e-05 2.73045e-09
3.9143e-05 2.72835e-09
4.00563e-05 2.72624e-09
4.09909e-05 2.72413e-09
4.19473e-05 2.72203e-09
4.29261e-05 2.71993e-09
4.39276e-05 2.71783e-09
4.49526e-05 2.71573e-09
4.60014e-05 2.71363e-09
4.70747e-05 2.71153e-09
4.81731e-05 2.70944e-09
4.92971e-05 2.70735e-09
5.04473e-05 2.70526e-09
5.16244e-05 2.70317e-09
5.28289e-05 2.70108e-09
5.40615e-05 2.69899e-09
5.53229e-05 2.69691e-09
5.66137e-05 2.69483e-09
5.79346e-05 2.69274e-09
5.92864e-05 2.69066e-09
6.06697e-05 2.68859e-09
6.20852e-05 2.68651e-09
6.35338e-05 2.68443e-09
6.50162e-05 2.68236e-09
6.65332e-05 2.68029e-09
6.80856e-05 2.67822e-09
6.96742e-05 2.67615e-09
7.12998e-05 2.67408e-09
7.29634e-05 2.67202e-09
7.46658e-05 2.66996e-09
7.6408e-05 2.66789e-09
7.81907e-05 2.66583e-09
8.00151e-05 2.66377e-09
8.1882e-05 2.66172e-09
8.37925e-05 2.65966e-09
8.57476e-05 2.65761e-09
8.77483e-05 2.65555e-09
8.97957e-05 2.6535e-09
9.18908e-05 2.65145e-09
9.40348e-05 2.64941e-09
9.62289e-05 2.64736e-09
9.84741e-05 2.64532e-09
0.000100772 2.64327e-09
0.000103123 2.64123e-09
0.000105529 2.63919e-09
0.000107991 2.63715e-09
0.000110511 2.63512e-09
0.00011309 2.63308e-09
0.000115728 2.63105e-09
0.000118428 2.62902e-09
0.000121192 2.62698e-09
0.000124019 2.62496e-09
0.000126913 2.62293e-09
0.000129874 2.6209e-09
0.000132904 2.61888e-09
0.000136005 2.61686e-09
0.000139179 2.61484e-09
0.000142426 2.61282e-09
0.000145749 2.6108e-09
0.00014915 2.60878e-09
0.00015263 2.60677e-09
0.000156191 2.60475e-09
0.000159835 2.60274e-09
0.000163565 2.60073e-09
0.000167381 2.59872e-09
0.000171286 2.59672e-09
0.000175283 2.59471e-09
0.000179373 2.59271e-09
0.000183558 2.5907e-09
0.000187841 2.5887e-09
0.000192223 2.5867e-09
0.000196708 2.58471e-09
0.000201298 2.58271e-09
0.000205995 2.58071e-09
0.000210801 2.57872e-09
0.00021572 2.57673e-09
0.000220753 2.57474e-09
0.000225904 2.57275e-09
0.000231174 2.57076e-09
0.000236568 2.56878e-09
0.000242088 2.56679e-09
0.000247736 2.56481e-09
0.000253517 2.56283e-09
0.000259432 2.56085e-09
0.000265485 2.55887e-09
0.000271679 2.5569e-09
0.000278018 2.55492e-09
0.000284505 2.55295e-09
0.000291143 2.55098e-09
0.000297936 2.54901e-09
0.000304888 2.54704e-09
0.000312002 2.54507e-09
0.000319281 2.54311e-09
0.000326731 2.54114e-09
0.000334354 2.53918e-09
0.000342156 2.53722e-09
0.000350139 2.53526e-09
0.000358308 2.5333e-09
0.000366669 2.53134e-09
0.000375224 2.52939e-09
0.000383979 2.52744e-09
0.000392938 2.52548e-09
0.000402106 2.52353e-09
0.000411488 2.52158e-09
0.000421089 2.51964e-09
0.000430914 2.51769e-09
0.000440968 2.51575e-09
0.000451257 2.5138e-09
0.000461786 2.51186e-09
0.000472561 2.50992e-09
0.000483586 2.50798e-09
0.00049487 2.50605e-09
0.000506416 2.50411e-09
0.000518232 2.50218e-09
0.000530324 2.50025e-09
0.000542697 2.49831e-09
0.00055536 2.49638e-09
0.000568317 2.49446e-09
0.000581578 2.49253e-09
0.000595147 2.4906e-09
0.000609033 2.48868e-09
0.000623244 2.48676e-09
0.000637785 2.48484e-09
0.000652666 2.48292e-09
0.000667894 2.481e-09
0.000683478 2.47909e-09
0.000699425 2.47717e-09
0.000715744 2.47526e-09
0.000732444 2.47335e-09
0.000749534 2.47144e-09
0.000767022 2.46953e-09
0.000784919 2.46762e-09
0.000803233 2.46571e-09
0.000821974 2.46381e-09
0.000841153 2.46191e-09
0.000860779 2.46001e-09
0.000880863 2.45811e-09
0.000901415 2.45621e-09
0.000922447 2.45431e-09
0.00094397 2.45241e-09
0.000965995 2.45052e-09
0.000988534 2.44863e-09
0.0010116 2.44674e-09
0.0010352 2.44485e-09
0.00105936 2.44296e-09
0.00108407 2.44107e-09
0.00110937 2.43919e-09
0.00113525 2.4373e-09
0.00116174 2.43542e-09
0.00118884 2.43354e-09
0.00121658 2.43166e-09
0.00124497 2.42978e-09
0.00127402 2.42791e-09
0.00130374 2.42603e-09
0.00133416 2.42416e-09
0.00136529 2.42228e-09
0.00139715 2.42041e-09
0.00142975 2.41854e-09
0.0014631 2.41668e-09
0.00149724 2.41481e-09
0.00153218 2.41295e-09
0.00156793 2.41108e-09
0.00160451 2.40922e-09
0.00164195 2.40736e-09
0.00168026 2.4055e-09
0.00171946 2.40364e-09
0.00175958 2.40179e-09
0.00180064 2.39993e-09
0.00184265 2.39808e-09
0.00188564 2.39622e-09
0.00192964 2.39437e-09
0.00197466 2.39252e-09
0.00202073 2.39068e-09
0.00206788 2.38883e-09
0.00211613 2.38699e-09
0.00216551 2.38514e-09
0.00221603 2.3833e-09
0.00226774 2.38146e-09
0.00232065 2.37962e-09
0.00237479 2.37778e-09
0.0024302 2.37595e-09
0.00248691 2.37411e-09
0.00254493 2.37228e-09
0.00260431 2.37044e-09
0.00266508 2.36861e-09
0.00272726 2.36678e-09
0.00279089 2.36496e-09
0.00285601 2.36313e-09
0.00292265 2.36131e-09
0.00299084 2.35948e-09
0.00306062 2.35766e-09
0.00313203 2.35584e-09
0.00320511 2.35402e-09
0.00327989 2.3522e-09
0.00335642 2.35038e-09
0.00343473 2.34857e-09
0.00351487 2.34676e-09
0.00359688 2.34494e-09
0.00368081 2.34313e-09
0.00376669 2.34132e-09
0.00385458 2.33951e-09
0.00394451 2.33771e-09
0.00403655 2.3359e-09
0.00413073 2.3341e-09
0.00422711 2.33229e-09
0.00432574 2.33049e-09
0.00442667 2.32869e-09
0.00452995 2.32689e-09
0.00463565 2.3251e-09
0.00474381 2.3233e-09
0.00485449 2.32151e-09
0.00496776 2.31971e-09
0.00508367 2.31792e-09
0.00520228 2.31613e-09
0.00532366 2.31434e-09
0.00544787 2.31256e-09
0.00557499 2.31077e-09
0.00570506 2.30899e-09
0.00583818 2.3072e-09
0.00597439 2.30542e-09
0.00611379 2.30364e-09
0.00625644 2.30186e-09
0.00640242 2.30008e-09
0.0065518 2.29831e-09
0.00670467 2.29653e-09
0.0068611 2.29476e-09
0.00702119 2.29299e-09
0.00718501 2.29121e-09
0.00735265 2.28945e-09
0.00752421 2.28768e-09
0.00769976 2.28591e-09
0.00787942 2.28414e-09
0.00806326 2.28238e-09
0.0082514 2.28062e-09
0.00844392 2.27886e-09
0.00864094 2.2771e-09
0.00884255 2.27534e-09
0.00904887 2.27358e-09
0.00926 2.27182e-09
0.00947606 2.27007e-09
0.00969716 2.26832e-09
0.00992341 2.26656e-09
0.010155 2.26481e-09
0.0103919 2.26307e-09
0.0106344 2.26132e-09
0.0108825 2.25957e-09
0.0111364 2.25783e-09
0.0113962 2.25608e-09
0.0116621 2.25434e-09
0.0119342 2.2526e-09
0.0122127 2.25086e-09
0.0124976 2.24912e-09
0.0127892 2.24738e-09
0.0130876 2.24565e-09
0.013393 2.24391e-09
0.0137055 2.24218e-09
0.0140253 2.24045e-09
0.0143525 2.23872e-09
0.0146874 2.23699e-09
0.0150301 2.23526e-09
0.0153808 2.23354e-09
0.0157396 2.23181e-09
0.0161069 2.23009e-09
0.0164827 2.22836e-09
0.0168673 2.22664e-09
0.0172608 2.22492e-09
0.0176636 2.2232e-09
0.0180757 2.22149e-09
0.0184974 2.21977e-09
0.018929 2.21806e-09
0.0193707 2.21634e-09
0.0198227 2.21463e-09
0.0202852 2.21292e-09
0.0207585 2.21121e-09
0.0212428 2.20951e-09
0.0217385 2.2078e-09
0.0222457 2.20609e-09
0.0227647 2.20439e-09
0.0232959 2.20269e-09
0.0238394 2.20099e-09
0.0243956 2.19929e-09
0.0249648 2.19759e-09
0.0255473 2.19589e-09
0.0261434 2.19419e-09
0.0267534 2.1925e-09
0.0273776 2.19081e-09
0.0280164 2.18911e-09
0.0286701 2.18742e-09
0.029339 2.18573e-09
0.0300236 2.18405e-09
0.0307241 2.18236e-09
0.031441 2.18067e-09
0.0321746 2.17899e-09
0.0329253 2.17731e-09
0.0336935 2.17563e-09
0.0344796 2.17395e-09
0.0352841 2.17227e-09
0.0361074 2.17059e-09
0.0369499 2.16891e-09
0.037812 2.16724e-09
0.0386942 2.16556e-09
0.039597 2.16389e-09
0.0405209 2.16222e-09
0.0414664 2.16055e-09
0.0424339 2.15888e-09
0.043424 2.15721e-09
0.0444372 2.15555e-09
0.045474 2.15388e-09
0.046535 2.15222e-09
0.0476208 2.15056e-09
0.0487319 2.1489e-09
0.0498689 2.14724e-09
0.0510324 2.14558e-09
0.0522232 2.14392e-09
0.0534416 2.14227e-09
0.0546886 2.14061e-09
0.0559646 2.13896e-09
0.0572704 2.13731e-09
0.0586066 2.13565e-09
0.059974 2.13401e-09
0.0613734 2.13236e-09
0.0628054 2.13071e-09
0.0642707 2.12906e-09
0.0657703 2.12742e-09
0.0673049 2.12578e-09
0.0688753 2.12414e-09
0.0704823 2.1225e-09
0.0721268 2.12086e-09
0.0738097 2.11922e-09
0.0755319 2.11758e-09
0.0772942 2.11595e-09
0.0790977 2.11431e-09
0.0809432 2.11268e-09
0.0828318 2.11105e-09
0.0847644 2.10942e-09
0.0867422 2.10779e-09
0.0887661 2.10616e-09
0.0908372 2.10453e-09
0.0929567 2.10291e-09
0.0951255 2.10128e-09
0.097345 2.09966e-09
0.0996163 2.09804e-09
0.101941 2.09642e-09
0.104319 2.0948e-09
0.106753 2.09318e-09
0.109244 2.09156e-09
0.111793 2.08995e-09
0.114401 2.08834e-09
0.11707 2.08672e-09
0.119802 2.08511e-09
0.122597 2.0835e-09
0.125458 2.08189e-09
0.128385 2.08028e-09
0.13138 2.07868e-09
0.134446 2.07707e-09
0.137583 2.07547e-09
0.140793 2.07386e-09
0.144078 2.07226e-09
0.14744 2.07066e-09
0.15088 2.06906e-09
0.1544 2.06746e-09
0.158003 2.06587e-09
0.161689 2.06427e-09
0.165462 2.06268e-09
0.169322 2.06109e-09
0.173273 2.05949e-09
0.177316 2.0579e-09
0.181453 2.05631e-09
0.185687 2.05473e-09
0.190019 2.05314e-09
0.194453 2.05155e-09
0.19899 2.04997e-09
0.203633 2.04838e-09
0.208384 2.0468e-09
0.213246 2.04522e-09
0.218222 2.04364e-09
0.223313 2.04206e-09
0.228524 2.04049e-09
0.233856 2.03891e-09
0.239312 2.03734e-09
0.244896 2.03576e-09
0.25061 2.03419e-09
0.256457 2.03262e-09
0.262441 2.03105e-09
0.268564 2.02948e-09
0.274831 2.02791e-09
0.281243 2.02635e-09
0.287805 2.02478e-09
0.29452 2.02322e-09
0.301392 2.02166e-09
0.308424 2.02009e-09
0.315621 2.01853e-09
0.322985 2.01698e-09
0.330521 2.01542e-09
0.338233 2.01386e-09
0.346124 2.01231e-09
0.3542 2.01075e-09
0.362464 2.0092e-09
0.370922 2.00765e-09
0.379576 2.0061e-09
0.388432 2.00455e-09
0.397496 2.003e-09
0.40677 2.00145e-09
0.416261 1.99991e-09
0.425973 1.99836e-09
0.435912 1.99682e-09
0.446083 1.99528e-09
0.456491 1.99373e-09
0.467142 1.9922e-09
0.478042 1.99066e-09
0.489196 1.98912e-09
0.50061 1.98758e-09
0.51229 1.98605e-09
0.524243 1.98451e-09
0.536475 1.98298e-09
0.548992 1.98145e-09
0.561801 1.97992e-09
0.574909 1.97839e-09
0.588323 1.97686e-09
0.60205 1.97534e-09
0.616097 1.97381e-09
0.630472 1.97229e-09
0.645183 1.97076e-09
0.660236 1.96924e-09
0.675641 1.96772e-09
0.691406 1.9662e-09
0.707538 1.96468e-09
0.724046 1.96316e-09
0.74094 1.96165e-09
0.758228 1.96013e-09
0.775919 1.95862e-09
0.794023 1.95711e-09
0.812549 1.95559e-09
0.831508 1.95408e-09
0.850909 1.95257e-09
0.870763 1.95107e-09
0.89108 1.94956e-09
0.911871 1.94805e-09
0.933147 1.94655e-09
0.954919 1.94505e-09
0.9772 1.94354e-09
1 1.94204e-09
1.02333 1.94054e-09
1.04721 1.93904e-09
