8.237e-06 8.84294e-09
8.42913e-06 8.82504e-09
8.62573e-06 8.80719e-09
8.82692e-06 8.78936e-09
9.0328e-06 8.77158e-09
9.24348e-06 8.75383e-09
9.45908e-06 8.73611e-09
9.67971e-06 8.71843e-09
9.90548e-06 8.70079e-09
1.01365e-05 8.68318e-09
1.03729e-05 8.66561e-09
1.06149e-05 8.64808e-09
1.08625e-05 8.63058e-09
1.11158e-05 8.61311e-09
1.13751e-05 8.59568e-09
1.16404e-05 8.57829e-09
1.19119e-05 8.56093e-09
1.21898e-05 8.5436e-09
1.24741e-05 8.52631e-09
1.2765e-05 8.50906e-09
1.30628e-05 8.49184e-09
1.33674e-05 8.47466e-09
1.36792e-05 8.45751e-09
1.39983e-05 8.44039e-09
1.43248e-05 8.42331e-09
1.46589e-05 8.40627e-09
1.50008e-05 8.38925e-09
1.53507e-05 8.37228e-09
1.57087e-05 8.35534e-09
1.60751e-05 8.33843e-09
1.64501e-05 8.32155e-09
1.68338e-05 8.30471e-09
1.72264e-05 8.28791e-09
1.76282e-05 8.27114e-09
1.80393e-05 8.2544e-09
1.84601e-05 8.2377e-09
1.88907e-05 8.22103e-09
1.93313e-05 8.20439e-09
1.97822e-05 8.18779e-09
2.02436e-05 8.17122e-09
2.07157e-05 8.15468e-09
2.11989e-05 8.13818e-09
2.16934e-05 8.12171e-09
2.21994e-05 8.10528e-09
2.27171e-05 8.08887e-09
2.3247e-05 8.0725e-09
2.37892e-05 8.05617e-09
2.43441e-05 8.03987e-09
2.49119e-05 8.0236e-09
2.54929e-05 8.00736e-09
2.60875e-05 7.99116e-09
2.6696e-05 7.97498e-09
2.73187e-05 7.95885e-09
2.79559e-05 7.94274e-09
2.86079e-05 7.92667e-09
2.92752e-05 7.91063e-09
2.9958e-05 7.89462e-09
3.06568e-05 7.87864e-09
3.13718e-05 7.8627e-09
3.21035e-05 7.84679e-09
3.28523e-05 7.83091e-09
3.36186e-05 7.81506e-09
3.44027e-05 7.79925e-09
3.52051e-05 7.78346e-09
3.60263e-05 7.76771e-09
3.68665e-05 7.752e-09
3.77264e-05 7.73631e-09
3.86064e-05 7.72065e-09
3.95068e-05 7.70503e-09
4.04283e-05 7.68944e-09
4.13713e-05 7.67388e-09
4.23362e-05 7.65835e-09
4.33237e-05 7.64285e-09
4.43342e-05 7.62738e-09
4.53682e-05 7.61195e-09
4.64264e-05 7.59654e-09
4.75093e-05 7.58117e-09
4.86174e-05 7.56583e-09
4.97514e-05 7.55052e-09
5.09118e-05 7.53524e-09
5.20993e-05 7.51999e-09
5.33144e-05 7.50477e-09
5.4558e-05 7.48959e-09
5.58305e-05 7.47443e-09
5.71327e-05 7.45931e-09
5.84653e-05 7.44421e-09
5.98289e-05 7.42915e-09
6.12244e-05 7.41411e-09
6.26524e-05 7.39911e-09
6.41137e-05 7.38414e-09
6.56091e-05 7.36919e-09
6.71394e-05 7.35428e-09
6.87054e-05 7.3394e-09
7.03079e-05 7.32455e-09
7.19478e-05 7.30972e-09
7.36259e-05 7.29493e-09
7.53432e-05 7.28017e-09
7.71005e-05 7.26544e-09
7.88988e-05 7.25074e-09
8.07391e-05 7.23606e-09
8.26223e-05 7.22142e-09
8.45494e-05 7.20681e-09
8.65214e-05 7.19222e-09
8.85395e-05 7.17767e-09
9.06046e-05 7.16314e-09
9.27179e-05 7.14865e-09
9.48805e-05 7.13418e-09
9.70935e-05 7.11974e-09
9.93581e-05 7.10534e-09
0.000101676 7.09096e-09
0.000104047 7.07661e-09
0.000106474 7.06229e-09
0.000108957 7.048e-09
0.000111499 7.03373e-09
0.000114099 7.0195e-09
0.000116761 7.0053e-09
0.000119484 6.99112e-09
0.000122271 6.97697e-09
0.000125123 6.96285e-09
0.000128041 6.94876e-09
0.000131028 6.9347e-09
0.000134084 6.92067e-09
0.000137211 6.90666e-09
0.000140411 6.89269e-09
0.000143686 6.87874e-09
0.000147038 6.86482e-09
0.000150467 6.85093e-09
0.000153977 6.83706e-09
0.000157568 6.82323e-09
0.000161244 6.80942e-09
0.000165004 6.79564e-09
0.000168853 6.78189e-09
0.000172791 6.76816e-09
0.000176822 6.75447e-09
0.000180946 6.7408e-09
0.000185166 6.72716e-09
0.000189485 6.71354e-09
0.000193905 6.69996e-09
0.000198427 6.6864e-09
0.000203056 6.67287e-09
0.000207792 6.65937e-09
0.000212638 6.64589e-09
0.000217598 6.63244e-09
0.000222673 6.61902e-09
0.000227867 6.60563e-09
0.000233182 6.59226e-09
0.000238621 6.57892e-09
0.000244186 6.5656e-09
0.000249882 6.55232e-09
0.00025571 6.53906e-09
0.000261674 6.52583e-09
0.000267778 6.51262e-09
0.000274023 6.49944e-09
0.000280415 6.48629e-09
0.000286955 6.47316e-09
0.000293648 6.46006e-09
0.000300497 6.44699e-09
0.000307506 6.43394e-09
0.000314679 6.42092e-09
0.000322018 6.40793e-09
0.000329529 6.39496e-09
0.000337215 6.38202e-09
0.000345081 6.36911e-09
0.000353129 6.35622e-09
0.000361366 6.34336e-09
0.000369794 6.33052e-09
0.00037842 6.31771e-09
0.000387246 6.30493e-09
0.000396278 6.29217e-09
0.000405521 6.27943e-09
0.00041498 6.26673e-09
0.000424659 6.25404e-09
0.000434563 6.24139e-09
0.000444699 6.22876e-09
0.000455072 6.21615e-09
0.000465686 6.20357e-09
0.000476548 6.19102e-09
0.000487663 6.17849e-09
0.000499037 6.16599e-09
0.000510677 6.15351e-09
0.000522588 6.14106e-09
0.000534777 6.12863e-09
0.00054725 6.11623e-09
0.000560014 6.10385e-09
0.000573076 6.0915e-09
0.000586443 6.07917e-09
0.000600121 6.06687e-09
0.000614119 6.0546e-09
0.000628443 6.04234e-09
0.000643101 6.03012e-09
0.0006581 6.01791e-09
0.00067345 6.00573e-09
0.000689158 5.99358e-09
0.000705232 5.98145e-09
0.000721681 5.96935e-09
0.000738514 5.95727e-09
0.000755739 5.94521e-09
0.000773366 5.93318e-09
0.000791404 5.92118e-09
0.000809863 5.90919e-09
0.000828753 5.89724e-09
0.000848083 5.8853e-09
0.000867864 5.87339e-09
0.000888106 5.86151e-09
0.00090882 5.84965e-09
0.000930018 5.83781e-09
0.00095171 5.82599e-09
0.000973908 5.8142e-09
0.000996624 5.80244e-09
0.00101987 5.7907e-09
0.00104366 5.77898e-09
0.001068 5.76728e-09
0.00109291 5.75561e-09
0.0011184 5.74397e-09
0.00114449 5.73234e-09
0.00117118 5.72074e-09
0.0011985 5.70917e-09
0.00122645 5.69761e-09
0.00125506 5.68608e-09
0.00128433 5.67458e-09
0.00131429 5.66309e-09
0.00134494 5.65163e-09
0.00137631 5.6402e-09
0.00140841 5.62878e-09
0.00144126 5.61739e-09
0.00147488 5.60602e-09
0.00150928 5.59468e-09
0.00154448 5.58336e-09
0.00158051 5.57206e-09
0.00161737 5.56078e-09
0.0016551 5.54953e-09
0.0016937 5.5383e-09
0.0017332 5.52709e-09
0.00177363 5.51591e-09
0.001815 5.50475e-09
0.00185733 5.49361e-09
0.00190065 5.48249e-09
0.00194499 5.4714e-09
0.00199035 5.46032e-09
0.00203677 5.44927e-09
0.00208428 5.43825e-09
0.00213289 5.42724e-09
0.00218264 5.41626e-09
0.00223355 5.4053e-09
0.00228565 5.39436e-09
0.00233896 5.38344e-09
0.00239351 5.37255e-09
0.00244934 5.36168e-09
0.00250647 5.35083e-09
0.00256493 5.34e-09
0.00262476 5.32919e-09
0.00268598 5.31841e-09
0.00274862 5.30765e-09
0.00281273 5.29691e-09
0.00287834 5.28619e-09
0.00294547 5.27549e-09
0.00301418 5.26481e-09
0.00308448 5.25416e-09
0.00315642 5.24353e-09
0.00323004 5.23292e-09
0.00330538 5.22233e-09
0.00338248 5.21176e-09
0.00346137 5.20121e-09
0.00354211 5.19069e-09
0.00362472 5.18018e-09
0.00370927 5.1697e-09
0.00379578 5.15924e-09
0.00388432 5.1488e-09
0.00397492 5.13838e-09
0.00406763 5.12798e-09
0.0041625 5.1176e-09
0.00425959 5.10725e-09
0.00435894 5.09691e-09
0.00446061 5.0866e-09
0.00456465 5.0763e-09
0.00467112 5.06603e-09
0.00478007 5.05578e-09
0.00489156 5.04555e-09
0.00500565 5.03534e-09
0.00512241 5.02515e-09
0.00524188 5.01498e-09
0.00536415 5.00483e-09
0.00548926 4.9947e-09
0.00561729 4.9846e-09
0.00574831 4.97451e-09
0.00588239 4.96444e-09
0.00601959 4.9544e-09
0.00615999 4.94437e-09
0.00630367 4.93437e-09
0.0064507 4.92438e-09
0.00660116 4.91441e-09
0.00675512 4.90447e-09
0.00691268 4.89455e-09
0.00707392 4.88464e-09
0.00723891 4.87476e-09
0.00740775 4.86489e-09
0.00758053 4.85505e-09
0.00775734 4.84522e-09
0.00793828 4.83542e-09
0.00812343 4.82563e-09
0.00831291 4.81587e-09
0.0085068 4.80612e-09
0.00870521 4.79639e-09
0.00890826 4.78669e-09
0.00911603 4.777e-09
0.00932866 4.76734e-09
0.00954624 4.75769e-09
0.0097689 4.74806e-09
0.00999676 4.73845e-09
0.0102299 4.72886e-09
0.0104685 4.71929e-09
0.0107127 4.70974e-09
0.0109626 4.70021e-09
0.0112183 4.6907e-09
0.0114799 4.68121e-09
0.0117477 4.67174e-09
0.0120217 4.66228e-09
0.0123021 4.65285e-09
0.012589 4.64343e-09
0.0128826 4.63404e-09
0.0131831 4.62466e-09
0.0134906 4.6153e-09
0.0138053 4.60596e-09
0.0141273 4.59664e-09
0.0144568 4.58734e-09
0.014794 4.57805e-09
0.015139 4.56879e-09
0.0154921 4.55954e-09
0.0158535 4.55032e-09
0.0162233 4.54111e-09
0.0166016 4.53192e-09
0.0169889 4.52275e-09
0.0173851 4.5136e-09
0.0177906 4.50446e-09
0.0182056 4.49535e-09
0.0186302 4.48625e-09
0.0190647 4.47717e-09
0.0195094 4.46811e-09
0.0199645 4.45907e-09
0.0204301 4.45005e-09
0.0209066 4.44104e-09
0.0213943 4.43205e-09
0.0218933 4.42309e-09
0.0224039 4.41413e-09
0.0229265 4.4052e-09
0.0234612 4.39629e-09
0.0240084 4.38739e-09
0.0245684 4.37851e-09
0.0251414 4.36965e-09
0.0257278 4.36081e-09
0.0263279 4.35198e-09
0.026942 4.34318e-09
0.0275704 4.33439e-09
0.0282135 4.32562e-09
0.0288715 4.31686e-09
0.0295449 4.30813e-09
0.0302341 4.29941e-09
0.0309392 4.29071e-09
0.0316609 4.28203e-09
0.0323993 4.27336e-09
0.033155 4.26471e-09
0.0339284 4.25608e-09
0.0347197 4.24747e-09
0.0355295 4.23888e-09
0.0363582 4.2303e-09
0.0372063 4.22174e-09
0.0380741 4.21319e-09
0.0389621 4.20467e-09
0.0398709 4.19616e-09
0.0408008 4.18767e-09
0.0417525 4.17919e-09
0.0427263 4.17074e-09
0.0437229 4.1623e-09
0.0447427 4.15387e-09
0.0457863 4.14547e-09
0.0468542 4.13708e-09
0.0479471 4.12871e-09
0.0490654 4.12035e-09
0.0502098 4.11201e-09
0.0513809 4.10369e-09
0.0525793 4.09539e-09
0.0538057 4.0871e-09
0.0550607 4.07883e-09
0.0563449 4.07058e-09
0.0576591 4.06234e-09
0.059004 4.05412e-09
0.0603802 4.04591e-09
0.0617886 4.03773e-09
0.0632297 4.02956e-09
0.0647045 4.0214e-09
0.0662137 4.01326e-09
0.0677581 4.00514e-09
0.0693385 3.99704e-09
0.0709558 3.98895e-09
0.0726108 3.98088e-09
0.0743044 3.97282e-09
0.0760375 3.96478e-09
0.077811 3.95676e-09
0.0796259 3.94875e-09
0.0814831 3.94076e-09
0.0833836 3.93279e-09
0.0853285 3.92483e-09
0.0873187 3.91689e-09
0.0893553 3.90896e-09
0.0914395 3.90105e-09
0.0935722 3.89315e-09
0.0957548 3.88528e-09
0.0979882 3.87741e-09
0.100274 3.86957e-09
0.102612 3.86174e-09
0.105006 3.85392e-09
0.107455 3.84612e-09
0.109961 3.83834e-09
0.112526 3.83057e-09
0.115151 3.82282e-09
0.117837 3.81508e-09
0.120585 3.80736e-09
0.123398 3.79966e-09
0.126276 3.79197e-09
0.129221 3.7843e-09
0.132235 3.77664e-09
0.135319 3.769e-09
0.138475 3.76137e-09
0.141705 3.75376e-09
0.14501 3.74616e-09
0.148393 3.73858e-09
0.151854 3.73102e-09
0.155396 3.72347e-09
0.15902 3.71593e-09
0.162729 3.70841e-09
0.166525 3.70091e-09
0.170409 3.69342e-09
0.174384 3.68594e-09
0.178451 3.67848e-09
0.182613 3.67104e-09
0.186873 3.66361e-09
0.191231 3.6562e-09
0.195692 3.6488e-09
0.200256 3.64141e-09
0.204927 3.63405e-09
0.209706 3.62669e-09
0.214598 3.61935e-09
0.219603 3.61203e-09
0.224725 3.60472e-09
0.229967 3.59742e-09
0.23533 3.59014e-09
0.240819 3.58288e-09
0.246436 3.57563e-09
0.252184 3.56839e-09
0.258066 3.56117e-09
0.264086 3.55397e-09
0.270245 3.54677e-09
0.276548 3.5396e-09
0.282999 3.53243e-09
0.289599 3.52529e-09
0.296354 3.51815e-09
0.303266 3.51103e-09
0.31034 3.50393e-09
0.317578 3.49684e-09
0.324986 3.48976e-09
0.332566 3.4827e-09
0.340322 3.47565e-09
0.34826 3.46862e-09
0.356383 3.4616e-09
0.364696 3.45459e-09
0.373202 3.4476e-09
0.381906 3.44063e-09
0.390814 3.43366e-09
0.39993 3.42671e-09
0.409258 3.41978e-09
0.418803 3.41286e-09
0.428572 3.40595e-09
0.438568 3.39906e-09
0.448797 3.39218e-09
0.459265 3.38532e-09
0.469977 3.37847e-09
0.480939 3.37163e-09
0.492156 3.36481e-09
0.503636 3.358e-09
0.515382 3.3512e-09
0.527403 3.34442e-09
0.539705 3.33765e-09
0.552293 3.3309e-09
0.565175 3.32416e-09
0.578357 3.31743e-09
0.591847 3.31072e-09
0.605651 3.30402e-09
0.619778 3.29733e-09
0.634233 3.29066e-09
0.649027 3.284e-09
0.664165 3.27736e-09
0.679656 3.27072e-09
0.695508 3.26411e-09
0.71173 3.2575e-09
0.728331 3.25091e-09
0.745319 3.24433e-09
0.762703 3.23776e-09
