6.78676e-06 2.77266e-09
6.94505e-06 2.77129e-09
7.10703e-06 2.76992e-09
7.27279e-06 2.76856e-09
7.44242e-06 2.76719e-09
7.616e-06 2.76583e-09
7.79363e-06 2.76446e-09
7.9754e-06 2.7631e-09
8.16142e-06 2.76174e-09
8.35177e-06 2.76038e-09
8.54656e-06 2.75901e-09
8.74589e-06 2.75765e-09
8.94988e-06 2.75629e-09
9.15862e-06 2.75493e-09
9.37223e-06 2.75358e-09
9.59082e-06 2.75222e-09
9.81451e-06 2.75086e-09
1.00434e-05 2.7495e-09
1.02777e-05 2.74815e-09
1.05174e-05 2.74679e-09
1.07627e-05 2.74544e-09
1.10137e-05 2.74408e-09
1.12706e-05 2.74273e-09
1.15334e-05 2.74138e-09
1.18024e-05 2.74003e-09
1.20777e-05 2.73868e-09
1.23594e-05 2.73733e-09
1.26477e-05 2.73598e-09
1.29427e-05 2.73463e-09
1.32445e-05 2.73328e-09
1.35534e-05 2.73193e-09
1.38695e-05 2.73058e-09
1.4193e-05 2.72924e-09
1.4524e-05 2.72789e-09
1.48628e-05 2.72654e-09
1.52094e-05 2.7252e-09
1.55642e-05 2.72386e-09
1.59272e-05 2.72251e-09
1.62987e-05 2.72117e-09
1.66788e-05 2.71983e-09
1.70678e-05 2.71849e-09
1.74659e-05 2.71715e-09
1.78733e-05 2.71581e-09
1.82901e-05 2.71447e-09
1.87167e-05 2.71313e-09
1.91532e-05 2.71179e-09
1.96e-05 2.71045e-09
2.00571e-05 2.70912e-09
2.05249e-05 2.70778e-09
2.10036e-05 2.70645e-09
2.14935e-05 2.70511e-09
2.19948e-05 2.70378e-09
2.25078e-05 2.70244e-09
2.30327e-05 2.70111e-09
2.35699e-05 2.69978e-09
2.41197e-05 2.69845e-09
2.46822e-05 2.69712e-09
2.52579e-05 2.69579e-09
2.5847e-05 2.69446e-09
2.64498e-05 2.69313e-09
2.70667e-05 2.6918e-09
2.7698e-05 2.69047e-09
2.8344e-05 2.68915e-09
2.90051e-05 2.68782e-09
2.96816e-05 2.6865e-09
3.03739e-05 2.68517e-09
3.10823e-05 2.68385e-09
3.18072e-05 2.68252e-09
3.25491e-05 2.6812e-09
3.33082e-05 2.67988e-09
3.40851e-05 2.67856e-09
3.48801e-05 2.67724e-09
3.56936e-05 2.67591e-09
3.65261e-05 2.6746e-09
3.7378e-05 2.67328e-09
3.82498e-05 2.67196e-09
3.91419e-05 2.67064e-09
4.00548e-05 2.66932e-09
4.0989e-05 2.66801e-09
4.1945e-05 2.66669e-09
4.29233e-05 2.66538e-09
4.39244e-05 2.66406e-09
4.49489e-05 2.66275e-09
4.59972e-05 2.66144e-09
4.70701e-05 2.66012e-09
4.81679e-05 2.65881e-09
4.92913e-05 2.6575e-09
5.0441e-05 2.65619e-09
5.16174e-05 2.65488e-09
5.28213e-05 2.65357e-09
5.40533e-05 2.65226e-09
5.5314e-05 2.65095e-09
5.66041e-05 2.64965e-09
5.79243e-05 2.64834e-09
5.92753e-05 2.64703e-09
6.06578e-05 2.64573e-09
6.20725e-05 2.64442e-09
6.35203e-05 2.64312e-09
6.50018e-05 2.64182e-09
6.65178e-05 2.64051e-09
6.80692e-05 2.63921e-09
6.96568e-05 2.63791e-09
7.12815e-05 2.63661e-09
7.2944e-05 2.63531e-09
7.46453e-05 2.63401e-09
7.63863e-05 2.63271e-09
7.81678e-05 2.63141e-09
7.9991e-05 2.63011e-09
8.18566e-05 2.62882e-09
8.37658e-05 2.62752e-09
8.57195e-05 2.62623e-09
8.77188e-05 2.62493e-09
8.97647e-05 2.62364e-09
9.18583e-05 2.62234e-09
9.40007e-05 2.62105e-09
9.61931e-05 2.61976e-09
9.84367e-05 2.61846e-09
0.000100733 2.61717e-09
0.000103082 2.61588e-09
0.000105486 2.61459e-09
0.000107946 2.6133e-09
0.000110464 2.61201e-09
0.000113041 2.61073e-09
0.000115677 2.60944e-09
0.000118375 2.60815e-09
0.000121136 2.60687e-09
0.000123961 2.60558e-09
0.000126852 2.6043e-09
0.000129811 2.60301e-09
0.000132839 2.60173e-09
0.000135937 2.60044e-09
0.000139107 2.59916e-09
0.000142352 2.59788e-09
0.000145672 2.5966e-09
0.00014907 2.59532e-09
0.000152546 2.59404e-09
0.000156104 2.59276e-09
0.000159745 2.59148e-09
0.000163471 2.5902e-09
0.000167284 2.58893e-09
0.000171185 2.58765e-09
0.000175178 2.58637e-09
0.000179264 2.5851e-09
0.000183445 2.58382e-09
0.000187723 2.58255e-09
0.000192101 2.58128e-09
0.000196582 2.58e-09
0.000201167 2.57873e-09
0.000205859 2.57746e-09
0.00021066 2.57619e-09
0.000215573 2.57492e-09
0.000220601 2.57365e-09
0.000225746 2.57238e-09
0.000231012 2.57111e-09
0.0002364 2.56984e-09
0.000241913 2.56857e-09
0.000247555 2.56731e-09
0.000253329 2.56604e-09
0.000259238 2.56478e-09
0.000265284 2.56351e-09
0.000271471 2.56225e-09
0.000277803 2.56098e-09
0.000284282 2.55972e-09
0.000290913 2.55846e-09
0.000297698 2.5572e-09
0.000304641 2.55594e-09
0.000311746 2.55468e-09
0.000319017 2.55342e-09
0.000326458 2.55216e-09
0.000334072 2.5509e-09
0.000341863 2.54964e-09
0.000349837 2.54838e-09
0.000357996 2.54713e-09
0.000366346 2.54587e-09
0.00037489 2.54461e-09
0.000383634 2.54336e-09
0.000392582 2.54211e-09
0.000401738 2.54085e-09
0.000411108 2.5396e-09
0.000420696 2.53835e-09
0.000430508 2.53709e-09
0.000440549 2.53584e-09
0.000450824 2.53459e-09
0.000461339 2.53334e-09
0.000472099 2.53209e-09
0.00048311 2.53084e-09
0.000494378 2.5296e-09
0.000505908 2.52835e-09
0.000517708 2.5271e-09
0.000529782 2.52586e-09
0.000542139 2.52461e-09
0.000554783 2.52337e-09
0.000567723 2.52212e-09
0.000580964 2.52088e-09
0.000594514 2.51963e-09
0.00060838 2.51839e-09
0.000622569 2.51715e-09
0.00063709 2.51591e-09
0.000651949 2.51467e-09
0.000667154 2.51343e-09
0.000682715 2.51219e-09
0.000698638 2.51095e-09
0.000714932 2.50971e-09
0.000731607 2.50847e-09
0.000748671 2.50724e-09
0.000766132 2.506e-09
0.000784001 2.50476e-09
0.000802286 2.50353e-09
0.000820998 2.50229e-09
0.000840147 2.50106e-09
0.000859742 2.49983e-09
0.000879794 2.49859e-09
0.000900314 2.49736e-09
0.000921312 2.49613e-09
0.0009428 2.4949e-09
0.000964789 2.49367e-09
0.000987291 2.49244e-09
0.00101032 2.49121e-09
0.00103388 2.48998e-09
0.001058 2.48875e-09
0.00108267 2.48753e-09
0.00110792 2.4863e-09
0.00113376 2.48507e-09
0.00116021 2.48385e-09
0.00118727 2.48262e-09
0.00121496 2.4814e-09
0.00124329 2.48018e-09
0.00127229 2.47895e-09
0.00130197 2.47773e-09
0.00133233 2.47651e-09
0.00136341 2.47529e-09
0.00139521 2.47407e-09
0.00142775 2.47285e-09
0.00146105 2.47163e-09
0.00149512 2.47041e-09
0.00153 2.46919e-09
0.00156568 2.46797e-09
0.0016022 2.46676e-09
0.00163957 2.46554e-09
0.00167781 2.46432e-09
0.00171694 2.46311e-09
0.00175698 2.46189e-09
0.00179796 2.46068e-09
0.0018399 2.45947e-09
0.00188281 2.45825e-09
0.00192672 2.45704e-09
0.00197166 2.45583e-09
0.00201764 2.45462e-09
0.0020647 2.45341e-09
0.00211286 2.4522e-09
0.00216214 2.45099e-09
0.00221257 2.44978e-09
0.00226417 2.44857e-09
0.00231698 2.44736e-09
0.00237102 2.44616e-09
0.00242632 2.44495e-09
0.00248291 2.44375e-09
0.00254082 2.44254e-09
0.00260008 2.44134e-09
0.00266072 2.44013e-09
0.00272278 2.43893e-09
0.00278628 2.43773e-09
0.00285127 2.43652e-09
0.00291777 2.43532e-09
0.00298582 2.43412e-09
0.00305546 2.43292e-09
0.00312672 2.43172e-09
0.00319965 2.43052e-09
0.00327428 2.42932e-09
0.00335064 2.42813e-09
0.00342879 2.42693e-09
0.00350876 2.42573e-09
0.0035906 2.42453e-09
0.00367434 2.42334e-09
0.00376004 2.42214e-09
0.00384774 2.42095e-09
0.00393748 2.41976e-09
0.00402931 2.41856e-09
0.00412329 2.41737e-09
0.00421946 2.41618e-09
0.00431787 2.41499e-09
0.00441858 2.4138e-09
0.00452164 2.41261e-09
0.0046271 2.41142e-09
0.00473502 2.41023e-09
0.00484545 2.40904e-09
0.00495846 2.40785e-09
0.00507411 2.40666e-09
0.00519246 2.40548e-09
0.00531356 2.40429e-09
0.00543749 2.4031e-09
0.00556431 2.40192e-09
0.00569409 2.40073e-09
0.0058269 2.39955e-09
0.0059628 2.39837e-09
0.00610187 2.39718e-09
0.00624419 2.396e-09
0.00638982 2.39482e-09
0.00653886 2.39364e-09
0.00669136 2.39246e-09
0.00684743 2.39128e-09
0.00700713 2.3901e-09
0.00717056 2.38892e-09
0.00733781 2.38774e-09
0.00750895 2.38657e-09
0.00768408 2.38539e-09
0.0078633 2.38421e-09
0.0080467 2.38304e-09
0.00823437 2.38186e-09
0.00842643 2.38069e-09
0.00862296 2.37951e-09
0.00882408 2.37834e-09
0.00902988 2.37717e-09
0.00924049 2.37599e-09
0.00945601 2.37482e-09
0.00967656 2.37365e-09
0.00990225 2.37248e-09
0.0101332 2.37131e-09
0.0103695 2.37014e-09
0.0106114 2.36897e-09
0.0108589 2.3678e-09
0.0111121 2.36664e-09
0.0113713 2.36547e-09
0.0116365 2.3643e-09
0.0119079 2.36314e-09
0.0121857 2.36197e-09
0.0124699 2.36081e-09
0.0127607 2.35964e-09
0.0130583 2.35848e-09
0.0133629 2.35732e-09
0.0136746 2.35615e-09
0.0139935 2.35499e-09
0.0143199 2.35383e-09
0.0146539 2.35267e-09
0.0149957 2.35151e-09
0.0153454 2.35035e-09
0.0157033 2.34919e-09
0.0160696 2.34803e-09
0.0164444 2.34688e-09
0.0168279 2.34572e-09
0.0172204 2.34456e-09
0.017622 2.3434e-09
0.018033 2.34225e-09
0.0184536 2.34109e-09
0.018884 2.33994e-09
0.0193245 2.33879e-09
0.0197752 2.33763e-09
0.0202364 2.33648e-09
0.0207084 2.33533e-09
0.0211914 2.33418e-09
0.0216856 2.33302e-09
0.0221914 2.33187e-09
0.022709 2.33072e-09
0.0232386 2.32957e-09
0.0237806 2.32843e-09
0.0243353 2.32728e-09
0.0249028 2.32613e-09
0.0254837 2.32498e-09
0.026078 2.32384e-09
0.0266863 2.32269e-09
0.0273087 2.32155e-09
0.0279456 2.3204e-09
0.0285974 2.31926e-09
0.0292644 2.31811e-09
0.0299469 2.31697e-09
0.0306454 2.31583e-09
0.0313601 2.31468e-09
0.0320916 2.31354e-09
0.03284 2.3124e-09
0.033606 2.31126e-09
0.0343898 2.31012e-09
0.0351919 2.30898e-09
0.0360127 2.30784e-09
0.0368526 2.30671e-09
0.0377121 2.30557e-09
0.0385917 2.30443e-09
0.0394918 2.3033e-09
0.0404129 2.30216e-09
0.0413554 2.30102e-09
0.04232 2.29989e-09
0.043307 2.29876e-09
0.0443171 2.29762e-09
0.0453507 2.29649e-09
0.0464084 2.29536e-09
0.0474908 2.29422e-09
0.0485985 2.29309e-09
0.049732 2.29196e-09
0.0508919 2.29083e-09
0.0520788 2.2897e-09
0.0532935 2.28857e-09
0.0545365 2.28744e-09
0.0558084 2.28632e-09
0.0571101 2.28519e-09
0.0584421 2.28406e-09
0.0598051 2.28294e-09
0.0612 2.28181e-09
0.0626274 2.28068e-09
0.0640881 2.27956e-09
0.0655828 2.27844e-09
0.0671124 2.27731e-09
0.0686777 2.27619e-09
0.0702795 2.27507e-09
0.0719187 2.27394e-09
0.0735961 2.27282e-09
0.0753126 2.2717e-09
0.0770691 2.27058e-09
0.0788666 2.26946e-09
0.080706 2.26834e-09
0.0825884 2.26722e-09
0.0845146 2.26611e-09
0.0864858 2.26499e-09
0.0885029 2.26387e-09
0.0905671 2.26276e-09
0.0926794 2.26164e-09
0.094841 2.26052e-09
0.097053 2.25941e-09
0.0993166 2.2583e-09
0.101633 2.25718e-09
0.104003 2.25607e-09
0.106429 2.25496e-09
0.108911 2.25384e-09
0.111452 2.25273e-09
0.114051 2.25162e-09
0.116711 2.25051e-09
0.119433 2.2494e-09
0.122219 2.24829e-09
0.125069 2.24718e-09
0.127986 2.24608e-09
0.130971 2.24497e-09
0.134026 2.24386e-09
0.137152 2.24275e-09
0.140351 2.24165e-09
0.143624 2.24054e-09
0.146974 2.23944e-09
0.150402 2.23833e-09
0.15391 2.23723e-09
0.1575 2.23613e-09
0.161173 2.23502e-09
0.164932 2.23392e-09
0.168779 2.23282e-09
0.172715 2.23172e-09
0.176744 2.23062e-09
0.180866 2.22952e-09
0.185084 2.22842e-09
0.189401 2.22732e-09
0.193819 2.22622e-09
0.198339 2.22512e-09
0.202965 2.22403e-09
0.207699 2.22293e-09
0.212543 2.22183e-09
0.2175 2.22074e-09
0.222573 2.21964e-09
0.227764 2.21855e-09
0.233077 2.21745e-09
0.238513 2.21636e-09
0.244076 2.21527e-09
0.249768 2.21418e-09
0.255594 2.21308e-09
0.261555 2.21199e-09
0.267655 2.2109e-09
0.273898 2.20981e-09
0.280286 2.20872e-09
0.286823 2.20763e-09
0.293513 2.20654e-09
0.300359 2.20546e-09
0.307364 2.20437e-09
0.314533 2.20328e-09
0.321869 2.20219e-09
0.329376 2.20111e-09
0.337058 2.20002e-09
0.344919 2.19894e-09
0.352964 2.19785e-09
0.361196 2.19677e-09
0.369621 2.19569e-09
0.378242 2.1946e-09
0.387063 2.19352e-09
0.396091 2.19244e-09
0.405329 2.19136e-09
0.414783 2.19028e-09
0.424457 2.1892e-09
0.434357 2.18812e-09
0.444487 2.18704e-09
0.454854 2.18596e-09
0.465463 2.18488e-09
0.476319 2.18381e-09
0.487429 2.18273e-09
0.498797 2.18165e-09
0.510431 2.18058e-09
0.522336 2.1795e-09
0.534518 2.17843e-09
0.546985 2.17735e-09
0.559742 2.17628e-09
0.572798 2.1752e-09
0.586157 2.17413e-09
0.599828 2.17306e-09
0.613818 2.17199e-09
0.628135 2.17092e-09
