3.85662e-07 3.44674e-09
6.21017e-07 3.38592e-09
1e-06 3.32617e-09
1.61026e-06 3.26747e-09
2.59294e-06 3.20981e-09
4.17532e-06 3.15317e-09
6.72336e-06 3.09753e-09
1.08264e-05 3.04287e-09
1.74333e-05 2.98918e-09
2.80722e-05 2.93643e-09
4.52035e-05 2.88461e-09
7.27895e-05 2.83371e-09
0.00011721 2.7837e-09
0.000188739 2.73458e-09
0.00030392 2.68633e-09
0.00048939 2.63892e-09
0.000788046 2.59236e-09
0.00126896 2.54661e-09
0.00204336 2.50167e-09
0.00329034 2.45753e-09
0.00529832 2.41416e-09
0.00853168 2.37156e-09
0.0137382 2.32971e-09
0.0221222 2.2886e-09
0.0356225 2.24822e-09
0.0573615 2.20854e-09
0.0923671 2.16957e-09
0.148735 2.13129e-09
0.239503 2.09368e-09
0.385662 2.05673e-09
0.621017 2.02044e-09
1 1.98478e-09
1.61026 1.94976e-09
2.59294 1.91535e-09
