6.77593e-06 2.87478e-09
6.93397e-06 2.87316e-09
7.0957e-06 2.87155e-09
7.26121e-06 2.86993e-09
7.43057e-06 2.86832e-09
7.60388e-06 2.86671e-09
7.78124e-06 2.8651e-09
7.96273e-06 2.86349e-09
8.14846e-06 2.86188e-09
8.33851e-06 2.86027e-09
8.533e-06 2.85866e-09
8.73203e-06 2.85705e-09
8.9357e-06 2.85544e-09
9.14412e-06 2.85384e-09
9.3574e-06 2.85223e-09
9.57565e-06 2.85063e-09
9.799e-06 2.84903e-09
1.00276e-05 2.84743e-09
1.02614e-05 2.84583e-09
1.05008e-05 2.84423e-09
1.07457e-05 2.84263e-09
1.09963e-05 2.84103e-09
1.12528e-05 2.83943e-09
1.15153e-05 2.83783e-09
1.17839e-05 2.83624e-09
1.20587e-05 2.83464e-09
1.234e-05 2.83305e-09
1.26278e-05 2.83146e-09
1.29223e-05 2.82987e-09
1.32238e-05 2.82827e-09
1.35322e-05 2.82668e-09
1.38478e-05 2.82509e-09
1.41708e-05 2.82351e-09
1.45013e-05 2.82192e-09
1.48396e-05 2.82033e-09
1.51857e-05 2.81875e-09
1.55399e-05 2.81716e-09
1.59023e-05 2.81558e-09
1.62733e-05 2.81399e-09
1.66528e-05 2.81241e-09
1.70412e-05 2.81083e-09
1.74387e-05 2.80925e-09
1.78455e-05 2.80767e-09
1.82617e-05 2.80609e-09
1.86876e-05 2.80451e-09
1.91235e-05 2.80294e-09
1.95695e-05 2.80136e-09
2.0026e-05 2.79979e-09
2.04931e-05 2.79821e-09
2.09711e-05 2.79664e-09
2.14602e-05 2.79507e-09
2.19608e-05 2.7935e-09
2.2473e-05 2.79193e-09
2.29971e-05 2.79036e-09
2.35335e-05 2.78879e-09
2.40824e-05 2.78722e-09
2.46441e-05 2.78565e-09
2.5219e-05 2.78409e-09
2.58072e-05 2.78252e-09
2.64091e-05 2.78096e-09
2.70251e-05 2.77939e-09
2.76554e-05 2.77783e-09
2.83005e-05 2.77627e-09
2.89606e-05 2.77471e-09
2.9636e-05 2.77315e-09
3.03273e-05 2.77159e-09
3.10347e-05 2.77003e-09
3.17585e-05 2.76847e-09
3.24993e-05 2.76691e-09
3.32573e-05 2.76536e-09
3.4033e-05 2.7638e-09
3.48268e-05 2.76225e-09
3.56391e-05 2.7607e-09
3.64704e-05 2.75914e-09
3.7321e-05 2.75759e-09
3.81915e-05 2.75604e-09
3.90823e-05 2.75449e-09
3.99938e-05 2.75294e-09
4.09267e-05 2.7514e-09
4.18813e-05 2.74985e-09
4.28581e-05 2.7483e-09
4.38578e-05 2.74676e-09
4.48807e-05 2.74521e-09
4.59275e-05 2.74367e-09
4.69988e-05 2.74213e-09
4.8095e-05 2.74059e-09
4.92168e-05 2.73905e-09
5.03647e-05 2.73751e-09
5.15394e-05 2.73597e-09
5.27415e-05 2.73443e-09
5.39717e-05 2.73289e-09
5.52306e-05 2.73135e-09
5.65188e-05 2.72982e-09
5.7837e-05 2.72828e-09
5.91861e-05 2.72675e-09
6.05665e-05 2.72522e-09
6.19792e-05 2.72368e-09
6.34248e-05 2.72215e-09
6.49042e-05 2.72062e-09
6.6418e-05 2.71909e-09
6.79672e-05 2.71756e-09
6.95525e-05 2.71604e-09
7.11747e-05 2.71451e-09
7.28348e-05 2.71298e-09
7.45337e-05 2.71146e-09
7.62721e-05 2.70993e-09
7.80511e-05 2.70841e-09
7.98716e-05 2.70689e-09
8.17345e-05 2.70536e-09
8.36409e-05 2.70384e-09
8.55918e-05 2.70232e-09
8.75882e-05 2.7008e-09
8.96311e-05 2.69929e-09
9.17217e-05 2.69777e-09
9.38611e-05 2.69625e-09
9.60503e-05 2.69473e-09
9.82906e-05 2.69322e-09
0.000100583 2.69171e-09
0.000102929 2.69019e-09
0.00010533 2.68868e-09
0.000107787 2.68717e-09
0.000110301 2.68566e-09
0.000112873 2.68415e-09
0.000115506 2.68264e-09
0.0001182 2.68113e-09
0.000120957 2.67962e-09
0.000123778 2.67812e-09
0.000126666 2.67661e-09
0.00012962 2.6751e-09
0.000132643 2.6736e-09
0.000135737 2.6721e-09
0.000138903 2.6706e-09
0.000142143 2.66909e-09
0.000145458 2.66759e-09
0.000148851 2.66609e-09
0.000152323 2.66459e-09
0.000155876 2.6631e-09
0.000159511 2.6616e-09
0.000163232 2.6601e-09
0.000167039 2.65861e-09
0.000170935 2.65711e-09
0.000174922 2.65562e-09
0.000179002 2.65412e-09
0.000183177 2.65263e-09
0.00018745 2.65114e-09
0.000191822 2.64965e-09
0.000196296 2.64816e-09
0.000200874 2.64667e-09
0.00020556 2.64518e-09
0.000210354 2.6437e-09
0.00021526 2.64221e-09
0.000220281 2.64072e-09
0.000225419 2.63924e-09
0.000230677 2.63776e-09
0.000236057 2.63627e-09
0.000241563 2.63479e-09
0.000247198 2.63331e-09
0.000252963 2.63183e-09
0.000258863 2.63035e-09
0.000264901 2.62887e-09
0.00027108 2.62739e-09
0.000277403 2.62591e-09
0.000283873 2.62444e-09
0.000290494 2.62296e-09
0.00029727 2.62149e-09
0.000304203 2.62001e-09
0.000311299 2.61854e-09
0.000318559 2.61707e-09
0.00032599 2.6156e-09
0.000333593 2.61413e-09
0.000341374 2.61266e-09
0.000349336 2.61119e-09
0.000357484 2.60972e-09
0.000365822 2.60825e-09
0.000374355 2.60679e-09
0.000383087 2.60532e-09
0.000392022 2.60386e-09
0.000401165 2.60239e-09
0.000410522 2.60093e-09
0.000420098 2.59947e-09
0.000429896 2.598e-09
0.000439923 2.59654e-09
0.000450184 2.59508e-09
0.000460684 2.59362e-09
0.000471429 2.59217e-09
0.000482425 2.59071e-09
0.000493677 2.58925e-09
0.000505192 2.5878e-09
0.000516975 2.58634e-09
0.000529033 2.58489e-09
0.000541373 2.58343e-09
0.000554 2.58198e-09
0.000566922 2.58053e-09
0.000580145 2.57908e-09
0.000593676 2.57763e-09
0.000607523 2.57618e-09
0.000621693 2.57473e-09
0.000636194 2.57328e-09
0.000651033 2.57184e-09
0.000666218 2.57039e-09
0.000681757 2.56895e-09
0.000697658 2.5675e-09
0.000713931 2.56606e-09
0.000730583 2.56461e-09
0.000747623 2.56317e-09
0.000765061 2.56173e-09
0.000782905 2.56029e-09
0.000801166 2.55885e-09
0.000819853 2.55741e-09
0.000838975 2.55597e-09
0.000858544 2.55454e-09
0.000878569 2.5531e-09
0.000899061 2.55167e-09
0.000920031 2.55023e-09
0.00094149 2.5488e-09
0.00096345 2.54736e-09
0.000985922 2.54593e-09
0.00100892 2.5445e-09
0.00103245 2.54307e-09
0.00105653 2.54164e-09
0.00108117 2.54021e-09
0.00110639 2.53878e-09
0.0011322 2.53736e-09
0.00115861 2.53593e-09
0.00118563 2.5345e-09
0.00121328 2.53308e-09
0.00124158 2.53165e-09
0.00127054 2.53023e-09
0.00130018 2.52881e-09
0.0013305 2.52739e-09
0.00136153 2.52596e-09
0.00139329 2.52454e-09
0.00142579 2.52313e-09
0.00145904 2.52171e-09
0.00149308 2.52029e-09
0.0015279 2.51887e-09
0.00156354 2.51746e-09
0.00160001 2.51604e-09
0.00163733 2.51463e-09
0.00167551 2.51321e-09
0.0017146 2.5118e-09
0.00175459 2.51039e-09
0.00179551 2.50897e-09
0.00183739 2.50756e-09
0.00188025 2.50615e-09
0.0019241 2.50475e-09
0.00196898 2.50334e-09
0.00201491 2.50193e-09
0.0020619 2.50052e-09
0.00210999 2.49912e-09
0.00215921 2.49771e-09
0.00220957 2.49631e-09
0.00226111 2.4949e-09
0.00231385 2.4935e-09
0.00236782 2.4921e-09
0.00242304 2.4907e-09
0.00247956 2.4893e-09
0.00253739 2.4879e-09
0.00259658 2.4865e-09
0.00265714 2.4851e-09
0.00271912 2.4837e-09
0.00278254 2.48231e-09
0.00284744 2.48091e-09
0.00291385 2.47952e-09
0.00298182 2.47812e-09
0.00305137 2.47673e-09
0.00312254 2.47534e-09
0.00319537 2.47395e-09
0.0032699 2.47255e-09
0.00334617 2.47116e-09
0.00342421 2.46977e-09
0.00350408 2.46839e-09
0.00358581 2.467e-09
0.00366945 2.46561e-09
0.00375503 2.46422e-09
0.00384262 2.46284e-09
0.00393224 2.46145e-09
0.00402396 2.46007e-09
0.00411782 2.45869e-09
0.00421386 2.45731e-09
0.00431215 2.45592e-09
0.00441273 2.45454e-09
0.00451565 2.45316e-09
0.00462098 2.45178e-09
0.00472876 2.4504e-09
0.00483905 2.44903e-09
0.00495192 2.44765e-09
0.00506742 2.44627e-09
0.00518561 2.4449e-09
0.00530656 2.44352e-09
0.00543034 2.44215e-09
0.005557 2.44078e-09
0.00568661 2.4394e-09
0.00581925 2.43803e-09
0.00595498 2.43666e-09
0.00609387 2.43529e-09
0.00623601 2.43392e-09
0.00638146 2.43255e-09
0.0065303 2.43119e-09
0.00668262 2.42982e-09
0.00683848 2.42845e-09
0.00699799 2.42709e-09
0.00716121 2.42572e-09
0.00732824 2.42436e-09
0.00749917 2.423e-09
0.00767408 2.42163e-09
0.00785307 2.42027e-09
0.00803624 2.41891e-09
0.00822368 2.41755e-09
0.00841549 2.41619e-09
0.00861178 2.41483e-09
0.00881264 2.41348e-09
0.00901819 2.41212e-09
0.00922853 2.41076e-09
0.00944378 2.40941e-09
0.00966405 2.40805e-09
0.00988946 2.4067e-09
0.0101201 2.40535e-09
0.0103562 2.40399e-09
0.0105977 2.40264e-09
0.0108449 2.40129e-09
0.0110979 2.39994e-09
0.0113567 2.39859e-09
0.0116216 2.39724e-09
0.0118927 2.3959e-09
0.0121701 2.39455e-09
0.0124539 2.3932e-09
0.0127444 2.39186e-09
0.0130416 2.39051e-09
0.0133458 2.38917e-09
0.0136571 2.38782e-09
0.0139757 2.38648e-09
0.0143016 2.38514e-09
0.0146352 2.3838e-09
0.0149766 2.38246e-09
0.0153259 2.38112e-09
0.0156833 2.37978e-09
0.0160491 2.37844e-09
0.0164235 2.3771e-09
0.0168066 2.37577e-09
0.0171986 2.37443e-09
0.0175997 2.3731e-09
0.0180102 2.37176e-09
0.0184303 2.37043e-09
0.0188602 2.3691e-09
0.0193001 2.36777e-09
0.0197502 2.36643e-09
0.0202109 2.3651e-09
0.0206823 2.36377e-09
0.0211647 2.36244e-09
0.0216583 2.36112e-09
0.0221635 2.35979e-09
0.0226804 2.35846e-09
0.0232095 2.35714e-09
0.0237508 2.35581e-09
0.0243048 2.35449e-09
0.0248717 2.35316e-09
0.0254518 2.35184e-09
0.0260454 2.35052e-09
0.0266529 2.3492e-09
0.0272746 2.34787e-09
0.0279107 2.34655e-09
0.0285617 2.34523e-09
0.0292279 2.34392e-09
0.0299096 2.3426e-09
0.0306073 2.34128e-09
0.0313212 2.33996e-09
0.0320517 2.33865e-09
0.0327993 2.33733e-09
0.0335643 2.33602e-09
0.0343472 2.33471e-09
0.0351483 2.33339e-09
0.0359681 2.33208e-09
0.036807 2.33077e-09
0.0376655 2.32946e-09
0.0385441 2.32815e-09
0.0394431 2.32684e-09
0.0403631 2.32553e-09
0.0413045 2.32423e-09
0.0422679 2.32292e-09
0.0432538 2.32161e-09
0.0442626 2.32031e-09
0.045295 2.319e-09
0.0463515 2.3177e-09
0.0474326 2.3164e-09
0.048539 2.31509e-09
0.0496711 2.31379e-09
0.0508297 2.31249e-09
0.0520152 2.31119e-09
0.0532284 2.30989e-09
0.05447 2.30859e-09
0.0557404 2.30729e-09
0.0570405 2.306e-09
0.058371 2.3047e-09
0.0597324 2.30341e-09
0.0611257 2.30211e-09
0.0625514 2.30082e-09
0.0640104 2.29952e-09
0.0655034 2.29823e-09
0.0670312 2.29694e-09
0.0685946 2.29565e-09
0.0701946 2.29435e-09
0.0718318 2.29306e-09
0.0735072 2.29178e-09
0.0752217 2.29049e-09
0.0769762 2.2892e-09
0.0787716 2.28791e-09
0.0806089 2.28663e-09
0.0824891 2.28534e-09
0.0844131 2.28406e-09
0.086382 2.28277e-09
0.0883968 2.28149e-09
0.0904586 2.2802e-09
0.0925685 2.27892e-09
0.0947276 2.27764e-09
0.096937 2.27636e-09
0.099198 2.27508e-09
0.101512 2.2738e-09
0.103879 2.27252e-09
0.106302 2.27125e-09
0.108782 2.26997e-09
0.111319 2.26869e-09
0.113915 2.26742e-09
0.116572 2.26614e-09
0.119291 2.26487e-09
0.122074 2.26359e-09
0.124921 2.26232e-09
0.127835 2.26105e-09
0.130817 2.25978e-09
0.133868 2.25851e-09
0.13699 2.25724e-09
0.140185 2.25597e-09
0.143455 2.2547e-09
0.146801 2.25343e-09
0.150225 2.25217e-09
0.153729 2.2509e-09
0.157315 2.24963e-09
0.160984 2.24837e-09
0.164739 2.24711e-09
0.168581 2.24584e-09
0.172513 2.24458e-09
0.176537 2.24332e-09
0.180655 2.24206e-09
0.184868 2.24079e-09
0.18918 2.23954e-09
0.193593 2.23828e-09
0.198108 2.23702e-09
0.202729 2.23576e-09
0.207457 2.2345e-09
0.212296 2.23325e-09
0.217248 2.23199e-09
0.222315 2.23074e-09
0.2275 2.22948e-09
0.232807 2.22823e-09
0.238237 2.22698e-09
0.243793 2.22572e-09
0.24948 2.22447e-09
0.255299 2.22322e-09
0.261253 2.22197e-09
0.267347 2.22072e-09
0.273582 2.21947e-09
0.279964 2.21823e-09
0.286494 2.21698e-09
0.293176 2.21573e-09
0.300014 2.21449e-09
0.307012 2.21324e-09
0.314172 2.212e-09
0.3215 2.21075e-09
0.328999 2.20951e-09
0.336673 2.20827e-09
0.344525 2.20703e-09
0.352561 2.20578e-09
0.360785 2.20454e-09
0.3692 2.20331e-09
0.377811 2.20207e-09
0.386623 2.20083e-09
0.395641 2.19959e-09
0.404869 2.19835e-09
0.414312 2.19712e-09
0.423976 2.19588e-09
0.433865 2.19465e-09
0.443984 2.19341e-09
0.45434 2.19218e-09
0.464937 2.19095e-09
0.475782 2.18972e-09
0.486879 2.18849e-09
0.498235 2.18725e-09
0.509856 2.18603e-09
0.521748 2.1848e-09
0.533917 2.18357e-09
0.546371 2.18234e-09
0.559114 2.18111e-09
0.572155 2.17989e-09
0.585501 2.17866e-09
0.599157 2.17744e-09
0.613132 2.17621e-09
0.627433 2.17499e-09
