6.75164e-06 3.00384e-09
6.90909e-06 3.00152e-09
7.07022e-06 2.9992e-09
7.2351e-06 2.99689e-09
7.40383e-06 2.99458e-09
7.57649e-06 2.99227e-09
7.75318e-06 2.98996e-09
7.93399e-06 2.98765e-09
8.11902e-06 2.98534e-09
8.30836e-06 2.98304e-09
8.50212e-06 2.98074e-09
8.7004e-06 2.97844e-09
8.9033e-06 2.97614e-09
9.11093e-06 2.97384e-09
9.32341e-06 2.97155e-09
9.54083e-06 2.96925e-09
9.76333e-06 2.96696e-09
9.99102e-06 2.96467e-09
1.0224e-05 2.96238e-09
1.04625e-05 2.9601e-09
1.07064e-05 2.95781e-09
1.09561e-05 2.95553e-09
1.12116e-05 2.95325e-09
1.14731e-05 2.95097e-09
1.17407e-05 2.94869e-09
1.20145e-05 2.94642e-09
1.22947e-05 2.94414e-09
1.25814e-05 2.94187e-09
1.28748e-05 2.9396e-09
1.3175e-05 2.93733e-09
1.34823e-05 2.93507e-09
1.37967e-05 2.9328e-09
1.41185e-05 2.93054e-09
1.44477e-05 2.92828e-09
1.47846e-05 2.92602e-09
1.51294e-05 2.92376e-09
1.54823e-05 2.9215e-09
1.58433e-05 2.91925e-09
1.62128e-05 2.91699e-09
1.65909e-05 2.91474e-09
1.69778e-05 2.91249e-09
1.73737e-05 2.91025e-09
1.77789e-05 2.908e-09
1.81935e-05 2.90576e-09
1.86178e-05 2.90351e-09
1.9052e-05 2.90127e-09
1.94963e-05 2.89903e-09
1.9951e-05 2.8968e-09
2.04163e-05 2.89456e-09
2.08924e-05 2.89233e-09
2.13796e-05 2.89009e-09
2.18782e-05 2.88786e-09
2.23884e-05 2.88564e-09
2.29105e-05 2.88341e-09
2.34448e-05 2.88118e-09
2.39916e-05 2.87896e-09
2.45511e-05 2.87674e-09
2.51236e-05 2.87452e-09
2.57095e-05 2.8723e-09
2.63091e-05 2.87008e-09
2.69227e-05 2.86787e-09
2.75505e-05 2.86565e-09
2.8193e-05 2.86344e-09
2.88505e-05 2.86123e-09
2.95233e-05 2.85902e-09
3.02118e-05 2.85682e-09
3.09164e-05 2.85461e-09
3.16374e-05 2.85241e-09
3.23752e-05 2.85021e-09
3.31302e-05 2.84801e-09
3.39028e-05 2.84581e-09
3.46935e-05 2.84362e-09
3.55026e-05 2.84142e-09
3.63305e-05 2.83923e-09
3.71778e-05 2.83704e-09
3.80448e-05 2.83485e-09
3.8932e-05 2.83266e-09
3.98399e-05 2.83047e-09
4.0769e-05 2.82829e-09
4.17198e-05 2.82611e-09
4.26928e-05 2.82393e-09
4.36884e-05 2.82175e-09
4.47072e-05 2.81957e-09
4.57498e-05 2.81739e-09
4.68168e-05 2.81522e-09
4.79086e-05 2.81305e-09
4.90258e-05 2.81087e-09
5.01692e-05 2.80871e-09
5.13392e-05 2.80654e-09
5.25364e-05 2.80437e-09
5.37616e-05 2.80221e-09
5.50154e-05 2.80005e-09
5.62984e-05 2.79788e-09
5.76113e-05 2.79573e-09
5.89549e-05 2.79357e-09
6.03297e-05 2.79141e-09
6.17367e-05 2.78926e-09
6.31764e-05 2.7871e-09
6.46497e-05 2.78495e-09
6.61574e-05 2.7828e-09
6.77003e-05 2.78066e-09
6.92791e-05 2.77851e-09
7.08947e-05 2.77637e-09
7.25481e-05 2.77422e-09
7.424e-05 2.77208e-09
7.59713e-05 2.76994e-09
7.7743e-05 2.76781e-09
7.9556e-05 2.76567e-09
8.14113e-05 2.76354e-09
8.33099e-05 2.7614e-09
8.52528e-05 2.75927e-09
8.72409e-05 2.75714e-09
8.92755e-05 2.75501e-09
9.13575e-05 2.75289e-09
9.3488e-05 2.75076e-09
9.56682e-05 2.74864e-09
9.78993e-05 2.74652e-09
0.000100182 2.7444e-09
0.000102519 2.74228e-09
0.00010491 2.74017e-09
0.000107356 2.73805e-09
0.00010986 2.73594e-09
0.000112422 2.73383e-09
0.000115044 2.73172e-09
0.000117726 2.72961e-09
0.000120472 2.7275e-09
0.000123281 2.7254e-09
0.000126156 2.72329e-09
0.000129098 2.72119e-09
0.000132109 2.71909e-09
0.00013519 2.71699e-09
0.000138343 2.7149e-09
0.000141569 2.7128e-09
0.000144871 2.71071e-09
0.000148249 2.70862e-09
0.000151706 2.70653e-09
0.000155244 2.70444e-09
0.000158865 2.70235e-09
0.00016257 2.70026e-09
0.000166361 2.69818e-09
0.000170241 2.6961e-09
0.000174211 2.69402e-09
0.000178273 2.69194e-09
0.000182431 2.68986e-09
0.000186685 2.68779e-09
0.000191039 2.68571e-09
0.000195494 2.68364e-09
0.000200053 2.68157e-09
0.000204719 2.6795e-09
0.000209493 2.67743e-09
0.000214378 2.67536e-09
0.000219378 2.6733e-09
0.000224494 2.67124e-09
0.000229729 2.66917e-09
0.000235087 2.66711e-09
0.000240569 2.66506e-09
0.00024618 2.663e-09
0.000251921 2.66094e-09
0.000257796 2.65889e-09
0.000263808 2.65684e-09
0.00026996 2.65479e-09
0.000276256 2.65274e-09
0.000282698 2.65069e-09
0.000289291 2.64865e-09
0.000296037 2.6466e-09
0.000302941 2.64456e-09
0.000310006 2.64252e-09
0.000317236 2.64048e-09
0.000324634 2.63844e-09
0.000332204 2.63641e-09
0.000339952 2.63437e-09
0.00034788 2.63234e-09
0.000355993 2.63031e-09
0.000364295 2.62828e-09
0.00037279 2.62625e-09
0.000381484 2.62422e-09
0.000390381 2.6222e-09
0.000399485 2.62017e-09
0.000408801 2.61815e-09
0.000418334 2.61613e-09
0.00042809 2.61411e-09
0.000438074 2.61209e-09
0.00044829 2.61008e-09
0.000458744 2.60806e-09
0.000469443 2.60605e-09
0.000480391 2.60404e-09
0.000491594 2.60203e-09
0.000503058 2.60002e-09
0.00051479 2.59802e-09
0.000526795 2.59601e-09
0.00053908 2.59401e-09
0.000551652 2.59201e-09
0.000564517 2.59001e-09
0.000577682 2.58801e-09
0.000591154 2.58601e-09
0.00060494 2.58401e-09
0.000619048 2.58202e-09
0.000633485 2.58003e-09
0.000648258 2.57804e-09
0.000663376 2.57605e-09
0.000678847 2.57406e-09
0.000694678 2.57207e-09
0.000710878 2.57009e-09
0.000727457 2.5681e-09
0.000744422 2.56612e-09
0.000761782 2.56414e-09
0.000779547 2.56216e-09
0.000797727 2.56018e-09
0.000816331 2.55821e-09
0.000835368 2.55623e-09
0.00085485 2.55426e-09
0.000874786 2.55229e-09
0.000895186 2.55032e-09
0.000916063 2.54835e-09
0.000937426 2.54639e-09
0.000959288 2.54442e-09
0.000981659 2.54246e-09
0.00100455 2.5405e-09
0.00102798 2.53853e-09
0.00105195 2.53658e-09
0.00107648 2.53462e-09
0.00110159 2.53266e-09
0.00112728 2.53071e-09
0.00115357 2.52875e-09
0.00118047 2.5268e-09
0.001208 2.52485e-09
0.00123617 2.5229e-09
0.001265 2.52096e-09
0.0012945 2.51901e-09
0.00132469 2.51707e-09
0.00135558 2.51513e-09
0.0013872 2.51318e-09
0.00141955 2.51124e-09
0.00145265 2.50931e-09
0.00148653 2.50737e-09
0.0015212 2.50544e-09
0.00155667 2.5035e-09
0.00159297 2.50157e-09
0.00163012 2.49964e-09
0.00166814 2.49771e-09
0.00170704 2.49578e-09
0.00174685 2.49386e-09
0.00178759 2.49193e-09
0.00182928 2.49001e-09
0.00187194 2.48809e-09
0.00191559 2.48617e-09
0.00196027 2.48425e-09
0.00200598 2.48233e-09
0.00205276 2.48042e-09
0.00210063 2.4785e-09
0.00214962 2.47659e-09
0.00219975 2.47468e-09
0.00225105 2.47277e-09
0.00230355 2.47086e-09
0.00235727 2.46895e-09
0.00241224 2.46705e-09
0.0024685 2.46514e-09
0.00252607 2.46324e-09
0.00258498 2.46134e-09
0.00264526 2.45944e-09
0.00270695 2.45754e-09
0.00277008 2.45565e-09
0.00283468 2.45375e-09
0.00290079 2.45186e-09
0.00296844 2.44996e-09
0.00303766 2.44807e-09
0.0031085 2.44618e-09
0.003181 2.4443e-09
0.00325518 2.44241e-09
0.00333109 2.44053e-09
0.00340878 2.43864e-09
0.00348827 2.43676e-09
0.00356962 2.43488e-09
0.00365287 2.433e-09
0.00373806 2.43112e-09
0.00382523 2.42925e-09
0.00391444 2.42737e-09
0.00400573 2.4255e-09
0.00409914 2.42363e-09
0.00419474 2.42176e-09
0.00429256 2.41989e-09
0.00439267 2.41802e-09
0.00449511 2.41615e-09
0.00459994 2.41429e-09
0.00470721 2.41243e-09
0.00481699 2.41056e-09
0.00492933 2.4087e-09
0.00504428 2.40684e-09
0.00516192 2.40499e-09
0.0052823 2.40313e-09
0.00540549 2.40128e-09
0.00553155 2.39942e-09
0.00566055 2.39757e-09
0.00579256 2.39572e-09
0.00592764 2.39387e-09
0.00606588 2.39202e-09
0.00620734 2.39018e-09
0.0063521 2.38833e-09
0.00650024 2.38649e-09
0.00665183 2.38465e-09
0.00680696 2.38281e-09
0.0069657 2.38097e-09
0.00712814 2.37913e-09
0.00729438 2.3773e-09
0.00746449 2.37546e-09
0.00763857 2.37363e-09
0.00781671 2.3718e-09
0.007999 2.36997e-09
0.00818554 2.36814e-09
0.00837643 2.36631e-09
0.00857178 2.36448e-09
0.00877168 2.36266e-09
0.00897624 2.36084e-09
0.00918558 2.35901e-09
0.00939979 2.35719e-09
0.009619 2.35537e-09
0.00984333 2.35356e-09
0.0100729 2.35174e-09
0.0103078 2.34993e-09
0.0105482 2.34811e-09
0.0107942 2.3463e-09
0.0110459 2.34449e-09
0.0113035 2.34268e-09
0.0115671 2.34087e-09
0.0118369 2.33906e-09
0.0121129 2.33726e-09
0.0123954 2.33546e-09
0.0126845 2.33365e-09
0.0129803 2.33185e-09
0.013283 2.33005e-09
0.0135927 2.32825e-09
0.0139097 2.32646e-09
0.0142341 2.32466e-09
0.0145661 2.32287e-09
0.0149058 2.32108e-09
0.0152534 2.31928e-09
0.0156091 2.31749e-09
0.0159731 2.31571e-09
0.0163456 2.31392e-09
0.0167268 2.31213e-09
0.0171169 2.31035e-09
0.0175161 2.30857e-09
0.0179246 2.30678e-09
0.0183426 2.305e-09
0.0187704 2.30323e-09
0.0192081 2.30145e-09
0.0196561 2.29967e-09
0.0201144 2.2979e-09
0.0205835 2.29612e-09
0.0210636 2.29435e-09
0.0215548 2.29258e-09
0.0220575 2.29081e-09
0.0225718 2.28904e-09
0.0230982 2.28728e-09
0.0236369 2.28551e-09
0.0241881 2.28375e-09
0.0247522 2.28199e-09
0.0253295 2.28022e-09
0.0259202 2.27847e-09
0.0265247 2.27671e-09
0.0271432 2.27495e-09
0.0277762 2.27319e-09
0.028424 2.27144e-09
0.0290869 2.26969e-09
0.0297652 2.26794e-09
0.0304594 2.26618e-09
0.0311697 2.26444e-09
0.0318966 2.26269e-09
0.0326404 2.26094e-09
0.0334017 2.2592e-09
0.0341806 2.25745e-09
0.0349777 2.25571e-09
0.0357934 2.25397e-09
0.0366282 2.25223e-09
0.0374824 2.25049e-09
0.0383565 2.24876e-09
0.039251 2.24702e-09
0.0401664 2.24529e-09
0.0411031 2.24355e-09
0.0420616 2.24182e-09
0.0430425 2.24009e-09
0.0440463 2.23836e-09
0.0450735 2.23664e-09
0.0461247 2.23491e-09
0.0472003 2.23319e-09
0.0483011 2.23146e-09
0.0494275 2.22974e-09
0.0505802 2.22802e-09
0.0517598 2.2263e-09
0.0529669 2.22458e-09
0.0542021 2.22286e-09
0.0554661 2.22115e-09
0.0567596 2.21944e-09
0.0580833 2.21772e-09
0.0594379 2.21601e-09
0.060824 2.2143e-09
0.0622425 2.21259e-09
0.063694 2.21088e-09
0.0651794 2.20918e-09
0.0666995 2.20747e-09
0.0682549 2.20577e-09
0.0698467 2.20407e-09
0.0714756 2.20237e-09
0.0731425 2.20067e-09
0.0748482 2.19897e-09
0.0765937 2.19727e-09
0.07838 2.19558e-09
0.0802078 2.19388e-09
0.0820784 2.19219e-09
0.0839925 2.1905e-09
0.0859513 2.18881e-09
0.0879557 2.18712e-09
0.0900069 2.18543e-09
0.092106 2.18374e-09
0.0942539 2.18206e-09
0.096452 2.18037e-09
0.0987014 2.17869e-09
0.101003 2.17701e-09
0.103359 2.17533e-09
0.105769 2.17365e-09
0.108236 2.17197e-09
0.11076 2.1703e-09
0.113343 2.16862e-09
0.115986 2.16695e-09
0.118691 2.16528e-09
0.121459 2.1636e-09
0.124291 2.16193e-09
0.12719 2.16027e-09
0.130156 2.1586e-09
0.133192 2.15693e-09
0.136298 2.15527e-09
0.139476 2.15361e-09
0.142729 2.15194e-09
0.146058 2.15028e-09
0.149464 2.14862e-09
0.152949 2.14697e-09
0.156516 2.14531e-09
0.160166 2.14365e-09
0.163902 2.142e-09
0.167724 2.14035e-09
0.171635 2.13869e-09
0.175638 2.13704e-09
0.179734 2.13539e-09
0.183926 2.13375e-09
0.188215 2.1321e-09
0.192604 2.13045e-09
0.197096 2.12881e-09
0.201692 2.12717e-09
0.206396 2.12552e-09
0.211209 2.12388e-09
0.216135 2.12225e-09
0.221175 2.12061e-09
0.226333 2.11897e-09
0.231612 2.11734e-09
0.237013 2.1157e-09
0.24254 2.11407e-09
0.248196 2.11244e-09
0.253985 2.11081e-09
0.259908 2.10918e-09
0.265969 2.10755e-09
0.272172 2.10592e-09
0.278519 2.1043e-09
0.285014 2.10267e-09
0.291661 2.10105e-09
0.298463 2.09943e-09
0.305423 2.09781e-09
0.312546 2.09619e-09
0.319835 2.09457e-09
0.327293 2.09296e-09
0.334926 2.09134e-09
0.342737 2.08973e-09
0.35073 2.08812e-09
0.358909 2.0865e-09
0.367279 2.08489e-09
0.375845 2.08328e-09
0.38461 2.08168e-09
0.393579 2.08007e-09
0.402758 2.07847e-09
0.41215 2.07686e-09
0.421762 2.07526e-09
0.431598 2.07366e-09
0.441663 2.07206e-09
0.451963 2.07046e-09
0.462503 2.06886e-09
0.473289 2.06726e-09
0.484326 2.06567e-09
0.495621 2.06407e-09
0.50718 2.06248e-09
0.519007 2.06089e-09
0.531111 2.0593e-09
0.543497 2.05771e-09
0.556172 2.05612e-09
0.569142 2.05453e-09
0.582415 2.05295e-09
0.595998 2.05136e-09
0.609897 2.04978e-09
0.62412 2.0482e-09
