3.85662e-07 2.5319e-09
6.21017e-07 2.51332e-09
1e-06 2.49487e-09
1.61026e-06 2.47656e-09
2.59294e-06 2.45838e-09
4.17532e-06 2.44034e-09
6.72336e-06 2.42242e-09
1.08264e-05 2.40465e-09
1.74333e-05 2.387e-09
2.80722e-05 2.36948e-09
4.52035e-05 2.35208e-09
7.27895e-05 2.33482e-09
0.00011721 2.31768e-09
0.000188739 2.30067e-09
0.00030392 2.28379e-09
0.00048939 2.26703e-09
0.000788046 2.25039e-09
0.00126896 2.23387e-09
0.00204336 2.21747e-09
0.00329034 2.2012e-09
0.00529832 2.18504e-09
0.00853168 2.169e-09
0.0137382 2.15308e-09
0.0221222 2.13728e-09
0.0356225 2.12159e-09
0.0573615 2.10602e-09
0.0923671 2.09057e-09
0.148735 2.07522e-09
0.239503 2.05999e-09
0.385662 2.04487e-09
0.621017 2.02986e-09
1 2.01496e-09
1.61026 2.00017e-09
2.59294 1.98549e-09
