3.85662e-07 2.93651e-09
6.21017e-07 2.8961e-09
1e-06 2.85625e-09
1.61026e-06 2.81694e-09
2.59294e-06 2.77817e-09
4.17532e-06 2.73994e-09
6.72336e-06 2.70224e-09
1.08264e-05 2.66505e-09
1.74333e-05 2.62837e-09
2.80722e-05 2.5922e-09
4.52035e-05 2.55653e-09
7.27895e-05 2.52135e-09
0.00011721 2.48665e-09
0.000188739 2.45243e-09
0.00030392 2.41868e-09
0.00048939 2.3854e-09
0.000788046 2.35257e-09
0.00126896 2.32019e-09
0.00204336 2.28826e-09
0.00329034 2.25677e-09
0.00529832 2.22572e-09
0.00853168 2.19509e-09
0.0137382 2.16488e-09
0.0221222 2.13509e-09
0.0356225 2.10571e-09
0.0573615 2.07673e-09
0.0923671 2.04815e-09
0.148735 2.01996e-09
0.239503 1.99216e-09
0.385662 1.96475e-09
0.621017 1.93771e-09
1 1.91105e-09
1.61026 1.88475e-09
2.59294 1.85881e-09
