3.85662e-07 3.54028e-09
6.21017e-07 3.47341e-09
1e-06 3.4078e-09
1.61026e-06 3.34343e-09
2.59294e-06 3.28028e-09
4.17532e-06 3.21832e-09
6.72336e-06 3.15753e-09
1.08264e-05 3.09789e-09
1.74333e-05 3.03937e-09
2.80722e-05 2.98196e-09
4.52035e-05 2.92563e-09
7.27895e-05 2.87037e-09
0.00011721 2.81615e-09
0.000188739 2.76296e-09
0.00030392 2.71077e-09
0.00048939 2.65957e-09
0.000788046 2.60933e-09
0.00126896 2.56005e-09
0.00204336 2.51169e-09
0.00329034 2.46425e-09
0.00529832 2.4177e-09
0.00853168 2.37203e-09
0.0137382 2.32723e-09
0.0221222 2.28327e-09
0.0356225 2.24014e-09
0.0573615 2.19783e-09
0.0923671 2.15631e-09
0.148735 2.11558e-09
0.239503 2.07562e-09
0.385662 2.03641e-09
0.621017 1.99795e-09
1 1.96021e-09
1.61026 1.92318e-09
2.59294 1.88686e-09
