3.85662e-07 2.90838e-09
6.21017e-07 2.87824e-09
1e-06 2.84841e-09
1.61026e-06 2.81889e-09
2.59294e-06 2.78968e-09
4.17532e-06 2.76077e-09
6.72336e-06 2.73216e-09
1.08264e-05 2.70384e-09
1.74333e-05 2.67582e-09
2.80722e-05 2.64809e-09
4.52035e-05 2.62065e-09
7.27895e-05 2.59349e-09
0.00011721 2.56662e-09
0.000188739 2.54002e-09
0.00030392 2.5137e-09
0.00048939 2.48765e-09
0.000788046 2.46187e-09
0.00126896 2.43635e-09
0.00204336 2.41111e-09
0.00329034 2.38612e-09
0.00529832 2.36139e-09
0.00853168 2.33692e-09
0.0137382 2.3127e-09
0.0221222 2.28873e-09
0.0356225 2.26502e-09
0.0573615 2.24154e-09
0.0923671 2.21831e-09
0.148735 2.19533e-09
0.239503 2.17258e-09
0.385662 2.15006e-09
0.621017 2.12778e-09
1 2.10573e-09
1.61026 2.08391e-09
2.59294 2.06231e-09
