0.14586E+03 0.00000E+00 0.72080E+00 -0.10000E+01
9.99e-05 428.445 428.445 1
0.00010294 440.946 440.946 1
0.00010608 453.842 453.842 1
0.00010931 467.091 467.091 1
0.00011264 480.734 480.734 1
0.00011607 494.767 494.767 1
0.0001196 509.192 509.192 1
0.00012324 524.048 524.048 1
0.000127 539.373 539.373 1
0.00013087 555.126 555.126 1
0.00013485 571.307 571.307 1
0.00013896 587.996 587.996 1
0.00014319 605.147 605.147 1
0.00014755 622.804 622.804 1
0.00015204 640.964 640.964 1
0.00015667 659.664 659.664 1
0.00016145 678.945 678.945 1
0.00016636 698.726 698.726 1
0.00017143 719.121 719.121 1
0.00017665 740.092 740.092 1
0.00018203 761.679 761.679 1
0.00018757 783.874 783.874 1
0.00019329 806.76 806.76 1
0.00019917 830.256 830.256 1
0.00020524 854.473 854.473 1
0.00021149 879.377 879.377 1
0.00021793 904.999 904.999 1
0.00022457 931.379 931.379 1
0.00023141 958.518 958.518 1
0.00023845 986.403 986.403 1
0.00024571 1015.12 1015.12 1
0.0002532 1044.7 1044.7 1
0.00026091 1075.11 1075.11 1
0.00026885 1106.38 1106.38 1
0.00027704 1138.57 1138.57 1
0.00028548 1171.71 1171.71 1
0.00029417 1205.76 1205.76 1
0.00030313 1240.82 1240.82 1
0.00031236 1276.88 1276.88 1
0.00032188 1314 1314 1
0.00033168 1352.16 1352.16 1
0.00034178 1391.41 1391.41 1
0.00035219 1431.8 1431.8 1
0.00036292 1473.36 1473.36 1
0.00037397 1516.08 1516.08 1
0.00038536 1560.03 1560.03 1
0.00039709 1605.22 1605.22 1
0.00040919 1651.72 1651.72 1
0.00042165 1699.54 1699.54 1
0.00043449 1748.7 1748.7 1
0.00044772 1799.27 1799.27 1
0.00046136 1851.27 1851.27 1
0.00047541 1904.74 1904.74 1
0.00048988 1959.68 1959.68 1
0.0005048 2016.22 2016.22 1
0.00052018 2074.35 2074.35 1
0.00053602 2134.09 2134.09 1
0.00055234 2195.49 2195.49 1
0.00056916 2258.62 2258.62 1
0.0005865 2323.54 2323.54 1
0.00060436 2390.23 2390.23 1
0.00062277 2458.81 2458.81 1
0.00064173 2529.22 2529.22 1
0.00066127 2601.63 2601.63 1
0.00068141 2675.99 2675.99 1
0.00070217 2752.49 2752.49 1
0.00072355 2830.95 2830.95 1
0.00074559 2911.68 2911.68 1
0.00076829 2994.47 2994.47 1
0.00079169 3079.63 3079.63 1
0.0008158 3167 3167 1
0.00084065 3256.81 3256.81 1
0.00086625 3348.96 3348.96 1
0.00089263 3443.61 3443.61 1
0.00091981 3540.75 3540.75 1
0.00094782 3640.47 3640.47 1
0.00097669 3742.88 3742.88 1
0.0010064 3847.79 3847.79 1
0.0010371 3955.82 3955.82 1
0.0010687 4066.44 4066.44 1
0.0011012 4179.84 4179.84 1
0.0011348 4296.39 4296.39 1
0.0011693 4415.68 4415.68 1
0.0012049 4537.98 4537.98 1
0.0012416 4663.65 4663.65 1
0.0012794 4792.17 4792.17 1
0.0013184 4924.31 4924.31 1
0.0013585 5059.18 5059.18 1
0.0013999 5197.89 5197.89 1
0.0014426 5339.87 5339.87 1
0.0014865 5485.2 5485.2 1
0.0015318 5634.02 5634.02 1
0.0015784 5786.3 5786.3 1
0.0016265 5942.34 5942.34 1
0.001676 6101.85 6101.85 1
0.001727 6265.11 6265.11 1
0.0017796 6432.09 6432.09 1
0.0018338 6603.2 6603.2 1
0.0018897 6777.82 6777.82 1
0.0019472 6956.36 6956.36 1
0.0020065 7138.8 7138.8 1
0.0020677 7325.44 7325.44 1
0.0021306 7515.87 7515.87 1
0.0021955 7710.09 7710.09 1
0.0022624 7908.62 7908.62 1
0.0023313 8111.34 8111.34 1
0.0024023 8317.61 8317.61 1
0.0024754 8528 8528 1
0.0025508 8742.88 8742.88 1
0.0026285 8961.53 8961.53 1
0.0027086 9184.32 9184.32 1
0.002791 9410.93 9410.93 1
0.002876 9641.94 9641.94 1
0.0029636 9876.76 9876.76 1
0.0030539 10115.5 10115.5 1
0.0031469 10358.2 10358.2 1
0.0032427 10604.6 10604.6 1
0.0033415 10855.2 10855.2 1
0.0034432 11109.2 11109.2 1
0.0035481 11367.1 11367.1 1
0.0036562 11628.6 11628.6 1
0.0037675 11893.3 11893.3 1
0.0038822 12161.4 12161.4 1
0.0040005 12432.9 12432.9 1
0.0041223 12707.2 12707.2 1
0.0042479 12984.6 12984.6 1
0.0043772 13264.6 13264.6 1
0.0045105 13547.3 13547.3 1
0.0046479 13832.6 13832.6 1
0.0047894 14119.9 14119.9 1
0.0049353 14409.7 14409.7 1
0.0050856 14700.6 14700.6 0.997293
0.0052405 14993.2 14993.2 0.997214
0.0054001 15287.3 15287.3 0.997133
0.0055645 15581.8 15581.8 0.99705
0.005734 15877.3 15877.3 0.996964
0.0059086 16173.2 16173.2 0.996877
0.0060886 16468.9 16468.9 0.996786
0.006274 16764.3 16764.3 0.996694
0.0064651 17058.9 17058.9 0.9966
0.006662 17352.2 17352.2 0.996503
0.0068649 17644.2 17644.2 0.996404
0.0070739 17933.7 17933.7 0.996302
0.0072894 18220.9 18220.9 0.996198
0.0075113 18504.9 18504.9 0.996092
0.0077401 18785.7 18785.7 0.995984
0.0079758 19062.2 19062.2 0.995873
0.0082187 19334.2 19334.2 0.99576
0.008469 19600.8 19600.8 0.995644
0.0087269 19861.7 19861.7 0.995527
0.0089927 20116.1 20116.1 0.995407
0.0092666 20363.6 20363.6 0.995285
0.0095488 20603 20603 0.995161
0.0098396 20833.9 20833.9 0.995035
0.010139 21055.7 24810 0.994884
0.010448 21267.5 24737.2 0.994756
0.010766 21468.6 24650.6 0.994627
0.011094 21658.2 24549.9 0.994497
0.011432 21835.5 24436.4 0.994365
0.01178 21999.6 24310.8 0.994232
0.012139 22149.9 24173.4 0.994098
0.012509 22285.5 24025 0.993963
0.01289 22405.2 23866.2 0.993828
0.013282 22508.4 23697.9 0.993692
0.013687 22594.6 23519.8 0.993557
0.014103 22662.3 23333.3 0.993422
0.014533 22711.2 23137.8 0.993287
0.014975 22740.5 22934.8 0.993153
0.015432 22749.2 22723.5 0.993021
0.015902 22736.4 22505.2 0.99289
0.016386 22701.8 22280.2 0.992762
0.016885 22644.7 22048.5 0.992637
0.017399 22564.3 21810.5 0.992515
0.017929 22460.4 21566.3 0.992397
0.018475 22332.1 21316.2 0.992284
0.019038 22179.5 21060.3 0.992176
0.019617 22002.5 20799.4 0.992074
0.020215 21800.6 20532.7 0.991979
0.02083 21574.4 20261.4 0.991892
0.021465 21323.2 19984.5 0.991814
0.022119 21048 19702.8 0.991746
0.022792 20749.8 19416.7 0.991689
0.023486 20428.7 19125.6 0.991644
0.024201 20085.7 18829.8 0.991613
0.024939 19721.6 18528.8 0.991597
0.025698 19338.7 18223.8 0.991597
0.026481 18937.7 17914.2 0.991614
0.027287 18521.1 17601 0.991652
0.028118 18090.4 17284.2 0.991711
0.028974 17647.8 16964.4 0.991792
0.029857 17195.3 16641.5 0.9919
0.030766 16736.3 16316.7 0.992034
0.031703 16272.8 15989.6 0.992198
0.032669 15807.5 15660.7 0.992394
0.033663 15344 15330.9 0.992624
0.034689 14883.8 14999.5 0.992891
0.035745 14431 14667.7 0.993198
0.036834 13987.4 14335.1 0.993548
0.037956 13556.2 14002.3 0.993944
0.039111 13140 13670 0.994388
0.040303 12740 13337.5 0.994885
0.04153 12359.1 13005.9 0.995437
0.042795 11998.3 12675 0.99605
0.044098 11659 12345.3 0.996725
0.045441 11341.5 12016.9 0.997468
0.046825 11046.1 11690.1 0.998283
0.048251 10772.2 11365.2 0.999172
0.04972 10519 11042.4 1.00014
0.051235 10284.1 10721.7 1.0012
0.052795 10065.7 10403.7 1.00235
0.054403 9860.31 10088.6 1.00359
0.05606 9664.38 9776.37 1.00493
0.057767 9473.52 9467.52 1.00638
0.059526 9283.41 9162.54 1.00794
0.061339 9088.25 8860.94 1.00962
0.063207 8883.46 8563.41 1.01143
0.065132 8664.84 8270.33 1.01336
0.067115 8428.5 7982 1.01544
0.069159 8171.68 7698.54 1.01765
0.071266 7893.5 7420.3 1.02001
0.073436 7594.92 7147.88 1.02253
0.075672 7273 6880.84 1.02522
0.077977 6932.22 6619.35 1.0281
0.080352 6582.22 6364.02 1.03115
0.082799 6229.34 6114.85 1.03438
0.08532 5880.26 5871.8 1.03781
0.087919 5541.87 5634.63 1.04145
0.090596 5222.29 5403.4 1.0453
0.093355 4930.2 5177.79 1.04942
0.096199 4670.11 4958.23 1.05377
0.099128 4444.82 4744.92 1.05837
0.10215 4254.3 4537.53 1.06325
0.10526 4096.83 4336.65 1.0684
0.10846 3967.45 4142.36 1.07383
0.11177 3858.29 3953.76 1.07959
0.11517 3761.07 3772.28 1.08565
0.11868 3664.22 3596.98 1.09208
0.12229 3557.53 3428.8 1.09885
0.12602 3433.09 3267.14 1.10597
0.12985 3287.9 3112.94 1.11342
0.13381 3120.62 2964.85 1.12127
0.13788 2934.35 2823.37 1.12952
0.14208 2741.62 2687.76 1.13817
0.14641 2552.52 2557.81 1.14726
0.15087 2378.53 2433.36 1.15681
0.15546 2227.77 2314.3 1.16679
0.1602 2106.17 2199.89 1.17734
0.16508 2011.05 2090.34 1.18838
0.1701 1937.8 1985.45 1.19998
0.17529 1876.27 1884.46 1.21224
0.18062 1815.76 1787.91 1.22509
0.18612 1745.67 1695.21 1.23863
0.19179 1659.41 1606.33 1.25293
0.19763 1559.09 1521.29 1.268
0.20365 1452.7 1439.96 1.28388
0.20985 1350.28 1362.36 1.30059
0.21625 1260.13 1288.25 1.31821
0.22283 1187.22 1217.88 1.3367
0.22962 1130.96 1150.92 1.35618
0.23661 1084.65 1087.44 1.3766
0.24382 1039.55 1027.15 1.39804
0.25124 988.818 970.041 1.42053
0.25889 930.554 915.861 1.44415
0.26678 868.401 864.464 1.46895
0.2749 809.422 815.831 1.49492
0.28327 759.326 769.734 1.5222
0.2919 718.486 725.975 1.55089
0.30079 683.343 684.389 1.58111
0.30995 648.677 644.764 1.61308
0.31939 611.183 606.895 1.64707
0.32912 572.039 570.604 1.6834
0.33914 534.838 536.067 1.72202
0.34947 502.361 503.741 1.7623
0.36011 474.377 474.187 1.80308
0.37108 448.059 447.891 1.84268
0.38238 421.514 421.514 1.88715
0.39402 394.906 394.906 1.93796
0.40602 369.961 369.961 1.99133
0.41839 347.504 347.504 2.04442
0.43113 327.048 327.048 2.09764
0.44426 307.313 307.313 2.15498
0.45779 288.007 288.007 2.21827
0.47173 269.788 269.788 2.28513
0.4861 253.152 253.152 2.35266
0.5009 237.614 237.614 2.42268
0.51616 222.675 222.675 2.49828
0.53188 208.535 208.535 2.57842
0.54808 195.373 195.373 2.66142
0.56477 183.069 183.069 2.74779
0.58197 171.421 171.421 2.8393
0.59969 160.437 160.437 2.93583
0.61795 150.172 150.172 3.03635
0.63677 140.536 140.536 3.14167
0.65617 131.458 131.458 3.25258
0.67615 122.952 122.952 3.36861
0.69674 114.979 114.979 3.48996
0.71796 107.488 107.488 3.61734
0.73983 100.464 100.464 3.75071
0.76236 93.8826 93.8826 3.89017
0.78557 87.7129 87.7129 4.03612
