6.79433e-06 3.12108e-09
6.95277e-06 3.11787e-09
7.1149e-06 3.11466e-09
7.28082e-06 3.11145e-09
7.4506e-06 3.10824e-09
7.62434e-06 3.10504e-09
7.80213e-06 3.10184e-09
7.98407e-06 3.09864e-09
8.17025e-06 3.09545e-09
8.36078e-06 3.09226e-09
8.55574e-06 3.08908e-09
8.75525e-06 3.0859e-09
8.95942e-06 3.08272e-09
9.16834e-06 3.07954e-09
9.38214e-06 3.07637e-09
9.60093e-06 3.0732e-09
9.82481e-06 3.07003e-09
1.00539e-05 3.06687e-09
1.02884e-05 3.06371e-09
1.05283e-05 3.06055e-09
1.07738e-05 3.0574e-09
1.1025e-05 3.05425e-09
1.12821e-05 3.05111e-09
1.15452e-05 3.04796e-09
1.18144e-05 3.04482e-09
1.20899e-05 3.04169e-09
1.23719e-05 3.03855e-09
1.26604e-05 3.03542e-09
1.29556e-05 3.03229e-09
1.32577e-05 3.02917e-09
1.35669e-05 3.02605e-09
1.38832e-05 3.02293e-09
1.4207e-05 3.01982e-09
1.45383e-05 3.01671e-09
1.48773e-05 3.0136e-09
1.52242e-05 3.01049e-09
1.55792e-05 3.00739e-09
1.59425e-05 3.00429e-09
1.63143e-05 3.0012e-09
1.66947e-05 2.99811e-09
1.7084e-05 2.99502e-09
1.74824e-05 2.99193e-09
1.78901e-05 2.98885e-09
1.83073e-05 2.98577e-09
1.87342e-05 2.9827e-09
1.9171e-05 2.97962e-09
1.96181e-05 2.97655e-09
2.00756e-05 2.97349e-09
2.05437e-05 2.97042e-09
2.10228e-05 2.96736e-09
2.1513e-05 2.96431e-09
2.20147e-05 2.96125e-09
2.2528e-05 2.9582e-09
2.30534e-05 2.95516e-09
2.35909e-05 2.95211e-09
2.41411e-05 2.94907e-09
2.4704e-05 2.94603e-09
2.52801e-05 2.943e-09
2.58696e-05 2.93996e-09
2.64729e-05 2.93694e-09
2.70902e-05 2.93391e-09
2.77219e-05 2.93089e-09
2.83683e-05 2.92787e-09
2.90299e-05 2.92485e-09
2.97068e-05 2.92184e-09
3.03996e-05 2.91883e-09
3.11084e-05 2.91582e-09
3.18339e-05 2.91282e-09
3.25762e-05 2.90982e-09
3.33358e-05 2.90682e-09
3.41132e-05 2.90382e-09
3.49087e-05 2.90083e-09
3.57227e-05 2.89785e-09
3.65558e-05 2.89486e-09
3.74082e-05 2.89188e-09
3.82805e-05 2.8889e-09
3.91732e-05 2.88592e-09
4.00867e-05 2.88295e-09
4.10215e-05 2.87998e-09
4.19781e-05 2.87701e-09
4.29569e-05 2.87405e-09
4.39587e-05 2.87109e-09
4.49837e-05 2.86813e-09
4.60327e-05 2.86517e-09
4.71062e-05 2.86222e-09
4.82046e-05 2.85927e-09
4.93287e-05 2.85633e-09
5.0479e-05 2.85339e-09
5.16562e-05 2.85045e-09
5.28607e-05 2.84751e-09
5.40934e-05 2.84458e-09
5.53548e-05 2.84165e-09
5.66456e-05 2.83872e-09
5.79666e-05 2.83579e-09
5.93183e-05 2.83287e-09
6.07015e-05 2.82995e-09
6.2117e-05 2.82704e-09
6.35655e-05 2.82413e-09
6.50478e-05 2.82122e-09
6.65647e-05 2.81831e-09
6.81169e-05 2.81541e-09
6.97054e-05 2.81251e-09
7.13308e-05 2.80961e-09
7.29942e-05 2.80671e-09
7.46963e-05 2.80382e-09
7.64382e-05 2.80093e-09
7.82207e-05 2.79805e-09
8.00447e-05 2.79517e-09
8.19113e-05 2.79229e-09
8.38214e-05 2.78941e-09
8.5776e-05 2.78654e-09
8.77762e-05 2.78367e-09
8.98231e-05 2.7808e-09
9.19177e-05 2.77793e-09
9.40611e-05 2.77507e-09
9.62546e-05 2.77221e-09
9.84991e-05 2.76936e-09
0.000100796 2.7665e-09
0.000103147 2.76365e-09
0.000105552 2.76081e-09
0.000108013 2.75796e-09
0.000110532 2.75512e-09
0.000113109 2.75228e-09
0.000115747 2.74945e-09
0.000118446 2.74662e-09
0.000121208 2.74379e-09
0.000124035 2.74096e-09
0.000126927 2.73814e-09
0.000129887 2.73531e-09
0.000132916 2.7325e-09
0.000136015 2.72968e-09
0.000139187 2.72687e-09
0.000142433 2.72406e-09
0.000145754 2.72125e-09
0.000149153 2.71845e-09
0.000152631 2.71565e-09
0.00015619 2.71285e-09
0.000159832 2.71006e-09
0.00016356 2.70727e-09
0.000167374 2.70448e-09
0.000171277 2.70169e-09
0.000175271 2.69891e-09
0.000179358 2.69613e-09
0.00018354 2.69335e-09
0.00018782 2.69057e-09
0.0001922 2.6878e-09
0.000196682 2.68503e-09
0.000201269 2.68227e-09
0.000205962 2.6795e-09
0.000210765 2.67674e-09
0.00021568 2.67399e-09
0.000220709 2.67123e-09
0.000225856 2.66848e-09
0.000231123 2.66573e-09
0.000236512 2.66298e-09
0.000242027 2.66024e-09
0.000247671 2.6575e-09
0.000253447 2.65476e-09
0.000259357 2.65203e-09
0.000265405 2.6493e-09
0.000271594 2.64657e-09
0.000277927 2.64384e-09
0.000284408 2.64112e-09
0.00029104 2.6384e-09
0.000297827 2.63568e-09
0.000304772 2.63296e-09
0.000311879 2.63025e-09
0.000319152 2.62754e-09
0.000326594 2.62483e-09
0.00033421 2.62213e-09
0.000342004 2.61943e-09
0.000349979 2.61673e-09
0.00035814 2.61403e-09
0.000366492 2.61134e-09
0.000375038 2.60865e-09
0.000383783 2.60596e-09
0.000392733 2.60328e-09
0.000401891 2.6006e-09
0.000411263 2.59792e-09
0.000420853 2.59524e-09
0.000430667 2.59257e-09
0.00044071 2.5899e-09
0.000450987 2.58723e-09
0.000461503 2.58456e-09
0.000472265 2.5819e-09
0.000483278 2.57924e-09
0.000494548 2.57658e-09
0.00050608 2.57393e-09
0.000517881 2.57128e-09
0.000529958 2.56863e-09
0.000542316 2.56598e-09
0.000554962 2.56334e-09
0.000567904 2.5607e-09
0.000581147 2.55806e-09
0.000594698 2.55542e-09
0.000608566 2.55279e-09
0.000622757 2.55016e-09
0.00063728 2.54753e-09
0.00065214 2.54491e-09
0.000667348 2.54229e-09
0.00068291 2.53967e-09
0.000698834 2.53705e-09
0.000715131 2.53444e-09
0.000731807 2.53183e-09
0.000748872 2.52922e-09
0.000766335 2.52661e-09
0.000784205 2.52401e-09
0.000802492 2.52141e-09
0.000821206 2.51881e-09
0.000840355 2.51622e-09
0.000859952 2.51363e-09
0.000880005 2.51104e-09
0.000900526 2.50845e-09
0.000921525 2.50587e-09
0.000943014 2.50328e-09
0.000965005 2.50071e-09
0.000987508 2.49813e-09
0.00101054 2.49556e-09
0.0010341 2.49298e-09
0.00105821 2.49042e-09
0.00108289 2.48785e-09
0.00110814 2.48529e-09
0.00113398 2.48273e-09
0.00116043 2.48017e-09
0.00118749 2.47761e-09
0.00121518 2.47506e-09
0.00124352 2.47251e-09
0.00127251 2.46997e-09
0.00130219 2.46742e-09
0.00133255 2.46488e-09
0.00136363 2.46234e-09
0.00139543 2.4598e-09
0.00142797 2.45727e-09
0.00146126 2.45474e-09
0.00149534 2.45221e-09
0.00153021 2.44968e-09
0.00156589 2.44716e-09
0.00160241 2.44464e-09
0.00163978 2.44212e-09
0.00167801 2.4396e-09
0.00171714 2.43709e-09
0.00175719 2.43458e-09
0.00179816 2.43207e-09
0.00184009 2.42957e-09
0.001883 2.42706e-09
0.00192691 2.42456e-09
0.00197185 2.42206e-09
0.00201783 2.41957e-09
0.00206488 2.41708e-09
0.00211303 2.41459e-09
0.00216231 2.4121e-09
0.00221273 2.40961e-09
0.00226433 2.40713e-09
0.00231713 2.40465e-09
0.00237116 2.40217e-09
0.00242646 2.3997e-09
0.00248304 2.39723e-09
0.00254094 2.39476e-09
0.0026002 2.39229e-09
0.00266083 2.38983e-09
0.00272288 2.38736e-09
0.00278637 2.38491e-09
0.00285135 2.38245e-09
0.00291784 2.37999e-09
0.00298588 2.37754e-09
0.00305551 2.37509e-09
0.00312676 2.37265e-09
0.00319967 2.3702e-09
0.00327429 2.36776e-09
0.00335064 2.36532e-09
0.00342877 2.36288e-09
0.00350873 2.36045e-09
0.00359055 2.35802e-09
0.00367428 2.35559e-09
0.00375996 2.35316e-09
0.00384764 2.35074e-09
0.00393736 2.34832e-09
0.00402918 2.3459e-09
0.00412314 2.34348e-09
0.00421928 2.34107e-09
0.00431767 2.33865e-09
0.00441836 2.33624e-09
0.00452139 2.33384e-09
0.00462682 2.33143e-09
0.00473472 2.32903e-09
0.00484513 2.32663e-09
0.00495811 2.32424e-09
0.00507373 2.32184e-09
0.00519204 2.31945e-09
0.00531312 2.31706e-09
0.00543702 2.31467e-09
0.0055638 2.31229e-09
0.00569354 2.30991e-09
0.00582631 2.30753e-09
0.00596218 2.30515e-09
0.00610121 2.30277e-09
0.00624348 2.3004e-09
0.00638908 2.29803e-09
0.00653806 2.29566e-09
0.00669053 2.2933e-09
0.00684654 2.29094e-09
0.0070062 2.28858e-09
0.00716958 2.28622e-09
0.00733677 2.28386e-09
0.00750785 2.28151e-09
0.00768293 2.27916e-09
0.00786209 2.27681e-09
0.00804542 2.27447e-09
0.00823304 2.27212e-09
0.00842502 2.26978e-09
0.00862149 2.26744e-09
0.00882253 2.26511e-09
0.00902827 2.26278e-09
0.0092388 2.26044e-09
0.00945424 2.25812e-09
0.0096747 2.25579e-09
0.00990031 2.25347e-09
0.0101312 2.25114e-09
0.0103674 2.24882e-09
0.0106092 2.24651e-09
0.0108566 2.24419e-09
0.0111097 2.24188e-09
0.0113688 2.23957e-09
0.0116339 2.23726e-09
0.0119052 2.23496e-09
0.0121828 2.23266e-09
0.0124669 2.23036e-09
0.0127576 2.22806e-09
0.0130551 2.22576e-09
0.0133596 2.22347e-09
0.0136711 2.22118e-09
0.0139899 2.21889e-09
0.0143161 2.21661e-09
0.01465 2.21432e-09
0.0149916 2.21204e-09
0.0153412 2.20976e-09
0.0156989 2.20749e-09
0.016065 2.20521e-09
0.0164396 2.20294e-09
0.016823 2.20067e-09
0.0172153 2.1984e-09
0.0176167 2.19614e-09
0.0180276 2.19388e-09
0.0184479 2.19162e-09
0.0188781 2.18936e-09
0.0193184 2.1871e-09
0.0197688 2.18485e-09
0.0202298 2.1826e-09
0.0207016 2.18035e-09
0.0211843 2.1781e-09
0.0216783 2.17586e-09
0.0221838 2.17362e-09
0.0227011 2.17138e-09
0.0232305 2.16914e-09
0.0237722 2.16691e-09
0.0243266 2.16468e-09
0.0248938 2.16245e-09
0.0254743 2.16022e-09
0.0260684 2.15799e-09
0.0266763 2.15577e-09
0.0272983 2.15355e-09
0.0279349 2.15133e-09
0.0285863 2.14911e-09
0.0292529 2.1469e-09
0.0299351 2.14469e-09
0.0306332 2.14248e-09
0.0313475 2.14027e-09
0.0320785 2.13807e-09
0.0328265 2.13586e-09
0.033592 2.13366e-09
0.0343753 2.13147e-09
0.035177 2.12927e-09
0.0359972 2.12708e-09
0.0368367 2.12488e-09
0.0376957 2.1227e-09
0.0385747 2.12051e-09
0.0394742 2.11832e-09
0.0403947 2.11614e-09
0.0413367 2.11396e-09
0.0423006 2.11178e-09
0.043287 2.10961e-09
0.0442965 2.10744e-09
0.0453294 2.10526e-09
0.0463865 2.1031e-09
0.0474681 2.10093e-09
0.0485751 2.09876e-09
0.0497078 2.0966e-09
0.0508669 2.09444e-09
0.0520531 2.09228e-09
0.0532669 2.09013e-09
0.0545091 2.08798e-09
0.0557802 2.08583e-09
0.0570809 2.08368e-09
0.058412 2.08153e-09
0.0597741 2.07939e-09
0.061168 2.07724e-09
0.0625944 2.0751e-09
0.064054 2.07297e-09
0.0655477 2.07083e-09
0.0670762 2.0687e-09
0.0686404 2.06657e-09
0.070241 2.06444e-09
0.0718789 2.06231e-09
0.0735551 2.06018e-09
0.0752703 2.05806e-09
0.0770256 2.05594e-09
0.0788217 2.05382e-09
0.0806598 2.05171e-09
0.0825407 2.04959e-09
0.0844655 2.04748e-09
0.0864351 2.04537e-09
0.0884507 2.04327e-09
0.0905133 2.04116e-09
0.092624 2.03906e-09
0.0947839 2.03696e-09
0.0969942 2.03486e-09
0.099256 2.03276e-09
0.101571 2.03067e-09
0.103939 2.02858e-09
0.106363 2.02649e-09
0.108843 2.0244e-09
0.111381 2.02231e-09
0.113979 2.02023e-09
0.116636 2.01815e-09
0.119356 2.01607e-09
0.12214 2.01399e-09
0.124988 2.01192e-09
0.127902 2.00985e-09
0.130885 2.00778e-09
0.133937 2.00571e-09
0.13706 2.00364e-09
0.140257 2.00158e-09
0.143527 1.99951e-09
0.146874 1.99745e-09
0.150299 1.9954e-09
0.153804 1.99334e-09
0.15739 1.99129e-09
0.161061 1.98924e-09
0.164816 1.98719e-09
0.16866 1.98514e-09
0.172593 1.98309e-09
0.176618 1.98105e-09
0.180736 1.97901e-09
0.184951 1.97697e-09
0.189264 1.97494e-09
0.193677 1.9729e-09
0.198193 1.97087e-09
0.202815 1.96884e-09
0.207545 1.96681e-09
0.212384 1.96478e-09
0.217337 1.96276e-09
0.222405 1.96074e-09
0.227591 1.95872e-09
0.232899 1.9567e-09
0.23833 1.95468e-09
0.243887 1.95267e-09
0.249574 1.95066e-09
0.255394 1.94865e-09
0.26135 1.94664e-09
0.267444 1.94464e-09
0.273681 1.94263e-09
0.280063 1.94063e-09
0.286594 1.93863e-09
0.293277 1.93663e-09
0.300116 1.93464e-09
0.307114 1.93265e-09
0.314276 1.93066e-09
0.321604 1.92867e-09
0.329104 1.92668e-09
0.336778 1.9247e-09
0.344632 1.92271e-09
0.352668 1.92073e-09
0.360892 1.91875e-09
0.369308 1.91678e-09
0.37792 1.9148e-09
0.386733 1.91283e-09
0.395751 1.91086e-09
0.404979 1.90889e-09
0.414423 1.90692e-09
0.424087 1.90496e-09
0.433976 1.903e-09
0.444096 1.90104e-09
0.454452 1.89908e-09
0.46505 1.89712e-09
0.475894 1.89517e-09
0.486992 1.89321e-09
0.498348 1.89126e-09
0.509969 1.88932e-09
0.521861 1.88737e-09
0.53403 1.88542e-09
0.546483 1.88348e-09
0.559227 1.88154e-09
0.572267 1.8796e-09
0.585612 1.87767e-09
0.599268 1.87573e-09
0.613243 1.8738e-09
0.627543 1.87187e-09
