3.85662e-07 3.32731e-09
6.21017e-07 3.27119e-09
1e-06 3.21602e-09
1.61026e-06 3.16177e-09
2.59294e-06 3.10844e-09
4.17532e-06 3.05601e-09
6.72336e-06 3.00447e-09
1.08264e-05 2.95379e-09
1.74333e-05 2.90397e-09
2.80722e-05 2.85499e-09
4.52035e-05 2.80683e-09
7.27895e-05 2.75949e-09
0.00011721 2.71295e-09
0.000188739 2.66719e-09
0.00030392 2.6222e-09
0.00048939 2.57797e-09
0.000788046 2.53449e-09
0.00126896 2.49174e-09
0.00204336 2.44971e-09
0.00329034 2.40839e-09
0.00529832 2.36777e-09
0.00853168 2.32783e-09
0.0137382 2.28857e-09
0.0221222 2.24997e-09
0.0356225 2.21202e-09
0.0573615 2.17471e-09
0.0923671 2.13803e-09
0.148735 2.10197e-09
0.239503 2.06651e-09
0.385662 2.03166e-09
0.621017 1.99739e-09
1 1.9637e-09
1.61026 1.93058e-09
2.59294 1.89801e-09
