6.74138e-06 2.95082e-09
6.89858e-06 2.94871e-09
7.05944e-06 2.94661e-09
7.22406e-06 2.94451e-09
7.39252e-06 2.9424e-09
7.5649e-06 2.94031e-09
7.7413e-06 2.93821e-09
7.92182e-06 2.93611e-09
8.10655e-06 2.93402e-09
8.29558e-06 2.93192e-09
8.48902e-06 2.92983e-09
8.68698e-06 2.92774e-09
8.88955e-06 2.92565e-09
9.09684e-06 2.92356e-09
9.30896e-06 2.92148e-09
9.52604e-06 2.91939e-09
9.74817e-06 2.91731e-09
9.97549e-06 2.91523e-09
1.02081e-05 2.91315e-09
1.04461e-05 2.91107e-09
1.06897e-05 2.90899e-09
1.0939e-05 2.90692e-09
1.11941e-05 2.90484e-09
1.14551e-05 2.90277e-09
1.17222e-05 2.9007e-09
1.19956e-05 2.89863e-09
1.22753e-05 2.89656e-09
1.25615e-05 2.8945e-09
1.28545e-05 2.89243e-09
1.31542e-05 2.89037e-09
1.3461e-05 2.88831e-09
1.37748e-05 2.88624e-09
1.40961e-05 2.88419e-09
1.44248e-05 2.88213e-09
1.47611e-05 2.88007e-09
1.51053e-05 2.87802e-09
1.54576e-05 2.87596e-09
1.5818e-05 2.87391e-09
1.61869e-05 2.87186e-09
1.65643e-05 2.86981e-09
1.69506e-05 2.86776e-09
1.73459e-05 2.86572e-09
1.77503e-05 2.86367e-09
1.81643e-05 2.86163e-09
1.85878e-05 2.85959e-09
1.90213e-05 2.85755e-09
1.94648e-05 2.85551e-09
1.99187e-05 2.85347e-09
2.03832e-05 2.85144e-09
2.08585e-05 2.8494e-09
2.13449e-05 2.84737e-09
2.18426e-05 2.84534e-09
2.2352e-05 2.84331e-09
2.28732e-05 2.84128e-09
2.34066e-05 2.83925e-09
2.39524e-05 2.83723e-09
2.45109e-05 2.8352e-09
2.50825e-05 2.83318e-09
2.56674e-05 2.83116e-09
2.62659e-05 2.82914e-09
2.68784e-05 2.82712e-09
2.75051e-05 2.8251e-09
2.81465e-05 2.82309e-09
2.88029e-05 2.82107e-09
2.94745e-05 2.81906e-09
3.01618e-05 2.81705e-09
3.08651e-05 2.81504e-09
3.15849e-05 2.81303e-09
3.23214e-05 2.81102e-09
3.30751e-05 2.80902e-09
3.38464e-05 2.80701e-09
3.46356e-05 2.80501e-09
3.54433e-05 2.80301e-09
3.62698e-05 2.80101e-09
3.71155e-05 2.79901e-09
3.7981e-05 2.79701e-09
3.88667e-05 2.79502e-09
3.9773e-05 2.79302e-09
4.07005e-05 2.79103e-09
4.16495e-05 2.78904e-09
4.26207e-05 2.78705e-09
4.36146e-05 2.78506e-09
4.46316e-05 2.78307e-09
4.56724e-05 2.78109e-09
4.67374e-05 2.7791e-09
4.78273e-05 2.77712e-09
4.89425e-05 2.77514e-09
5.00838e-05 2.77316e-09
5.12517e-05 2.77118e-09
5.24468e-05 2.7692e-09
5.36698e-05 2.76723e-09
5.49213e-05 2.76525e-09
5.6202e-05 2.76328e-09
5.75126e-05 2.76131e-09
5.88537e-05 2.75934e-09
6.02261e-05 2.75737e-09
6.16305e-05 2.7554e-09
6.30676e-05 2.75344e-09
6.45383e-05 2.75147e-09
6.60432e-05 2.74951e-09
6.75833e-05 2.74755e-09
6.91592e-05 2.74559e-09
7.07719e-05 2.74363e-09
7.24222e-05 2.74167e-09
7.4111e-05 2.73971e-09
7.58392e-05 2.73776e-09
7.76076e-05 2.73581e-09
7.94174e-05 2.73385e-09
8.12693e-05 2.7319e-09
8.31644e-05 2.72995e-09
8.51036e-05 2.72801e-09
8.70881e-05 2.72606e-09
8.91189e-05 2.72412e-09
9.11971e-05 2.72217e-09
9.33237e-05 2.72023e-09
9.54998e-05 2.71829e-09
9.77268e-05 2.71635e-09
0.000100006 2.71441e-09
0.000102338 2.71247e-09
0.000104724 2.71054e-09
0.000107166 2.70861e-09
0.000109665 2.70667e-09
0.000112222 2.70474e-09
0.000114839 2.70281e-09
0.000117517 2.70088e-09
0.000120257 2.69896e-09
0.000123062 2.69703e-09
0.000125931 2.69511e-09
0.000128868 2.69318e-09
0.000131873 2.69126e-09
0.000134948 2.68934e-09
0.000138095 2.68742e-09
0.000141315 2.68551e-09
0.00014461 2.68359e-09
0.000147982 2.68167e-09
0.000151433 2.67976e-09
0.000154964 2.67785e-09
0.000158578 2.67594e-09
0.000162276 2.67403e-09
0.00016606 2.67212e-09
0.000169932 2.67022e-09
0.000173895 2.66831e-09
0.00017795 2.66641e-09
0.000182099 2.6645e-09
0.000186345 2.6626e-09
0.000190691 2.6607e-09
0.000195137 2.6588e-09
0.000199688 2.65691e-09
0.000204344 2.65501e-09
0.000209109 2.65312e-09
0.000213985 2.65123e-09
0.000218975 2.64933e-09
0.000224082 2.64744e-09
0.000229307 2.64555e-09
0.000234654 2.64367e-09
0.000240126 2.64178e-09
0.000245725 2.6399e-09
0.000251455 2.63801e-09
0.000257319 2.63613e-09
0.000263319 2.63425e-09
0.000269459 2.63237e-09
0.000275743 2.63049e-09
0.000282173 2.62861e-09
0.000288753 2.62674e-09
0.000295486 2.62487e-09
0.000302376 2.62299e-09
0.000309427 2.62112e-09
0.000316643 2.61925e-09
0.000324027 2.61738e-09
0.000331582 2.61551e-09
0.000339314 2.61365e-09
0.000347227 2.61178e-09
0.000355324 2.60992e-09
0.000363609 2.60806e-09
0.000372088 2.6062e-09
0.000380765 2.60434e-09
0.000389644 2.60248e-09
0.00039873 2.60062e-09
0.000408028 2.59877e-09
0.000417542 2.59691e-09
0.000427279 2.59506e-09
0.000437242 2.59321e-09
0.000447438 2.59136e-09
0.000457872 2.58951e-09
0.000468549 2.58766e-09
0.000479475 2.58582e-09
0.000490656 2.58397e-09
0.000502097 2.58213e-09
0.000513805 2.58029e-09
0.000525787 2.57844e-09
0.000538047 2.5766e-09
0.000550594 2.57477e-09
0.000563433 2.57293e-09
0.000576571 2.57109e-09
0.000590016 2.56926e-09
0.000603775 2.56743e-09
0.000617854 2.56559e-09
0.000632262 2.56376e-09
0.000647005 2.56193e-09
0.000662092 2.56011e-09
0.000677532 2.55828e-09
0.000693331 2.55645e-09
0.000709498 2.55463e-09
0.000726043 2.55281e-09
0.000742973 2.55099e-09
0.000760298 2.54917e-09
0.000778027 2.54735e-09
0.00079617 2.54553e-09
0.000814736 2.54371e-09
0.000833734 2.5419e-09
0.000853176 2.54009e-09
0.000873071 2.53827e-09
0.00089343 2.53646e-09
0.000914263 2.53465e-09
0.000935583 2.53284e-09
0.000957399 2.53104e-09
0.000979724 2.52923e-09
0.00100257 2.52743e-09
0.00102595 2.52562e-09
0.00104987 2.52382e-09
0.00107435 2.52202e-09
0.00109941 2.52022e-09
0.00112504 2.51842e-09
0.00115128 2.51663e-09
0.00117812 2.51483e-09
0.0012056 2.51304e-09
0.00123371 2.51124e-09
0.00126248 2.50945e-09
0.00129192 2.50766e-09
0.00132204 2.50587e-09
0.00135287 2.50408e-09
0.00138442 2.5023e-09
0.0014167 2.50051e-09
0.00144974 2.49873e-09
0.00148354 2.49695e-09
0.00151814 2.49516e-09
0.00155354 2.49338e-09
0.00158977 2.4916e-09
0.00162684 2.48983e-09
0.00166477 2.48805e-09
0.00170359 2.48628e-09
0.00174332 2.4845e-09
0.00178397 2.48273e-09
0.00182557 2.48096e-09
0.00186814 2.47919e-09
0.0019117 2.47742e-09
0.00195628 2.47565e-09
0.0020019 2.47388e-09
0.00204858 2.47212e-09
0.00209635 2.47036e-09
0.00214523 2.46859e-09
0.00219526 2.46683e-09
0.00224645 2.46507e-09
0.00229883 2.46331e-09
0.00235244 2.46156e-09
0.00240729 2.4598e-09
0.00246343 2.45804e-09
0.00252087 2.45629e-09
0.00257966 2.45454e-09
0.00263981 2.45279e-09
0.00270137 2.45104e-09
0.00276436 2.44929e-09
0.00282882 2.44754e-09
0.00289479 2.44579e-09
0.00296229 2.44405e-09
0.00303137 2.4423e-09
0.00310205 2.44056e-09
0.00317439 2.43882e-09
0.00324841 2.43708e-09
0.00332416 2.43534e-09
0.00340167 2.4336e-09
0.003481 2.43187e-09
0.00356217 2.43013e-09
0.00364523 2.4284e-09
0.00373024 2.42667e-09
0.00381722 2.42494e-09
0.00390623 2.42321e-09
0.00399732 2.42148e-09
0.00409053 2.41975e-09
0.00418592 2.41802e-09
0.00428353 2.4163e-09
0.00438342 2.41457e-09
0.00448563 2.41285e-09
0.00459023 2.41113e-09
0.00469727 2.40941e-09
0.0048068 2.40769e-09
0.00491889 2.40597e-09
0.00503359 2.40425e-09
0.00515097 2.40254e-09
0.00527108 2.40083e-09
0.005394 2.39911e-09
0.00551978 2.3974e-09
0.00564849 2.39569e-09
0.00578021 2.39398e-09
0.005915 2.39227e-09
0.00605293 2.39057e-09
0.00619407 2.38886e-09
0.00633851 2.38716e-09
0.00648632 2.38545e-09
0.00663757 2.38375e-09
0.00679235 2.38205e-09
0.00695074 2.38035e-09
0.00711282 2.37865e-09
0.00727868 2.37696e-09
0.00744841 2.37526e-09
0.0076221 2.37356e-09
0.00779983 2.37187e-09
0.00798172 2.37018e-09
0.00816784 2.36849e-09
0.0083583 2.3668e-09
0.00855321 2.36511e-09
0.00875266 2.36342e-09
0.00895676 2.36174e-09
0.00916562 2.36005e-09
0.00937935 2.35837e-09
0.00959806 2.35668e-09
0.00982187 2.355e-09
0.0100509 2.35332e-09
0.0102853 2.35164e-09
0.0105251 2.34997e-09
0.0107706 2.34829e-09
0.0110217 2.34661e-09
0.0112787 2.34494e-09
0.0115417 2.34327e-09
0.0118109 2.34159e-09
0.0120863 2.33992e-09
0.0123681 2.33825e-09
0.0126565 2.33659e-09
0.0129517 2.33492e-09
0.0132537 2.33325e-09
0.0135627 2.33159e-09
0.013879 2.32992e-09
0.0142026 2.32826e-09
0.0145338 2.3266e-09
0.0148727 2.32494e-09
0.0152195 2.32328e-09
0.0155744 2.32162e-09
0.0159376 2.31997e-09
0.0163093 2.31831e-09
0.0166896 2.31666e-09
0.0170787 2.31501e-09
0.017477 2.31335e-09
0.0178845 2.3117e-09
0.0183016 2.31005e-09
0.0187284 2.30841e-09
0.0191651 2.30676e-09
0.019612 2.30511e-09
0.0200693 2.30347e-09
0.0205373 2.30182e-09
0.0210162 2.30018e-09
0.0215063 2.29854e-09
0.0220078 2.2969e-09
0.022521 2.29526e-09
0.0230461 2.29362e-09
0.0235835 2.29199e-09
0.0241335 2.29035e-09
0.0246962 2.28872e-09
0.0252721 2.28709e-09
0.0258614 2.28545e-09
0.0264645 2.28382e-09
0.0270816 2.28219e-09
0.0277131 2.28057e-09
0.0283593 2.27894e-09
0.0290206 2.27731e-09
0.0296974 2.27569e-09
0.0303899 2.27406e-09
0.0310985 2.27244e-09
0.0318237 2.27082e-09
0.0325658 2.2692e-09
0.0333252 2.26758e-09
0.0341023 2.26596e-09
0.0348975 2.26435e-09
0.0357112 2.26273e-09
0.036544 2.26112e-09
0.0373961 2.2595e-09
0.0382682 2.25789e-09
0.0391605 2.25628e-09
0.0400737 2.25467e-09
0.0410082 2.25306e-09
0.0419644 2.25145e-09
0.042943 2.24985e-09
0.0439444 2.24824e-09
0.0449691 2.24664e-09
0.0460177 2.24504e-09
0.0470908 2.24343e-09
0.0481889 2.24183e-09
0.0493126 2.24023e-09
0.0504625 2.23864e-09
0.0516392 2.23704e-09
0.0528433 2.23544e-09
0.0540756 2.23385e-09
0.0553366 2.23225e-09
0.0566269 2.23066e-09
0.0579474 2.22907e-09
0.0592987 2.22748e-09
0.0606814 2.22589e-09
0.0620964 2.2243e-09
0.0635444 2.22271e-09
0.0650262 2.22113e-09
0.0665425 2.21954e-09
0.0680942 2.21796e-09
0.0696821 2.21638e-09
0.071307 2.2148e-09
0.0729698 2.21322e-09
0.0746713 2.21164e-09
0.0764126 2.21006e-09
0.0781944 2.20848e-09
0.0800178 2.20691e-09
0.0818837 2.20533e-09
0.0837931 2.20376e-09
0.0857471 2.20219e-09
0.0877466 2.20061e-09
0.0897927 2.19904e-09
0.0918866 2.19748e-09
0.0940292 2.19591e-09
0.0962219 2.19434e-09
0.0984656 2.19278e-09
0.100762 2.19121e-09
0.103111 2.18965e-09
0.105516 2.18809e-09
0.107976 2.18652e-09
0.110494 2.18496e-09
0.113071 2.18341e-09
0.115707 2.18185e-09
0.118406 2.18029e-09
0.121167 2.17874e-09
0.123992 2.17718e-09
0.126883 2.17563e-09
0.129842 2.17408e-09
0.13287 2.17252e-09
0.135968 2.17097e-09
0.139139 2.16942e-09
0.142383 2.16788e-09
0.145704 2.16633e-09
0.149101 2.16478e-09
0.152578 2.16324e-09
0.156136 2.1617e-09
0.159777 2.16015e-09
0.163503 2.15861e-09
0.167315 2.15707e-09
0.171217 2.15553e-09
0.175209 2.154e-09
0.179295 2.15246e-09
0.183476 2.15092e-09
0.187754 2.14939e-09
0.192133 2.14786e-09
0.196613 2.14632e-09
0.201198 2.14479e-09
0.205889 2.14326e-09
0.21069 2.14173e-09
0.215603 2.1402e-09
0.220631 2.13868e-09
0.225776 2.13715e-09
0.231041 2.13563e-09
0.236428 2.1341e-09
0.241941 2.13258e-09
0.247583 2.13106e-09
0.253356 2.12954e-09
0.259264 2.12802e-09
0.26531 2.1265e-09
0.271497 2.12498e-09
0.277828 2.12347e-09
0.284306 2.12195e-09
0.290936 2.12044e-09
0.29772 2.11892e-09
0.304663 2.11741e-09
0.311767 2.1159e-09
0.319037 2.11439e-09
0.326476 2.11288e-09
0.334089 2.11138e-09
0.34188 2.10987e-09
0.349852 2.10836e-09
0.35801 2.10686e-09
0.366358 2.10536e-09
0.374901 2.10386e-09
0.383644 2.10235e-09
0.39259 2.10085e-09
0.401744 2.09936e-09
0.411113 2.09786e-09
0.420699 2.09636e-09
0.430509 2.09486e-09
0.440548 2.09337e-09
0.450821 2.09188e-09
0.461334 2.09038e-09
0.472092 2.08889e-09
0.4831 2.0874e-09
0.494365 2.08591e-09
0.505893 2.08442e-09
0.51769 2.08294e-09
0.529762 2.08145e-09
0.542115 2.07997e-09
0.554757 2.07848e-09
0.567693 2.077e-09
0.580931 2.07552e-09
0.594477 2.07404e-09
0.60834 2.07256e-09
0.622525 2.07108e-09
