3.85662e-07 2.46398e-09
6.21017e-07 2.45817e-09
1e-06 2.45238e-09
1.61026e-06 2.4466e-09
2.59294e-06 2.44083e-09
4.17532e-06 2.43508e-09
6.72336e-06 2.42934e-09
1.08264e-05 2.42361e-09
1.74333e-05 2.4179e-09
2.80722e-05 2.4122e-09
4.52035e-05 2.40652e-09
7.27895e-05 2.40085e-09
0.00011721 2.39519e-09
0.000188739 2.38954e-09
0.00030392 2.38391e-09
0.00048939 2.37829e-09
0.000788046 2.37269e-09
0.00126896 2.36709e-09
0.00204336 2.36152e-09
0.00329034 2.35595e-09
0.00529832 2.3504e-09
0.00853168 2.34486e-09
0.0137382 2.33933e-09
0.0221222 2.33382e-09
0.0356225 2.32832e-09
0.0573615 2.32283e-09
0.0923671 2.31736e-09
0.148735 2.31189e-09
0.239503 2.30645e-09
0.385662 2.30101e-09
0.621017 2.29559e-09
1 2.29018e-09
1.61026 2.28478e-09
2.59294 2.27939e-09
