6.91531e-06 2.19543e-09
7.07669e-06 2.19548e-09
7.24184e-06 2.19553e-09
7.41084e-06 2.19558e-09
7.58378e-06 2.19563e-09
7.76076e-06 2.19568e-09
7.94187e-06 2.19573e-09
8.1272e-06 2.19578e-09
8.31686e-06 2.19584e-09
8.51095e-06 2.19589e-09
8.70956e-06 2.19594e-09
8.91282e-06 2.19599e-09
9.12081e-06 2.19604e-09
9.33366e-06 2.19609e-09
9.55147e-06 2.19614e-09
9.77437e-06 2.1962e-09
1.00025e-05 2.19625e-09
1.02359e-05 2.1963e-09
1.04748e-05 2.19635e-09
1.07192e-05 2.1964e-09
1.09694e-05 2.19645e-09
1.12253e-05 2.1965e-09
1.14873e-05 2.19655e-09
1.17554e-05 2.19661e-09
1.20297e-05 2.19666e-09
1.23104e-05 2.19671e-09
1.25977e-05 2.19676e-09
1.28917e-05 2.19681e-09
1.31925e-05 2.19686e-09
1.35004e-05 2.19691e-09
1.38155e-05 2.19696e-09
1.41379e-05 2.19702e-09
1.44678e-05 2.19707e-09
1.48054e-05 2.19712e-09
1.51509e-05 2.19717e-09
1.55045e-05 2.19722e-09
1.58663e-05 2.19727e-09
1.62366e-05 2.19732e-09
1.66155e-05 2.19738e-09
1.70032e-05 2.19743e-09
1.74e-05 2.19748e-09
1.78061e-05 2.19753e-09
1.82216e-05 2.19758e-09
1.86468e-05 2.19763e-09
1.9082e-05 2.19768e-09
1.95273e-05 2.19773e-09
1.9983e-05 2.19779e-09
2.04493e-05 2.19784e-09
2.09265e-05 2.19789e-09
2.14149e-05 2.19794e-09
2.19146e-05 2.19799e-09
2.24261e-05 2.19804e-09
2.29494e-05 2.19809e-09
2.3485e-05 2.19815e-09
2.4033e-05 2.1982e-09
2.45939e-05 2.19825e-09
2.51678e-05 2.1983e-09
2.57551e-05 2.19835e-09
2.63562e-05 2.1984e-09
2.69712e-05 2.19845e-09
2.76006e-05 2.1985e-09
2.82447e-05 2.19856e-09
2.89039e-05 2.19861e-09
2.95784e-05 2.19866e-09
3.02686e-05 2.19871e-09
3.0975e-05 2.19876e-09
3.16978e-05 2.19881e-09
3.24376e-05 2.19886e-09
3.31945e-05 2.19892e-09
3.39692e-05 2.19897e-09
3.47619e-05 2.19902e-09
3.55731e-05 2.19907e-09
3.64033e-05 2.19912e-09
3.72528e-05 2.19917e-09
3.81221e-05 2.19922e-09
3.90118e-05 2.19928e-09
3.99222e-05 2.19933e-09
4.08538e-05 2.19938e-09
4.18072e-05 2.19943e-09
4.27828e-05 2.19948e-09
4.37812e-05 2.19953e-09
4.48029e-05 2.19958e-09
4.58485e-05 2.19963e-09
4.69184e-05 2.19969e-09
4.80133e-05 2.19974e-09
4.91338e-05 2.19979e-09
5.02804e-05 2.19984e-09
5.14538e-05 2.19989e-09
5.26545e-05 2.19994e-09
5.38833e-05 2.19999e-09
5.51407e-05 2.20005e-09
5.64275e-05 2.2001e-09
5.77443e-05 2.20015e-09
5.90919e-05 2.2002e-09
6.04709e-05 2.20025e-09
6.1882e-05 2.2003e-09
6.33261e-05 2.20035e-09
6.4804e-05 2.20041e-09
6.63163e-05 2.20046e-09
6.78638e-05 2.20051e-09
6.94475e-05 2.20056e-09
7.10682e-05 2.20061e-09
7.27267e-05 2.20066e-09
7.44239e-05 2.20071e-09
7.61607e-05 2.20077e-09
7.7938e-05 2.20082e-09
7.97568e-05 2.20087e-09
8.1618e-05 2.20092e-09
8.35227e-05 2.20097e-09
8.54718e-05 2.20102e-09
8.74664e-05 2.20107e-09
8.95076e-05 2.20113e-09
9.15964e-05 2.20118e-09
9.37339e-05 2.20123e-09
9.59213e-05 2.20128e-09
9.81598e-05 2.20133e-09
0.00010045 2.20138e-09
0.000102795 2.20143e-09
0.000105194 2.20149e-09
0.000107648 2.20154e-09
0.00011016 2.20159e-09
0.000112731 2.20164e-09
0.000115362 2.20169e-09
0.000118054 2.20174e-09
0.000120809 2.20179e-09
0.000123628 2.20185e-09
0.000126513 2.2019e-09
0.000129466 2.20195e-09
0.000132487 2.202e-09
0.000135579 2.20205e-09
0.000138743 2.2021e-09
0.000141981 2.20215e-09
0.000145294 2.20221e-09
0.000148685 2.20226e-09
0.000152154 2.20231e-09
0.000155705 2.20236e-09
0.000159339 2.20241e-09
0.000163057 2.20246e-09
0.000166862 2.20251e-09
0.000170756 2.20257e-09
0.000174741 2.20262e-09
0.000178819 2.20267e-09
0.000182992 2.20272e-09
0.000187262 2.20277e-09
0.000191632 2.20282e-09
0.000196104 2.20287e-09
0.000200681 2.20293e-09
0.000205364 2.20298e-09
0.000210156 2.20303e-09
0.000215061 2.20308e-09
0.000220079 2.20313e-09
0.000225215 2.20318e-09
0.000230471 2.20323e-09
0.000235849 2.20329e-09
0.000241353 2.20334e-09
0.000246986 2.20339e-09
0.000252749 2.20344e-09
0.000258648 2.20349e-09
0.000264684 2.20354e-09
0.00027086 2.20359e-09
0.000277181 2.20365e-09
0.00028365 2.2037e-09
0.000290269 2.20375e-09
0.000297043 2.2038e-09
0.000303975 2.20385e-09
0.000311069 2.2039e-09
0.000318328 2.20395e-09
0.000325756 2.20401e-09
0.000333358 2.20406e-09
0.000341138 2.20411e-09
0.000349099 2.20416e-09
0.000357246 2.20421e-09
0.000365582 2.20426e-09
0.000374114 2.20431e-09
0.000382844 2.20437e-09
0.000391778 2.20442e-09
0.000400921 2.20447e-09
0.000410277 2.20452e-09
0.000419852 2.20457e-09
0.00042965 2.20462e-09
0.000439676 2.20468e-09
0.000449937 2.20473e-09
0.000460436 2.20478e-09
0.000471181 2.20483e-09
0.000482177 2.20488e-09
0.000493429 2.20493e-09
0.000504944 2.20498e-09
0.000516728 2.20504e-09
0.000528787 2.20509e-09
0.000541127 2.20514e-09
0.000553755 2.20519e-09
0.000566677 2.20524e-09
0.000579901 2.20529e-09
0.000593434 2.20534e-09
0.000607283 2.2054e-09
0.000621455 2.20545e-09
0.000635957 2.2055e-09
0.000650798 2.20555e-09
0.000665986 2.2056e-09
0.000681527 2.20565e-09
0.000697432 2.20571e-09
0.000713707 2.20576e-09
0.000730363 2.20581e-09
0.000747407 2.20586e-09
0.000764849 2.20591e-09
0.000782698 2.20596e-09
0.000800963 2.20601e-09
0.000819655 2.20607e-09
0.000838783 2.20612e-09
0.000858357 2.20617e-09
0.000878388 2.20622e-09
0.000898886 2.20627e-09
0.000919863 2.20632e-09
0.000941329 2.20638e-09
0.000963297 2.20643e-09
0.000985777 2.20648e-09
0.00100878 2.20653e-09
0.00103232 2.20658e-09
0.00105641 2.20663e-09
0.00108107 2.20668e-09
0.00110629 2.20674e-09
0.00113211 2.20679e-09
0.00115853 2.20684e-09
0.00118557 2.20689e-09
0.00121323 2.20694e-09
0.00124155 2.20699e-09
0.00127052 2.20705e-09
0.00130017 2.2071e-09
0.00133051 2.20715e-09
0.00136156 2.2072e-09
0.00139333 2.20725e-09
0.00142585 2.2073e-09
0.00145912 2.20735e-09
0.00149317 2.20741e-09
0.00152802 2.20746e-09
0.00156368 2.20751e-09
0.00160017 2.20756e-09
0.00163751 2.20761e-09
0.00167573 2.20766e-09
0.00171483 2.20772e-09
0.00175485 2.20777e-09
0.0017958 2.20782e-09
0.00183771 2.20787e-09
0.00188059 2.20792e-09
0.00192448 2.20797e-09
0.00196939 2.20803e-09
0.00201535 2.20808e-09
0.00206238 2.20813e-09
0.00211051 2.20818e-09
0.00215976 2.20823e-09
0.00221016 2.20828e-09
0.00226174 2.20833e-09
0.00231452 2.20839e-09
0.00236853 2.20844e-09
0.00242381 2.20849e-09
0.00248037 2.20854e-09
0.00253825 2.20859e-09
0.00259749 2.20864e-09
0.0026581 2.2087e-09
0.00272013 2.20875e-09
0.00278361 2.2088e-09
0.00284857 2.20885e-09
0.00291505 2.2089e-09
0.00298307 2.20895e-09
0.00305269 2.20901e-09
0.00312393 2.20906e-09
0.00319683 2.20911e-09
0.00327143 2.20916e-09
0.00334778 2.20921e-09
0.0034259 2.20926e-09
0.00350585 2.20931e-09
0.00358766 2.20937e-09
0.00367139 2.20942e-09
0.00375706 2.20947e-09
0.00384474 2.20952e-09
0.00393446 2.20957e-09
0.00402628 2.20962e-09
0.00412024 2.20968e-09
0.00421639 2.20973e-09
0.00431479 2.20978e-09
0.00441548 2.20983e-09
0.00451852 2.20988e-09
0.00462397 2.20993e-09
0.00473187 2.20999e-09
0.0048423 2.21004e-09
0.0049553 2.21009e-09
0.00507094 2.21014e-09
0.00518928 2.21019e-09
0.00531038 2.21024e-09
0.0054343 2.2103e-09
0.00556112 2.21035e-09
0.0056909 2.2104e-09
0.0058237 2.21045e-09
0.00595961 2.2105e-09
0.00609868 2.21055e-09
0.006241 2.21061e-09
0.00638665 2.21066e-09
0.00653569 2.21071e-09
0.00668821 2.21076e-09
0.00684429 2.21081e-09
0.00700401 2.21086e-09
0.00716746 2.21092e-09
0.00733472 2.21097e-09
0.00750589 2.21102e-09
0.00768105 2.21107e-09
0.0078603 2.21112e-09
0.00804373 2.21117e-09
0.00823144 2.21122e-09
0.00842353 2.21128e-09
0.00862011 2.21133e-09
0.00882127 2.21138e-09
0.00902713 2.21143e-09
0.00923779 2.21148e-09
0.00945337 2.21153e-09
0.00967398 2.21159e-09
0.00989973 2.21164e-09
0.0101308 2.21169e-09
0.0103672 2.21174e-09
0.0106091 2.21179e-09
0.0108567 2.21184e-09
0.01111 2.2119e-09
0.0113693 2.21195e-09
0.0116346 2.212e-09
0.0119061 2.21205e-09
0.012184 2.2121e-09
0.0124683 2.21215e-09
0.0127593 2.21221e-09
0.013057 2.21226e-09
0.0133617 2.21231e-09
0.0136736 2.21236e-09
0.0139927 2.21241e-09
0.0143192 2.21246e-09
0.0146534 2.21252e-09
0.0149953 2.21257e-09
0.0153453 2.21262e-09
0.0157034 2.21267e-09
0.0160698 2.21272e-09
0.0164448 2.21277e-09
0.0168286 2.21283e-09
0.0172213 2.21288e-09
0.0176232 2.21293e-09
0.0180345 2.21298e-09
0.0184553 2.21303e-09
0.018886 2.21308e-09
0.0193267 2.21314e-09
0.0197778 2.21319e-09
0.0202393 2.21324e-09
0.0207116 2.21329e-09
0.0211949 2.21334e-09
0.0216896 2.2134e-09
0.0221957 2.21345e-09
0.0227137 2.2135e-09
0.0232437 2.21355e-09
0.0237862 2.2136e-09
0.0243413 2.21365e-09
0.0249093 2.21371e-09
0.0254906 2.21376e-09
0.0260854 2.21381e-09
0.0266942 2.21386e-09
0.0273171 2.21391e-09
0.0279546 2.21396e-09
0.028607 2.21402e-09
0.0292746 2.21407e-09
0.0299577 2.21412e-09
0.0306568 2.21417e-09
0.0313723 2.21422e-09
0.0321044 2.21427e-09
0.0328536 2.21433e-09
0.0336203 2.21438e-09
0.0344049 2.21443e-09
0.0352077 2.21448e-09
0.0360294 2.21453e-09
0.0368702 2.21458e-09
0.0377306 2.21464e-09
0.0386111 2.21469e-09
0.0395121 2.21474e-09
0.0404342 2.21479e-09
0.0413778 2.21484e-09
0.0423434 2.21489e-09
0.0433315 2.21495e-09
0.0443428 2.215e-09
0.0453776 2.21505e-09
0.0464365 2.2151e-09
0.0475202 2.21515e-09
0.0486291 2.21521e-09
0.049764 2.21526e-09
0.0509253 2.21531e-09
0.0521137 2.21536e-09
0.0533298 2.21541e-09
0.0545744 2.21546e-09
0.0558479 2.21552e-09
0.0571512 2.21557e-09
0.0584849 2.21562e-09
0.0598498 2.21567e-09
0.0612465 2.21572e-09
0.0626757 2.21577e-09
0.0641384 2.21583e-09
0.0656351 2.21588e-09
0.0671668 2.21593e-09
0.0687342 2.21598e-09
0.0703383 2.21603e-09
0.0719797 2.21609e-09
0.0736595 2.21614e-09
0.0753784 2.21619e-09
0.0771375 2.21624e-09
0.0789376 2.21629e-09
0.0807797 2.21634e-09
0.0826648 2.2164e-09
0.0845939 2.21645e-09
0.0865681 2.2165e-09
0.0885882 2.21655e-09
0.0906556 2.2166e-09
0.0927712 2.21665e-09
0.0949361 2.21671e-09
0.0971516 2.21676e-09
0.0994188 2.21681e-09
0.101739 2.21686e-09
0.104113 2.21691e-09
0.106543 2.21697e-09
0.109029 2.21702e-09
0.111573 2.21707e-09
0.114177 2.21712e-09
0.116842 2.21717e-09
0.119568 2.21722e-09
0.122359 2.21728e-09
0.125214 2.21733e-09
0.128136 2.21738e-09
0.131126 2.21743e-09
0.134186 2.21748e-09
0.137318 2.21753e-09
0.140522 2.21759e-09
0.143802 2.21764e-09
0.147157 2.21769e-09
0.150591 2.21774e-09
0.154106 2.21779e-09
0.157702 2.21785e-09
0.161382 2.2179e-09
0.165148 2.21795e-09
0.169002 2.218e-09
0.172946 2.21805e-09
0.176982 2.2181e-09
0.181112 2.21816e-09
0.185339 2.21821e-09
0.189664 2.21826e-09
0.19409 2.21831e-09
0.198619 2.21836e-09
0.203255 2.21842e-09
0.207998 2.21847e-09
0.212852 2.21852e-09
0.217819 2.21857e-09
0.222902 2.21862e-09
0.228104 2.21867e-09
0.233427 2.21873e-09
0.238874 2.21878e-09
0.244449 2.21883e-09
0.250153 2.21888e-09
0.255991 2.21893e-09
0.261965 2.21899e-09
0.268078 2.21904e-09
0.274334 2.21909e-09
0.280736 2.21914e-09
0.287288 2.21919e-09
0.293992 2.21924e-09
0.300853 2.2193e-09
0.307874 2.21935e-09
0.315058 2.2194e-09
0.322411 2.21945e-09
0.329934 2.2195e-09
0.337634 2.21956e-09
0.345513 2.21961e-09
0.353576 2.21966e-09
0.361827 2.21971e-09
0.370271 2.21976e-09
0.378912 2.21981e-09
0.387755 2.21987e-09
0.396803 2.21992e-09
0.406063 2.21997e-09
0.415539 2.22002e-09
0.425237 2.22007e-09
0.43516 2.22013e-09
0.445315 2.22018e-09
0.455707 2.22023e-09
0.466342 2.22028e-09
0.477225 2.22033e-09
0.488361 2.22039e-09
0.499758 2.22044e-09
0.511421 2.22049e-09
0.523355 2.22054e-09
0.535569 2.22059e-09
0.548067 2.22064e-09
0.560857 2.2207e-09
0.573945 2.22075e-09
0.587339 2.2208e-09
0.601046 2.22085e-09
0.615072 2.2209e-09
0.629425 2.22096e-09
0.644114 2.22101e-09
0.659145 2.22106e-09
0.674527 2.22111e-09
0.690269 2.22116e-09
0.706377 2.22122e-09
0.722861 2.22127e-09
0.73973 2.22132e-09
0.756993 2.22137e-09
0.774659 2.22142e-09
0.792736 2.22147e-09
0.811236 2.22153e-09
0.830167 2.22158e-09
0.849541 2.22163e-09
0.869366 2.22168e-09
0.889654 2.22173e-09
0.910415 2.22179e-09
