9.54919e-07 3.65007e-09
9.772e-07 3.64679e-09
1e-06 3.64352e-09
1.02333e-06 3.64024e-09
1.04721e-06 3.63697e-09
1.07164e-06 3.63371e-09
1.09665e-06 3.63044e-09
1.12223e-06 3.62718e-09
1.14842e-06 3.62392e-09
1.17521e-06 3.62066e-09
1.20263e-06 3.61741e-09
1.23069e-06 3.61416e-09
1.25941e-06 3.61091e-09
1.28879e-06 3.60767e-09
1.31886e-06 3.60443e-09
1.34964e-06 3.60119e-09
1.38113e-06 3.59795e-09
1.41335e-06 3.59472e-09
1.44633e-06 3.59149e-09
1.48008e-06 3.58826e-09
1.51461e-06 3.58504e-09
1.54995e-06 3.58182e-09
1.58611e-06 3.5786e-09
1.62312e-06 3.57539e-09
1.66099e-06 3.57217e-09
1.69975e-06 3.56896e-09
1.7394e-06 3.56576e-09
1.77999e-06 3.56255e-09
1.82152e-06 3.55935e-09
1.86402e-06 3.55615e-09
1.90751e-06 3.55296e-09
1.95202e-06 3.54977e-09
1.99756e-06 3.54658e-09
2.04417e-06 3.54339e-09
2.09187e-06 3.54021e-09
2.14068e-06 3.53703e-09
2.19062e-06 3.53385e-09
2.24174e-06 3.53067e-09
2.29404e-06 3.5275e-09
2.34757e-06 3.52433e-09
2.40234e-06 3.52117e-09
2.45839e-06 3.518e-09
2.51575e-06 3.51484e-09
2.57445e-06 3.51168e-09
2.63452e-06 3.50853e-09
2.69599e-06 3.50538e-09
2.75889e-06 3.50223e-09
2.82326e-06 3.49908e-09
2.88914e-06 3.49594e-09
2.95655e-06 3.49279e-09
3.02553e-06 3.48966e-09
3.09612e-06 3.48652e-09
3.16836e-06 3.48339e-09
3.24229e-06 3.48026e-09
3.31794e-06 3.47713e-09
3.39535e-06 3.47401e-09
3.47457e-06 3.47089e-09
3.55564e-06 3.46777e-09
3.6386e-06 3.46465e-09
3.7235e-06 3.46154e-09
3.81038e-06 3.45843e-09
3.89928e-06 3.45532e-09
3.99026e-06 3.45222e-09
4.08337e-06 3.44912e-09
4.17864e-06 3.44602e-09
4.27614e-06 3.44292e-09
4.37591e-06 3.43983e-09
4.47801e-06 3.43674e-09
4.58249e-06 3.43365e-09
4.68941e-06 3.43056e-09
4.79883e-06 3.42748e-09
4.9108e-06 3.4244e-09
5.02538e-06 3.42133e-09
5.14263e-06 3.41825e-09
5.26262e-06 3.41518e-09
5.38541e-06 3.41211e-09
5.51106e-06 3.40905e-09
5.63965e-06 3.40598e-09
5.77124e-06 3.40292e-09
5.90589e-06 3.39987e-09
6.04369e-06 3.39681e-09
6.1847e-06 3.39376e-09
6.32901e-06 3.39071e-09
6.47668e-06 3.38766e-09
6.62779e-06 3.38462e-09
6.78244e-06 3.38158e-09
6.94069e-06 3.37854e-09
7.10263e-06 3.37551e-09
7.26835e-06 3.37247e-09
7.43794e-06 3.36944e-09
7.61148e-06 3.36641e-09
7.78907e-06 3.36339e-09
7.97081e-06 3.36037e-09
8.15679e-06 3.35735e-09
8.34711e-06 3.35433e-09
8.54186e-06 3.35132e-09
8.74116e-06 3.34831e-09
8.94512e-06 3.3453e-09
9.15383e-06 3.34229e-09
9.36741e-06 3.33929e-09
9.58597e-06 3.33629e-09
9.80963e-06 3.33329e-09
1.00385e-05 3.3303e-09
1.02727e-05 3.32731e-09
1.05124e-05 3.32432e-09
1.07577e-05 3.32133e-09
1.10087e-05 3.31835e-09
1.12656e-05 3.31536e-09
1.15284e-05 3.31239e-09
1.17974e-05 3.30941e-09
1.20727e-05 3.30644e-09
1.23543e-05 3.30346e-09
1.26426e-05 3.3005e-09
1.29376e-05 3.29753e-09
1.32394e-05 3.29457e-09
1.35484e-05 3.29161e-09
1.38645e-05 3.28865e-09
1.4188e-05 3.2857e-09
1.4519e-05 3.28274e-09
1.48578e-05 3.27979e-09
1.52044e-05 3.27685e-09
1.55592e-05 3.2739e-09
1.59222e-05 3.27096e-09
1.62937e-05 3.26802e-09
1.66739e-05 3.26509e-09
1.70629e-05 3.26215e-09
1.7461e-05 3.25922e-09
1.78684e-05 3.25629e-09
1.82854e-05 3.25337e-09
1.8712e-05 3.25045e-09
1.91486e-05 3.24753e-09
1.95954e-05 3.24461e-09
2.00526e-05 3.24169e-09
2.05205e-05 3.23878e-09
2.09992e-05 3.23587e-09
2.14892e-05 3.23296e-09
2.19906e-05 3.23006e-09
2.25037e-05 3.22716e-09
2.30288e-05 3.22426e-09
2.35661e-05 3.22136e-09
2.41159e-05 3.21846e-09
2.46786e-05 3.21557e-09
2.52544e-05 3.21268e-09
2.58437e-05 3.2098e-09
2.64466e-05 3.20691e-09
2.70637e-05 3.20403e-09
2.76952e-05 3.20115e-09
2.83414e-05 3.19828e-09
2.90026e-05 3.1954e-09
2.96793e-05 3.19253e-09
3.03718e-05 3.18966e-09
3.10805e-05 3.1868e-09
3.18056e-05 3.18394e-09
3.25477e-05 3.18107e-09
3.33072e-05 3.17822e-09
3.40843e-05 3.17536e-09
3.48796e-05 3.17251e-09
3.56934e-05 3.16966e-09
3.65262e-05 3.16681e-09
3.73784e-05 3.16396e-09
3.82506e-05 3.16112e-09
3.9143e-05 3.15828e-09
4.00563e-05 3.15544e-09
4.09909e-05 3.15261e-09
4.19473e-05 3.14978e-09
4.29261e-05 3.14695e-09
4.39276e-05 3.14412e-09
4.49526e-05 3.14129e-09
4.60014e-05 3.13847e-09
4.70747e-05 3.13565e-09
4.81731e-05 3.13283e-09
4.92971e-05 3.13002e-09
5.04473e-05 3.12721e-09
5.16244e-05 3.1244e-09
5.28289e-05 3.12159e-09
5.40615e-05 3.11879e-09
5.53229e-05 3.11598e-09
5.66137e-05 3.11318e-09
5.79346e-05 3.11039e-09
5.92864e-05 3.10759e-09
6.06697e-05 3.1048e-09
6.20852e-05 3.10201e-09
6.35338e-05 3.09922e-09
6.50162e-05 3.09644e-09
6.65332e-05 3.09366e-09
6.80856e-05 3.09088e-09
6.96742e-05 3.0881e-09
7.12998e-05 3.08533e-09
7.29634e-05 3.08255e-09
7.46658e-05 3.07978e-09
7.6408e-05 3.07702e-09
7.81907e-05 3.07425e-09
8.00151e-05 3.07149e-09
8.1882e-05 3.06873e-09
8.37925e-05 3.06597e-09
8.57476e-05 3.06322e-09
8.77483e-05 3.06047e-09
8.97957e-05 3.05772e-09
9.18908e-05 3.05497e-09
9.40348e-05 3.05222e-09
9.62289e-05 3.04948e-09
9.84741e-05 3.04674e-09
0.000100772 3.04401e-09
0.000103123 3.04127e-09
0.000105529 3.03854e-09
0.000107991 3.03581e-09
0.000110511 3.03308e-09
0.00011309 3.03035e-09
0.000115728 3.02763e-09
0.000118428 3.02491e-09
0.000121192 3.02391e-09
0.000124019 3.02354e-09
0.000126913 3.02318e-09
0.000129874 3.02281e-09
0.000132904 3.02245e-09
0.000136005 3.02208e-09
0.000139179 3.02172e-09
0.000142426 3.02136e-09
0.000145749 3.02099e-09
0.00014915 3.02063e-09
0.00015263 3.02026e-09
0.000156191 3.0199e-09
0.000159835 3.01954e-09
0.000163565 3.01917e-09
0.000167381 3.01881e-09
0.000171286 3.01845e-09
0.000175283 3.01808e-09
0.000179373 3.01772e-09
0.000183558 3.01735e-09
0.000187841 3.01699e-09
0.000192223 3.01663e-09
0.000196708 3.01626e-09
0.000201298 3.0159e-09
0.000205995 3.01554e-09
0.000210801 3.01517e-09
0.00021572 3.01481e-09
0.000220753 3.01445e-09
0.000225904 3.01408e-09
0.000231174 3.01372e-09
0.000236568 3.01336e-09
0.000242088 3.01299e-09
0.000247736 3.01263e-09
0.000253517 3.01227e-09
0.000259432 3.01191e-09
0.000265485 3.01154e-09
0.000271679 3.01118e-09
0.000278018 3.01082e-09
0.000284505 3.01045e-09
0.000291143 3.01009e-09
0.000297936 3.00973e-09
0.000304888 3.00937e-09
0.000312002 3.009e-09
0.000319281 3.00864e-09
0.000326731 3.00828e-09
0.000334354 3.00792e-09
0.000342156 3.00755e-09
0.000350139 3.00719e-09
0.000358308 3.00683e-09
0.000366669 3.00647e-09
0.000375224 3.0061e-09
0.000383979 3.00574e-09
0.000392938 3.00538e-09
0.000402106 3.00502e-09
0.000411488 3.00466e-09
0.000421089 3.00429e-09
0.000430914 3.00393e-09
0.000440968 3.00357e-09
0.000451257 3.00321e-09
0.000461786 3.00285e-09
0.000472561 3.00248e-09
0.000483586 3.00212e-09
0.00049487 3.00176e-09
0.000506416 3.0014e-09
0.000518232 3.00104e-09
0.000530324 3.00068e-09
0.000542697 3.00031e-09
0.00055536 2.99995e-09
0.000568317 2.99959e-09
0.000581578 2.99923e-09
0.000595147 2.99887e-09
0.000609033 2.99851e-09
0.000623244 2.99815e-09
0.000637785 2.99778e-09
0.000652666 2.99742e-09
0.000667894 2.99706e-09
0.000683478 2.9967e-09
0.000699425 2.99634e-09
0.000715744 2.99598e-09
0.000732444 2.99562e-09
0.000749534 2.99526e-09
0.000767022 2.9949e-09
0.000784919 2.99453e-09
0.000803233 2.99417e-09
0.000821974 2.99381e-09
0.000841153 2.99345e-09
0.000860779 2.99309e-09
0.000880863 2.99273e-09
0.000901415 2.99237e-09
0.000922447 2.99201e-09
0.00094397 2.99165e-09
0.000965995 2.99129e-09
0.000988534 2.99093e-09
0.0010116 2.99057e-09
0.0010352 2.99021e-09
0.00105936 2.98985e-09
0.00108407 2.98949e-09
0.00110937 2.98913e-09
0.00113525 2.98877e-09
0.00116174 2.98841e-09
0.00118884 2.98805e-09
0.00121658 2.98769e-09
0.00124497 2.98733e-09
0.00127402 2.98697e-09
0.00130374 2.98661e-09
0.00133416 2.98625e-09
0.00136529 2.98589e-09
0.00139715 2.98553e-09
0.00142975 2.98517e-09
0.0014631 2.98481e-09
0.00149724 2.98445e-09
0.00153218 2.98409e-09
0.00156793 2.98373e-09
0.00160451 2.98337e-09
0.00164195 2.98301e-09
0.00168026 2.98265e-09
0.00171946 2.98229e-09
0.00175958 2.98193e-09
0.00180064 2.98157e-09
0.00184265 2.98121e-09
0.00188564 2.98085e-09
0.00192964 2.98049e-09
0.00197466 2.98014e-09
0.00202073 2.97978e-09
0.00206788 2.97942e-09
0.00211613 2.97906e-09
0.00216551 2.9787e-09
0.00221603 2.97834e-09
0.00226774 2.97798e-09
0.00232065 2.97762e-09
0.00237479 2.97726e-09
0.0024302 2.9769e-09
0.00248691 2.97655e-09
0.00254493 2.97619e-09
0.00260431 2.97583e-09
0.00266508 2.97547e-09
0.00272726 2.97511e-09
0.00279089 2.97475e-09
0.00285601 2.97439e-09
0.00292265 2.97404e-09
0.00299084 2.97368e-09
0.00306062 2.97332e-09
0.00313203 2.97296e-09
0.00320511 2.9726e-09
0.00327989 2.97225e-09
0.00335642 2.97189e-09
0.00343473 2.97153e-09
0.00351487 2.97117e-09
0.00359688 2.97081e-09
0.00368081 2.97045e-09
0.00376669 2.9701e-09
0.00385458 2.96974e-09
0.00394451 2.96938e-09
0.00403655 2.96902e-09
0.00413073 2.96867e-09
0.00422711 2.96831e-09
0.00432574 2.96795e-09
0.00442667 2.96759e-09
0.00452995 2.96724e-09
0.00463565 2.96688e-09
0.00474381 2.96652e-09
0.00485449 2.96616e-09
0.00496776 2.96581e-09
0.00508367 2.96545e-09
0.00520228 2.96509e-09
0.00532366 2.96473e-09
0.00544787 2.96438e-09
0.00557499 2.96402e-09
0.00570506 2.96366e-09
0.00583818 2.9633e-09
0.00597439 2.96295e-09
0.00611379 2.96259e-09
0.00625644 2.96223e-09
0.00640242 2.96188e-09
0.0065518 2.96152e-09
0.00670467 2.96116e-09
0.0068611 2.96081e-09
0.00702119 2.96045e-09
0.00718501 2.96009e-09
0.00735265 2.95974e-09
0.00752421 2.95938e-09
0.00769976 2.95902e-09
0.00787942 2.95867e-09
0.00806326 2.95831e-09
0.0082514 2.95795e-09
0.00844392 2.9576e-09
0.00864094 2.95724e-09
0.00884255 2.95688e-09
0.00904887 2.95653e-09
0.00926 2.95617e-09
0.00947606 2.95582e-09
0.00969716 2.95546e-09
0.00992341 2.9551e-09
0.010155 2.95475e-09
0.0103919 2.95439e-09
0.0106344 2.95403e-09
0.0108825 2.95368e-09
0.0111364 2.95332e-09
0.0113962 2.95297e-09
0.0116621 2.95261e-09
0.0119342 2.95226e-09
0.0122127 2.9519e-09
0.0124976 2.95154e-09
0.0127892 2.95119e-09
0.0130876 2.95083e-09
0.013393 2.95048e-09
0.0137055 2.95012e-09
0.0140253 2.94977e-09
0.0143525 2.94941e-09
0.0146874 2.94906e-09
0.0150301 2.9487e-09
0.0153808 2.94834e-09
0.0157396 2.94799e-09
0.0161069 2.94763e-09
0.0164827 2.94728e-09
0.0168673 2.94692e-09
0.0172608 2.94657e-09
0.0176636 2.94621e-09
0.0180757 2.94586e-09
0.0184974 2.9455e-09
0.018929 2.94515e-09
0.0193707 2.94479e-09
0.0198227 2.94444e-09
0.0202852 2.94408e-09
0.0207585 2.94373e-09
0.0212428 2.94338e-09
0.0217385 2.94302e-09
0.0222457 2.94267e-09
0.0227647 2.94231e-09
0.0232959 2.94196e-09
0.0238394 2.9416e-09
0.0243956 2.94125e-09
0.0249648 2.94089e-09
0.0255473 2.94054e-09
0.0261434 2.94018e-09
0.0267534 2.93983e-09
0.0273776 2.93948e-09
0.0280164 2.93303e-09
0.0286701 2.92595e-09
0.029339 2.91888e-09
0.0300236 2.91183e-09
0.0307241 2.9048e-09
0.031441 2.89779e-09
0.0321746 2.89079e-09
0.0329253 2.88381e-09
0.0336935 2.87685e-09
0.0344796 2.8699e-09
0.0352841 2.86297e-09
0.0361074 2.85606e-09
0.0369499 2.84916e-09
0.037812 2.84228e-09
0.0386942 2.83541e-09
0.039597 2.82857e-09
0.0405209 2.82174e-09
0.0414664 2.81492e-09
0.0424339 2.80813e-09
0.043424 2.80134e-09
0.0444372 2.79458e-09
0.045474 2.78783e-09
0.046535 2.7811e-09
0.0476208 2.77438e-09
0.0487319 2.76768e-09
0.0498689 2.761e-09
0.0510324 2.75433e-09
0.0522232 2.74768e-09
0.0534416 2.74105e-09
0.0546886 2.73443e-09
0.0559646 2.72782e-09
0.0572704 2.72124e-09
0.0586066 2.71467e-09
0.059974 2.70811e-09
0.0613734 2.70157e-09
0.0628054 2.69505e-09
0.0642707 2.68854e-09
0.0657703 2.68205e-09
0.0673049 2.67557e-09
0.0688753 2.66911e-09
0.0704823 2.66266e-09
0.0721268 2.65623e-09
0.0738097 2.64982e-09
0.0755319 2.64342e-09
0.0772942 2.63704e-09
0.0790977 2.63067e-09
0.0809432 2.62432e-09
0.0828318 2.61798e-09
0.0847644 2.61166e-09
0.0867422 2.60535e-09
0.0887661 2.59906e-09
0.0908372 2.59278e-09
0.0929567 2.58652e-09
0.0951255 2.58028e-09
0.097345 2.57405e-09
0.0996163 2.56783e-09
0.101941 2.56163e-09
0.104319 2.55544e-09
0.106753 2.54927e-09
0.109244 2.54312e-09
0.111793 2.53698e-09
0.114401 2.53085e-09
0.11707 2.52474e-09
0.119802 2.51864e-09
0.122597 2.51256e-09
0.125458 2.50649e-09
0.128385 2.50044e-09
0.13138 2.4944e-09
0.134446 2.48838e-09
0.137583 2.48237e-09
0.140793 2.47637e-09
0.144078 2.47039e-09
0.14744 2.46443e-09
0.15088 2.45848e-09
0.1544 2.45254e-09
0.158003 2.44662e-09
0.161689 2.44071e-09
0.165462 2.43482e-09
0.169322 2.42894e-09
0.173273 2.42307e-09
0.177316 2.41722e-09
0.181453 2.41138e-09
0.185687 2.40556e-09
0.190019 2.39975e-09
0.194453 2.39396e-09
0.19899 2.38817e-09
0.203633 2.38241e-09
0.208384 2.37665e-09
0.213246 2.37092e-09
0.218222 2.36519e-09
0.223313 2.35948e-09
0.228524 2.35378e-09
0.233856 2.3481e-09
0.239312 2.34243e-09
0.244896 2.33677e-09
0.25061 2.33113e-09
0.256457 2.3255e-09
0.262441 2.31988e-09
0.268564 2.31428e-09
0.274831 2.30869e-09
0.281243 2.30312e-09
0.287805 2.29756e-09
0.29452 2.29201e-09
0.301392 2.28647e-09
0.308424 2.28095e-09
0.315621 2.27544e-09
0.322985 2.26995e-09
0.330521 2.26447e-09
0.338233 2.259e-09
0.346124 2.25354e-09
0.3542 2.2481e-09
0.362464 2.24267e-09
0.370922 2.23726e-09
0.379576 2.23185e-09
0.388432 2.22646e-09
0.397496 2.22109e-09
0.40677 2.21572e-09
0.416261 2.21037e-09
0.425973 2.20504e-09
0.435912 2.19971e-09
0.446083 2.1944e-09
0.456491 2.1891e-09
0.467142 2.18381e-09
0.478042 2.17854e-09
0.489196 2.17328e-09
0.50061 2.16803e-09
0.51229 2.1628e-09
0.524243 2.15757e-09
0.536475 2.15236e-09
0.548992 2.14717e-09
0.561801 2.14198e-09
0.574909 2.13681e-09
0.588323 2.13165e-09
0.60205 2.1265e-09
0.616097 2.12137e-09
0.630472 2.11624e-09
0.645183 2.11113e-09
0.660236 2.10604e-09
0.675641 2.10095e-09
0.691406 2.09588e-09
0.707538 2.09082e-09
0.724046 2.08577e-09
0.74094 2.08073e-09
0.758228 2.07571e-09
0.775919 2.07069e-09
0.794023 2.06569e-09
0.812549 2.0607e-09
0.831508 2.05573e-09
0.850909 2.05076e-09
0.870763 2.04581e-09
0.89108 2.04087e-09
0.911871 2.03594e-09
0.933147 2.03103e-09
0.954919 2.02612e-09
0.9772 2.02123e-09
1 2.01635e-09
1.02333 2.01148e-09
1.04721 2.00662e-09
