3.85662e-07 4.40723e-11
6.21017e-07 9.82279e-11
1e-06 1.53865e-10
1.61026e-06 1.61516e-10
2.59294e-06 1.69548e-10
4.17532e-06 1.77978e-10
6.72336e-06 1.86828e-10
1.08264e-05 1.8367e-10
1.74333e-05 1.78874e-10
2.80722e-05 1.74203e-10
4.52035e-05 1.69654e-10
7.27895e-05 1.65224e-10
0.00011721 1.6091e-10
0.000188739 1.56708e-10
0.00030392 1.52616e-10
0.00048939 1.48631e-10
0.000788046 1.4475e-10
0.00126896 1.40971e-10
0.00204336 1.3729e-10
0.00329034 1.38119e-10
0.00529832 1.47289e-10
0.00853168 1.57067e-10
0.0137382 1.67495e-10
0.0221222 1.78615e-10
0.0356225 1.90474e-10
0.0573615 2.0312e-10
0.0923671 2.16605e-10
0.148735 2.30986e-10
0.239503 2.46321e-10
0.385662 2.62675e-10
0.621017 2.80114e-10
1 2.98711e-10
1.61026 2.71828
2.59294 2.71828
