1   318664   0.0223641   0.121076   0.677862   0.0757946   -10.1369   -4.80054   2.05604   2.54566   0.511152   1.02491   0.999986
1   316638   0.0223641   0.120621   0.677862   0.0739202   -10.1244   -4.85058   2.12138   2.54566   0.549627   1.02491   0.99998
1   312927   0.0222826   0.119851   0.677862   0.0739202   -10.1244   -4.91275   2.23182   2.54566   0.559562   1.12888   0.999977
1   312174   0.0220631   0.119851   0.676444   0.0723642   -10.0184   -5.06646   1.97758   2.54566   0.559562   1.12888   0.999953
1   309795   0.0217921   0.119851   0.676123   0.0723642   -10.0184   -5.09972   2.076   2.5598   0.613344   1.12888   0.999934
1   309171   0.0218129   0.119851   0.676123   0.0691157   -10.0184   -5.09972   2.07839   2.69742   0.613344   1.12888   0.999934
1   302046   0.0219969   0.118608   0.672985   0.0691157   -10.0184   -5.09972   2.05687   2.69742   0.744563   1.15815   0.999934
1   291908   0.0218982   0.11825   0.671378   0.0683276   -10.0033   -5.09972   2.02235   2.76842   0.950682   1.15815   0.999943
1   290678   0.0217661   0.118006   0.671378   0.0683276   -10.0033   -5.13823   1.98914   2.79385   0.973048   1.15815   0.999943
1   284897   0.0214673   0.117958   0.671139   0.0683276   -9.98   -5.13823   2.01592   2.9129   1.07072   1.17538   0.999924
