1   343377   0.0226621   0.124885   0.661437   0.0965613   -12.0304   -5.6401   0.735139   0.391619   0.192259   0.674995   0.999985
1   340076   0.0225208   0.124885   0.659167   0.0964376   -12.0304   -5.66325   0.651686   0.391619   0.192259   0.805284   0.999963
1   336220   0.0225299   0.124885   0.655093   0.0964376   -12.0079   -5.66325   0.650283   0.39822   0.192259   0.949555   0.999963
1   335971   0.0224604   0.124885   0.655125   0.0943345   -12.0079   -5.66325   0.662907   0.399395   0.192259   0.949555   0.999963
1   332643   0.0227866   0.124767   0.655125   0.0942409   -12.0079   -5.66325   0.600609   0.460661   0.259142   0.979766   0.999939
1   332526   0.0226697   0.124312   0.654955   0.0942409   -11.9441   -5.66325   0.567749   0.499124   0.259142   0.979766   0.999905
1   330950   0.0226697   0.124297   0.654955   0.0942409   -11.9441   -5.66325   0.383565   0.587988   0.299934   0.979766   0.999816
1   330406   0.0224348   0.124319   0.654955   0.0927167   -12.1145   -5.76486   0.50702   0.631108   0.299934   0.979766   0.999819
1   325433   0.0225499   0.124319   0.650116   0.0920352   -12.0224   -5.88729   0.418429   0.631108   0.299934   1.11891   0.999819
1   325301   0.0224535   0.124319   0.64589   0.0915639   -11.8502   -5.88729   0.408176   0.631108   0.299934   1.11891   0.999806
