9.54919e-07 3.0548e-09
9.772e-07 3.05226e-09
1e-06 3.04973e-09
1.02333e-06 3.0472e-09
1.04721e-06 3.04468e-09
1.07164e-06 3.04215e-09
1.09665e-06 3.03963e-09
1.12223e-06 3.03711e-09
1.14842e-06 3.03459e-09
1.17521e-06 3.03208e-09
1.20263e-06 3.02956e-09
1.23069e-06 3.02705e-09
1.25941e-06 3.02454e-09
1.28879e-06 3.02204e-09
1.31886e-06 3.01953e-09
1.34964e-06 3.01703e-09
1.38113e-06 3.01453e-09
1.41335e-06 3.01203e-09
1.44633e-06 3.00953e-09
1.48008e-06 3.00704e-09
1.51461e-06 3.00454e-09
1.54995e-06 3.00205e-09
1.58611e-06 2.99956e-09
1.62312e-06 2.99708e-09
1.66099e-06 2.99459e-09
1.69975e-06 2.99211e-09
1.7394e-06 2.98963e-09
1.77999e-06 2.98715e-09
1.82152e-06 2.98467e-09
1.86402e-06 2.9822e-09
1.90751e-06 2.97973e-09
1.95202e-06 2.97726e-09
1.99756e-06 2.97479e-09
2.04417e-06 2.97232e-09
2.09187e-06 2.96986e-09
2.14068e-06 2.9674e-09
2.19062e-06 2.96494e-09
2.24174e-06 2.96248e-09
2.29404e-06 2.96002e-09
2.34757e-06 2.95757e-09
2.40234e-06 2.95512e-09
2.45839e-06 2.95267e-09
2.51575e-06 2.95022e-09
2.57445e-06 2.94777e-09
2.63452e-06 2.94533e-09
2.69599e-06 2.94289e-09
2.75889e-06 2.94045e-09
2.82326e-06 2.93801e-09
2.88914e-06 2.93557e-09
2.95655e-06 2.93314e-09
3.02553e-06 2.93071e-09
3.09612e-06 2.92828e-09
3.16836e-06 2.92585e-09
3.24229e-06 2.92343e-09
3.31794e-06 2.921e-09
3.39535e-06 2.91858e-09
3.47457e-06 2.91616e-09
3.55564e-06 2.91374e-09
3.6386e-06 2.91133e-09
3.7235e-06 2.90892e-09
3.81038e-06 2.9065e-09
3.89928e-06 2.90409e-09
3.99026e-06 2.90169e-09
4.08337e-06 2.89928e-09
4.17864e-06 2.89688e-09
4.27614e-06 2.89448e-09
4.37591e-06 2.89208e-09
4.47801e-06 2.88968e-09
4.58249e-06 2.88728e-09
4.68941e-06 2.88489e-09
4.79883e-06 2.8825e-09
4.9108e-06 2.88011e-09
5.02538e-06 2.87772e-09
5.14263e-06 2.87534e-09
5.26262e-06 2.87295e-09
5.38541e-06 2.87057e-09
5.51106e-06 2.86819e-09
5.63965e-06 2.86581e-09
5.77124e-06 2.86344e-09
5.90589e-06 2.86106e-09
6.04369e-06 2.85869e-09
6.1847e-06 2.85632e-09
6.32901e-06 2.85395e-09
6.47668e-06 2.85159e-09
6.62779e-06 2.84922e-09
6.78244e-06 2.84686e-09
6.94069e-06 2.8445e-09
7.10263e-06 2.84214e-09
7.26835e-06 2.83979e-09
7.43794e-06 2.83743e-09
7.61148e-06 2.83508e-09
7.78907e-06 2.83273e-09
7.97081e-06 2.83038e-09
8.15679e-06 2.82804e-09
8.34711e-06 2.82569e-09
8.54186e-06 2.82335e-09
8.74116e-06 2.82101e-09
8.94512e-06 2.81867e-09
9.15383e-06 2.81633e-09
9.36741e-06 2.814e-09
9.58597e-06 2.81166e-09
9.80963e-06 2.80933e-09
1.00385e-05 2.807e-09
1.02727e-05 2.80468e-09
1.05124e-05 2.80235e-09
1.07577e-05 2.80003e-09
1.10087e-05 2.79771e-09
1.12656e-05 2.79539e-09
1.15284e-05 2.79307e-09
1.17974e-05 2.79076e-09
1.20727e-05 2.78844e-09
1.23543e-05 2.78613e-09
1.26426e-05 2.78382e-09
1.29376e-05 2.78151e-09
1.32394e-05 2.77921e-09
1.35484e-05 2.7769e-09
1.38645e-05 2.7746e-09
1.4188e-05 2.7723e-09
1.4519e-05 2.77e-09
1.48578e-05 2.76771e-09
1.52044e-05 2.76541e-09
1.55592e-05 2.76312e-09
1.59222e-05 2.76083e-09
1.62937e-05 2.75854e-09
1.66739e-05 2.75625e-09
1.70629e-05 2.75397e-09
1.7461e-05 2.75168e-09
1.78684e-05 2.7494e-09
1.82854e-05 2.74712e-09
1.8712e-05 2.74485e-09
1.91486e-05 2.74257e-09
1.95954e-05 2.7403e-09
2.00526e-05 2.73803e-09
2.05205e-05 2.73576e-09
2.09992e-05 2.73349e-09
2.14892e-05 2.73122e-09
2.19906e-05 2.72896e-09
2.25037e-05 2.7267e-09
2.30288e-05 2.72443e-09
2.35661e-05 2.72218e-09
2.41159e-05 2.71992e-09
2.46786e-05 2.71766e-09
2.52544e-05 2.71541e-09
2.58437e-05 2.71316e-09
2.64466e-05 2.71091e-09
2.70637e-05 2.70866e-09
2.76952e-05 2.70642e-09
2.83414e-05 2.70417e-09
2.90026e-05 2.70193e-09
2.96793e-05 2.69969e-09
3.03718e-05 2.69746e-09
3.10805e-05 2.69522e-09
3.18056e-05 2.69298e-09
3.25477e-05 2.69075e-09
3.33072e-05 2.68852e-09
3.40843e-05 2.68629e-09
3.48796e-05 2.68407e-09
3.56934e-05 2.68184e-09
3.65262e-05 2.67962e-09
3.73784e-05 2.6774e-09
3.82506e-05 2.67518e-09
3.9143e-05 2.67296e-09
4.00563e-05 2.67074e-09
4.09909e-05 2.66853e-09
4.19473e-05 2.66632e-09
4.29261e-05 2.66411e-09
4.39276e-05 2.6619e-09
4.49526e-05 2.65969e-09
4.60014e-05 2.65749e-09
4.70747e-05 2.65528e-09
4.81731e-05 2.65308e-09
4.92971e-05 2.65088e-09
5.04473e-05 2.64868e-09
5.16244e-05 2.64649e-09
5.28289e-05 2.64429e-09
5.40615e-05 2.6421e-09
5.53229e-05 2.63991e-09
5.66137e-05 2.63772e-09
5.79346e-05 2.63554e-09
5.92864e-05 2.63335e-09
6.06697e-05 2.63117e-09
6.20852e-05 2.62899e-09
6.35338e-05 2.62681e-09
6.50162e-05 2.62463e-09
6.65332e-05 2.62245e-09
6.80856e-05 2.62028e-09
6.96742e-05 2.61811e-09
7.12998e-05 2.61594e-09
7.29634e-05 2.61377e-09
7.46658e-05 2.6116e-09
7.6408e-05 2.60944e-09
7.81907e-05 2.60727e-09
8.00151e-05 2.60511e-09
8.1882e-05 2.60295e-09
8.37925e-05 2.60079e-09
8.57476e-05 2.59864e-09
8.77483e-05 2.59648e-09
8.97957e-05 2.59433e-09
9.18908e-05 2.59218e-09
9.40348e-05 2.59003e-09
9.62289e-05 2.58788e-09
9.84741e-05 2.58574e-09
0.000100772 2.5836e-09
0.000103123 2.58145e-09
0.000105529 2.57931e-09
0.000107991 2.57718e-09
0.000110511 2.57504e-09
0.00011309 2.5729e-09
0.000115728 2.57077e-09
0.000118428 2.56864e-09
0.000121192 2.56651e-09
0.000124019 2.56438e-09
0.000126913 2.56226e-09
0.000129874 2.56013e-09
0.000132904 2.55801e-09
0.000136005 2.55589e-09
0.000139179 2.55377e-09
0.000142426 2.55165e-09
0.000145749 2.54954e-09
0.00014915 2.54742e-09
0.00015263 2.54531e-09
0.000156191 2.5432e-09
0.000159835 2.54109e-09
0.000163565 2.53899e-09
0.000167381 2.53688e-09
0.000171286 2.53478e-09
0.000175283 2.53268e-09
0.000179373 2.53058e-09
0.000183558 2.52848e-09
0.000187841 2.52639e-09
0.000192223 2.52429e-09
0.000196708 2.5222e-09
0.000201298 2.52011e-09
0.000205995 2.51802e-09
0.000210801 2.51593e-09
0.00021572 2.51384e-09
0.000220753 2.51176e-09
0.000225904 2.50968e-09
0.000231174 2.5076e-09
0.000236568 2.50552e-09
0.000242088 2.50344e-09
0.000247736 2.50137e-09
0.000253517 2.49929e-09
0.000259432 2.49722e-09
0.000265485 2.49515e-09
0.000271679 2.49308e-09
0.000278018 2.49102e-09
0.000284505 2.48895e-09
0.000291143 2.48689e-09
0.000297936 2.48483e-09
0.000304888 2.48277e-09
0.000312002 2.48071e-09
0.000319281 2.47865e-09
0.000326731 2.4766e-09
0.000334354 2.47454e-09
0.000342156 2.47249e-09
0.000350139 2.47044e-09
0.000358308 2.46839e-09
0.000366669 2.46635e-09
0.000375224 2.4643e-09
0.000383979 2.46226e-09
0.000392938 2.46022e-09
0.000402106 2.45818e-09
0.000411488 2.45614e-09
0.000421089 2.4541e-09
0.000430914 2.45207e-09
0.000440968 2.45004e-09
0.000451257 2.44801e-09
0.000461786 2.44598e-09
0.000472561 2.44395e-09
0.000483586 2.44192e-09
0.00049487 2.4399e-09
0.000506416 2.43788e-09
0.000518232 2.43585e-09
0.000530324 2.43384e-09
0.000542697 2.43182e-09
0.00055536 2.4298e-09
0.000568317 2.42779e-09
0.000581578 2.42577e-09
0.000595147 2.42376e-09
0.000609033 2.42175e-09
0.000623244 2.41975e-09
0.000637785 2.41774e-09
0.000652666 2.41574e-09
0.000667894 2.41373e-09
0.000683478 2.41173e-09
0.000699425 2.40973e-09
0.000715744 2.40774e-09
0.000732444 2.40574e-09
0.000749534 2.40374e-09
0.000767022 2.40175e-09
0.000784919 2.39976e-09
0.000803233 2.39777e-09
0.000821974 2.39578e-09
0.000841153 2.3938e-09
0.000860779 2.39181e-09
0.000880863 2.38983e-09
0.000901415 2.38785e-09
0.000922447 2.38587e-09
0.00094397 2.38389e-09
0.000965995 2.38192e-09
0.000988534 2.37994e-09
0.0010116 2.37797e-09
0.0010352 2.376e-09
0.00105936 2.37403e-09
0.00108407 2.37206e-09
0.00110937 2.37009e-09
0.00113525 2.36813e-09
0.00116174 2.36616e-09
0.00118884 2.3642e-09
0.00121658 2.36224e-09
0.00124497 2.36028e-09
0.00127402 2.35833e-09
0.00130374 2.35637e-09
0.00133416 2.35442e-09
0.00136529 2.35247e-09
0.00139715 2.35052e-09
0.00142975 2.34857e-09
0.0014631 2.34662e-09
0.00149724 2.34468e-09
0.00153218 2.34273e-09
0.00156793 2.34079e-09
0.00160451 2.33885e-09
0.00164195 2.33691e-09
0.00168026 2.33497e-09
0.00171946 2.33304e-09
0.00175958 2.3311e-09
0.00180064 2.32917e-09
0.00184265 2.32724e-09
0.00188564 2.32531e-09
0.00192964 2.32338e-09
0.00197466 2.32146e-09
0.00202073 2.31953e-09
0.00206788 2.31761e-09
0.00211613 2.31569e-09
0.00216551 2.31377e-09
0.00221603 2.31185e-09
0.00226774 2.30993e-09
0.00232065 2.30802e-09
0.00237479 2.30611e-09
0.0024302 2.30419e-09
0.00248691 2.30228e-09
0.00254493 2.30037e-09
0.00260431 2.29847e-09
0.00266508 2.29656e-09
0.00272726 2.29466e-09
0.00279089 2.29276e-09
0.00285601 2.29086e-09
0.00292265 2.28896e-09
0.00299084 2.28706e-09
0.00306062 2.28516e-09
0.00313203 2.28327e-09
0.00320511 2.28137e-09
0.00327989 2.27948e-09
0.00335642 2.27759e-09
0.00343473 2.27571e-09
0.00351487 2.27382e-09
0.00359688 2.27193e-09
0.00368081 2.27005e-09
0.00376669 2.26817e-09
0.00385458 2.26629e-09
0.00394451 2.26441e-09
0.00403655 2.26253e-09
0.00413073 2.26066e-09
0.00422711 2.25878e-09
0.00432574 2.25691e-09
0.00442667 2.25504e-09
0.00452995 2.25317e-09
0.00463565 2.2513e-09
0.00474381 2.24944e-09
0.00485449 2.24757e-09
0.00496776 2.24571e-09
0.00508367 2.24385e-09
0.00520228 2.24199e-09
0.00532366 2.24013e-09
0.00544787 2.23827e-09
0.00557499 2.23641e-09
0.00570506 2.23456e-09
0.00583818 2.23271e-09
0.00597439 2.23086e-09
0.00611379 2.22901e-09
0.00625644 2.22716e-09
0.00640242 2.22531e-09
0.0065518 2.22347e-09
0.00670467 2.22162e-09
0.0068611 2.21978e-09
0.00702119 2.21794e-09
0.00718501 2.2161e-09
0.00735265 2.21427e-09
0.00752421 2.21243e-09
0.00769976 2.2106e-09
0.00787942 2.20876e-09
0.00806326 2.20693e-09
0.0082514 2.2051e-09
0.00844392 2.20328e-09
0.00864094 2.20145e-09
0.00884255 2.19962e-09
0.00904887 2.1978e-09
0.00926 2.19598e-09
0.00947606 2.19416e-09
0.00969716 2.19234e-09
0.00992341 2.19052e-09
0.010155 2.18871e-09
0.0103919 2.18689e-09
0.0106344 2.18508e-09
0.0108825 2.18327e-09
0.0111364 2.18146e-09
0.0113962 2.17965e-09
0.0116621 2.17784e-09
0.0119342 2.17604e-09
0.0122127 2.17423e-09
0.0124976 2.17243e-09
0.0127892 2.17063e-09
0.0130876 2.16883e-09
0.013393 2.16703e-09
0.0137055 2.16523e-09
0.0140253 2.16344e-09
0.0143525 2.16165e-09
0.0146874 2.15985e-09
0.0150301 2.15806e-09
0.0153808 2.15627e-09
0.0157396 2.15449e-09
0.0161069 2.1527e-09
0.0164827 2.15092e-09
0.0168673 2.14913e-09
0.0172608 2.14735e-09
0.0176636 2.14557e-09
0.0180757 2.14379e-09
0.0184974 2.14202e-09
0.018929 2.14024e-09
0.0193707 2.13847e-09
0.0198227 2.13669e-09
0.0202852 2.13492e-09
0.0207585 2.13315e-09
0.0212428 2.13138e-09
0.0217385 2.12962e-09
0.0222457 2.12785e-09
0.0227647 2.12609e-09
0.0232959 2.12432e-09
0.0238394 2.12256e-09
0.0243956 2.1208e-09
0.0249648 2.11904e-09
0.0255473 2.11729e-09
0.0261434 2.11553e-09
0.0267534 2.11378e-09
0.0273776 2.11203e-09
0.0280164 2.11028e-09
0.0286701 2.10853e-09
0.029339 2.10678e-09
0.0300236 2.10503e-09
0.0307241 2.10329e-09
0.031441 2.10154e-09
0.0321746 2.0998e-09
0.0329253 2.09806e-09
0.0336935 2.09632e-09
0.0344796 2.09458e-09
0.0352841 2.09285e-09
0.0361074 2.09111e-09
0.0369499 2.08938e-09
0.037812 2.08765e-09
0.0386942 2.08591e-09
0.039597 2.08419e-09
0.0405209 2.08246e-09
0.0414664 2.08073e-09
0.0424339 2.07901e-09
0.043424 2.07728e-09
0.0444372 2.07556e-09
0.045474 2.07384e-09
0.046535 2.07212e-09
0.0476208 2.0704e-09
0.0487319 2.06869e-09
0.0498689 2.06697e-09
0.0510324 2.06526e-09
0.0522232 2.06355e-09
0.0534416 2.06184e-09
0.0546886 2.06013e-09
0.0559646 2.05842e-09
0.0572704 2.05671e-09
0.0586066 2.05501e-09
0.059974 2.0533e-09
0.0613734 2.0516e-09
0.0628054 2.0499e-09
0.0642707 2.0482e-09
0.0657703 2.0465e-09
0.0673049 2.04481e-09
0.0688753 2.04311e-09
0.0704823 2.04142e-09
0.0721268 2.03972e-09
0.0738097 2.03803e-09
0.0755319 2.03634e-09
0.0772942 2.03466e-09
0.0790977 2.03297e-09
0.0809432 2.03128e-09
0.0828318 2.0296e-09
0.0847644 2.02792e-09
0.0867422 2.02624e-09
0.0887661 2.02456e-09
0.0908372 2.02288e-09
0.0929567 2.0212e-09
0.0951255 2.01953e-09
0.097345 2.01785e-09
0.0996163 2.01618e-09
0.101941 2.01451e-09
0.104319 2.01284e-09
0.106753 2.01117e-09
0.109244 2.0095e-09
0.111793 2.00784e-09
0.114401 2.00617e-09
0.11707 2.00451e-09
0.119802 2.00285e-09
0.122597 2.00119e-09
0.125458 1.99953e-09
0.128385 1.99787e-09
0.13138 1.99621e-09
0.134446 1.99456e-09
0.137583 1.9929e-09
0.140793 1.99125e-09
0.144078 1.9896e-09
0.14744 1.98795e-09
0.15088 1.9863e-09
0.1544 1.98466e-09
0.158003 1.98301e-09
0.161689 1.98137e-09
0.165462 1.97973e-09
0.169322 1.97808e-09
0.173273 1.97644e-09
0.177316 1.97481e-09
0.181453 1.97317e-09
0.185687 1.97153e-09
0.190019 1.9699e-09
0.194453 1.96827e-09
0.19899 1.96663e-09
0.203633 1.965e-09
0.208384 1.96337e-09
0.213246 1.96175e-09
0.218222 1.96012e-09
0.223313 1.9585e-09
0.228524 1.95687e-09
0.233856 1.95525e-09
0.239312 1.95363e-09
0.244896 1.95201e-09
0.25061 1.95039e-09
0.256457 1.94877e-09
0.262441 1.94716e-09
0.268564 1.94554e-09
0.274831 1.94393e-09
0.281243 1.94232e-09
0.287805 1.94071e-09
0.29452 1.9391e-09
0.301392 1.93749e-09
0.308424 1.93589e-09
0.315621 1.93428e-09
0.322985 1.93268e-09
0.330521 1.93108e-09
0.338233 1.92947e-09
0.346124 1.92788e-09
0.3542 1.92628e-09
0.362464 1.92468e-09
0.370922 1.92308e-09
0.379576 1.92149e-09
0.388432 1.9199e-09
0.397496 1.91831e-09
0.40677 1.91672e-09
0.416261 1.91513e-09
0.425973 1.91354e-09
0.435912 1.91195e-09
0.446083 1.91037e-09
0.456491 1.90878e-09
0.467142 1.9072e-09
0.478042 1.90562e-09
0.489196 1.90404e-09
0.50061 1.90246e-09
0.51229 1.90088e-09
0.524243 1.89931e-09
0.536475 1.89773e-09
0.548992 1.89616e-09
0.561801 1.89459e-09
0.574909 1.89302e-09
0.588323 1.89145e-09
0.60205 1.88988e-09
0.616097 1.88831e-09
0.630472 1.88675e-09
0.645183 1.88518e-09
0.660236 1.88362e-09
0.675641 1.88206e-09
0.691406 1.8805e-09
0.707538 1.87894e-09
0.724046 1.87738e-09
0.74094 1.87583e-09
0.758228 1.87427e-09
0.775919 1.87272e-09
0.794023 1.87117e-09
0.812549 1.86961e-09
0.831508 1.86806e-09
0.850909 1.86652e-09
0.870763 1.86497e-09
0.89108 1.86342e-09
0.911871 1.86188e-09
0.933147 1.86033e-09
0.954919 1.85879e-09
0.9772 1.85725e-09
1 1.85571e-09
1.02333 1.85417e-09
1.04721 1.85264e-09
