9.54919e-07 2.80096e-09
9.772e-07 2.79965e-09
1e-06 2.79835e-09
1.02333e-06 2.79704e-09
1.04721e-06 2.79574e-09
1.07164e-06 2.79443e-09
1.09665e-06 2.79313e-09
1.12223e-06 2.79183e-09
1.14842e-06 2.79052e-09
1.17521e-06 2.78922e-09
1.20263e-06 2.78792e-09
1.23069e-06 2.78662e-09
1.25941e-06 2.78532e-09
1.28879e-06 2.78402e-09
1.31886e-06 2.78272e-09
1.34964e-06 2.78143e-09
1.38113e-06 2.78013e-09
1.41335e-06 2.77883e-09
1.44633e-06 2.77754e-09
1.48008e-06 2.77624e-09
1.51461e-06 2.77495e-09
1.54995e-06 2.77365e-09
1.58611e-06 2.77236e-09
1.62312e-06 2.77107e-09
1.66099e-06 2.76977e-09
1.69975e-06 2.76848e-09
1.7394e-06 2.76719e-09
1.77999e-06 2.7659e-09
1.82152e-06 2.76461e-09
1.86402e-06 2.76332e-09
1.90751e-06 2.76203e-09
1.95202e-06 2.76074e-09
1.99756e-06 2.75945e-09
2.04417e-06 2.75817e-09
2.09187e-06 2.75688e-09
2.14068e-06 2.7556e-09
2.19062e-06 2.75431e-09
2.24174e-06 2.75303e-09
2.29404e-06 2.75174e-09
2.34757e-06 2.75046e-09
2.40234e-06 2.74918e-09
2.45839e-06 2.74789e-09
2.51575e-06 2.74661e-09
2.57445e-06 2.74533e-09
2.63452e-06 2.74405e-09
2.69599e-06 2.74277e-09
2.75889e-06 2.74149e-09
2.82326e-06 2.74021e-09
2.88914e-06 2.73893e-09
2.95655e-06 2.73766e-09
3.02553e-06 2.73638e-09
3.09612e-06 2.7351e-09
3.16836e-06 2.73383e-09
3.24229e-06 2.73255e-09
3.31794e-06 2.73128e-09
3.39535e-06 2.73e-09
3.47457e-06 2.72873e-09
3.55564e-06 2.72746e-09
3.6386e-06 2.72619e-09
3.7235e-06 2.72491e-09
3.81038e-06 2.72364e-09
3.89928e-06 2.72237e-09
3.99026e-06 2.7211e-09
4.08337e-06 2.71983e-09
4.17864e-06 2.71857e-09
4.27614e-06 2.7173e-09
4.37591e-06 2.71603e-09
4.47801e-06 2.71476e-09
4.58249e-06 2.7135e-09
4.68941e-06 2.71223e-09
4.79883e-06 2.71097e-09
4.9108e-06 2.7097e-09
5.02538e-06 2.70844e-09
5.14263e-06 2.70718e-09
5.26262e-06 2.70591e-09
5.38541e-06 2.70465e-09
5.51106e-06 2.70339e-09
5.63965e-06 2.70213e-09
5.77124e-06 2.70087e-09
5.90589e-06 2.69961e-09
6.04369e-06 2.69835e-09
6.1847e-06 2.69709e-09
6.32901e-06 2.69583e-09
6.47668e-06 2.69458e-09
6.62779e-06 2.69332e-09
6.78244e-06 2.69206e-09
6.94069e-06 2.69081e-09
7.10263e-06 2.68955e-09
7.26835e-06 2.6883e-09
7.43794e-06 2.68704e-09
7.61148e-06 2.68579e-09
7.78907e-06 2.68454e-09
7.97081e-06 2.68329e-09
8.15679e-06 2.68203e-09
8.34711e-06 2.68078e-09
8.54186e-06 2.67953e-09
8.74116e-06 2.67828e-09
8.94512e-06 2.67703e-09
9.15383e-06 2.67579e-09
9.36741e-06 2.67454e-09
9.58597e-06 2.67329e-09
9.80963e-06 2.67204e-09
1.00385e-05 2.6708e-09
1.02727e-05 2.66955e-09
1.05124e-05 2.66831e-09
1.07577e-05 2.66706e-09
1.10087e-05 2.66582e-09
1.12656e-05 2.66457e-09
1.15284e-05 2.66333e-09
1.17974e-05 2.66209e-09
1.20727e-05 2.66085e-09
1.23543e-05 2.65961e-09
1.26426e-05 2.65837e-09
1.29376e-05 2.65713e-09
1.32394e-05 2.65589e-09
1.35484e-05 2.65465e-09
1.38645e-05 2.65341e-09
1.4188e-05 2.65217e-09
1.4519e-05 2.65094e-09
1.48578e-05 2.6497e-09
1.52044e-05 2.64846e-09
1.55592e-05 2.64723e-09
1.59222e-05 2.64599e-09
1.62937e-05 2.64476e-09
1.66739e-05 2.64353e-09
1.70629e-05 2.64229e-09
1.7461e-05 2.64106e-09
1.78684e-05 2.63983e-09
1.82854e-05 2.6386e-09
1.8712e-05 2.63737e-09
1.91486e-05 2.63614e-09
1.95954e-05 2.63491e-09
2.00526e-05 2.63368e-09
2.05205e-05 2.63245e-09
2.09992e-05 2.63122e-09
2.14892e-05 2.62999e-09
2.19906e-05 2.62877e-09
2.25037e-05 2.62754e-09
2.30288e-05 2.62632e-09
2.35661e-05 2.62509e-09
2.41159e-05 2.62387e-09
2.46786e-05 2.62264e-09
2.52544e-05 2.62142e-09
2.58437e-05 2.6202e-09
2.64466e-05 2.61897e-09
2.70637e-05 2.61775e-09
2.76952e-05 2.61653e-09
2.83414e-05 2.61531e-09
2.90026e-05 2.61409e-09
2.96793e-05 2.61287e-09
3.03718e-05 2.61165e-09
3.10805e-05 2.61044e-09
3.18056e-05 2.60922e-09
3.25477e-05 2.608e-09
3.33072e-05 2.60679e-09
3.40843e-05 2.60557e-09
3.48796e-05 2.60435e-09
3.56934e-05 2.60314e-09
3.65262e-05 2.60193e-09
3.73784e-05 2.60071e-09
3.82506e-05 2.5995e-09
3.9143e-05 2.59829e-09
4.00563e-05 2.59707e-09
4.09909e-05 2.59586e-09
4.19473e-05 2.59465e-09
4.29261e-05 2.59344e-09
4.39276e-05 2.59223e-09
4.49526e-05 2.59102e-09
4.60014e-05 2.58982e-09
4.70747e-05 2.58861e-09
4.81731e-05 2.5874e-09
4.92971e-05 2.58619e-09
5.04473e-05 2.58499e-09
5.16244e-05 2.58378e-09
5.28289e-05 2.58258e-09
5.40615e-05 2.58137e-09
5.53229e-05 2.58017e-09
5.66137e-05 2.57896e-09
5.79346e-05 2.57776e-09
5.92864e-05 2.57656e-09
6.06697e-05 2.57536e-09
6.20852e-05 2.57416e-09
6.35338e-05 2.57296e-09
6.50162e-05 2.57176e-09
6.65332e-05 2.57056e-09
6.80856e-05 2.56936e-09
6.96742e-05 2.56816e-09
7.12998e-05 2.56696e-09
7.29634e-05 2.56576e-09
7.46658e-05 2.56457e-09
7.6408e-05 2.56337e-09
7.81907e-05 2.56218e-09
8.00151e-05 2.56098e-09
8.1882e-05 2.55979e-09
8.37925e-05 2.55859e-09
8.57476e-05 2.5574e-09
8.77483e-05 2.55621e-09
8.97957e-05 2.55501e-09
9.18908e-05 2.55382e-09
9.40348e-05 2.55263e-09
9.62289e-05 2.55144e-09
9.84741e-05 2.55025e-09
0.000100772 2.54906e-09
0.000103123 2.54787e-09
0.000105529 2.54668e-09
0.000107991 2.5455e-09
0.000110511 2.54431e-09
0.00011309 2.54312e-09
0.000115728 2.54194e-09
0.000118428 2.54075e-09
0.000121192 2.53956e-09
0.000124019 2.53838e-09
0.000126913 2.5372e-09
0.000129874 2.53601e-09
0.000132904 2.53483e-09
0.000136005 2.53365e-09
0.000139179 2.53247e-09
0.000142426 2.53129e-09
0.000145749 2.5301e-09
0.00014915 2.52892e-09
0.00015263 2.52774e-09
0.000156191 2.52657e-09
0.000159835 2.52539e-09
0.000163565 2.52421e-09
0.000167381 2.52303e-09
0.000171286 2.52186e-09
0.000175283 2.52068e-09
0.000179373 2.5195e-09
0.000183558 2.51833e-09
0.000187841 2.51715e-09
0.000192223 2.51598e-09
0.000196708 2.51481e-09
0.000201298 2.51363e-09
0.000205995 2.51246e-09
0.000210801 2.51129e-09
0.00021572 2.51012e-09
0.000220753 2.50895e-09
0.000225904 2.50778e-09
0.000231174 2.50661e-09
0.000236568 2.50544e-09
0.000242088 2.50427e-09
0.000247736 2.5031e-09
0.000253517 2.50193e-09
0.000259432 2.50077e-09
0.000265485 2.4996e-09
0.000271679 2.49844e-09
0.000278018 2.49727e-09
0.000284505 2.49611e-09
0.000291143 2.49494e-09
0.000297936 2.49378e-09
0.000304888 2.49261e-09
0.000312002 2.49145e-09
0.000319281 2.49029e-09
0.000326731 2.48913e-09
0.000334354 2.48797e-09
0.000342156 2.48681e-09
0.000350139 2.48565e-09
0.000358308 2.48449e-09
0.000366669 2.48333e-09
0.000375224 2.48217e-09
0.000383979 2.48101e-09
0.000392938 2.47986e-09
0.000402106 2.4787e-09
0.000411488 2.47754e-09
0.000421089 2.47639e-09
0.000430914 2.47523e-09
0.000440968 2.47408e-09
0.000451257 2.47292e-09
0.000461786 2.47177e-09
0.000472561 2.47062e-09
0.000483586 2.46947e-09
0.00049487 2.46831e-09
0.000506416 2.46716e-09
0.000518232 2.46601e-09
0.000530324 2.46486e-09
0.000542697 2.46371e-09
0.00055536 2.46256e-09
0.000568317 2.46141e-09
0.000581578 2.46027e-09
0.000595147 2.45912e-09
0.000609033 2.45797e-09
0.000623244 2.45683e-09
0.000637785 2.45568e-09
0.000652666 2.45453e-09
0.000667894 2.45339e-09
0.000683478 2.45224e-09
0.000699425 2.4511e-09
0.000715744 2.44996e-09
0.000732444 2.44882e-09
0.000749534 2.44767e-09
0.000767022 2.44653e-09
0.000784919 2.44539e-09
0.000803233 2.44425e-09
0.000821974 2.44311e-09
0.000841153 2.44197e-09
0.000860779 2.44083e-09
0.000880863 2.43969e-09
0.000901415 2.43855e-09
0.000922447 2.43742e-09
0.00094397 2.43628e-09
0.000965995 2.43514e-09
0.000988534 2.43401e-09
0.0010116 2.43287e-09
0.0010352 2.43174e-09
0.00105936 2.4306e-09
0.00108407 2.42947e-09
0.00110937 2.42834e-09
0.00113525 2.42721e-09
0.00116174 2.42607e-09
0.00118884 2.42494e-09
0.00121658 2.42381e-09
0.00124497 2.42268e-09
0.00127402 2.42155e-09
0.00130374 2.42042e-09
0.00133416 2.41929e-09
0.00136529 2.41816e-09
0.00139715 2.41704e-09
0.00142975 2.41591e-09
0.0014631 2.41478e-09
0.00149724 2.41365e-09
0.00153218 2.41253e-09
0.00156793 2.4114e-09
0.00160451 2.41028e-09
0.00164195 2.40916e-09
0.00168026 2.40803e-09
0.00171946 2.40691e-09
0.00175958 2.40579e-09
0.00180064 2.40466e-09
0.00184265 2.40354e-09
0.00188564 2.40242e-09
0.00192964 2.4013e-09
0.00197466 2.40018e-09
0.00202073 2.39906e-09
0.00206788 2.39794e-09
0.00211613 2.39682e-09
0.00216551 2.39571e-09
0.00221603 2.39459e-09
0.00226774 2.39347e-09
0.00232065 2.39236e-09
0.00237479 2.39124e-09
0.0024302 2.39012e-09
0.00248691 2.38901e-09
0.00254493 2.3879e-09
0.00260431 2.38678e-09
0.00266508 2.38567e-09
0.00272726 2.38456e-09
0.00279089 2.38344e-09
0.00285601 2.38233e-09
0.00292265 2.38122e-09
0.00299084 2.38011e-09
0.00306062 2.379e-09
0.00313203 2.37789e-09
0.00320511 2.37678e-09
0.00327989 2.37567e-09
0.00335642 2.37456e-09
0.00343473 2.37346e-09
0.00351487 2.37235e-09
0.00359688 2.37124e-09
0.00368081 2.37014e-09
0.00376669 2.36903e-09
0.00385458 2.36793e-09
0.00394451 2.36682e-09
0.00403655 2.36572e-09
0.00413073 2.36462e-09
0.00422711 2.36351e-09
0.00432574 2.36241e-09
0.00442667 2.36131e-09
0.00452995 2.36021e-09
0.00463565 2.35911e-09
0.00474381 2.35801e-09
0.00485449 2.35691e-09
0.00496776 2.35581e-09
0.00508367 2.35471e-09
0.00520228 2.35361e-09
0.00532366 2.35251e-09
0.00544787 2.35141e-09
0.00557499 2.35032e-09
0.00570506 2.34922e-09
0.00583818 2.34813e-09
0.00597439 2.34703e-09
0.00611379 2.34594e-09
0.00625644 2.34484e-09
0.00640242 2.34375e-09
0.0065518 2.34266e-09
0.00670467 2.34156e-09
0.0068611 2.34047e-09
0.00702119 2.33938e-09
0.00718501 2.33829e-09
0.00735265 2.3372e-09
0.00752421 2.33611e-09
0.00769976 2.33502e-09
0.00787942 2.33393e-09
0.00806326 2.33284e-09
0.0082514 2.33175e-09
0.00844392 2.33066e-09
0.00864094 2.32958e-09
0.00884255 2.32849e-09
0.00904887 2.3274e-09
0.00926 2.32632e-09
0.00947606 2.32523e-09
0.00969716 2.32415e-09
0.00992341 2.32307e-09
0.010155 2.32198e-09
0.0103919 2.3209e-09
0.0106344 2.31982e-09
0.0108825 2.31873e-09
0.0111364 2.31765e-09
0.0113962 2.31657e-09
0.0116621 2.31549e-09
0.0119342 2.31441e-09
0.0122127 2.31333e-09
0.0124976 2.31225e-09
0.0127892 2.31117e-09
0.0130876 2.3101e-09
0.013393 2.30902e-09
0.0137055 2.30794e-09
0.0140253 2.30687e-09
0.0143525 2.30579e-09
0.0146874 2.30471e-09
0.0150301 2.30364e-09
0.0153808 2.30257e-09
0.0157396 2.30149e-09
0.0161069 2.30042e-09
0.0164827 2.29934e-09
0.0168673 2.29827e-09
0.0172608 2.2972e-09
0.0176636 2.29613e-09
0.0180757 2.29506e-09
0.0184974 2.29399e-09
0.018929 2.29292e-09
0.0193707 2.29185e-09
0.0198227 2.29078e-09
0.0202852 2.28971e-09
0.0207585 2.28864e-09
0.0212428 2.28758e-09
0.0217385 2.28651e-09
0.0222457 2.28544e-09
0.0227647 2.28438e-09
0.0232959 2.28331e-09
0.0238394 2.28225e-09
0.0243956 2.28118e-09
0.0249648 2.28012e-09
0.0255473 2.27905e-09
0.0261434 2.27799e-09
0.0267534 2.27693e-09
0.0273776 2.27587e-09
0.0280164 2.2748e-09
0.0286701 2.27374e-09
0.029339 2.27268e-09
0.0300236 2.27162e-09
0.0307241 2.27056e-09
0.031441 2.2695e-09
0.0321746 2.26845e-09
0.0329253 2.26739e-09
0.0336935 2.26633e-09
0.0344796 2.26527e-09
0.0352841 2.26422e-09
0.0361074 2.26316e-09
0.0369499 2.26211e-09
0.037812 2.26105e-09
0.0386942 2.26e-09
0.039597 2.25894e-09
0.0405209 2.25789e-09
0.0414664 2.25684e-09
0.0424339 2.25578e-09
0.043424 2.25473e-09
0.0444372 2.25368e-09
0.045474 2.25263e-09
0.046535 2.25158e-09
0.0476208 2.25053e-09
0.0487319 2.24948e-09
0.0498689 2.24843e-09
0.0510324 2.24738e-09
0.0522232 2.24633e-09
0.0534416 2.24528e-09
0.0546886 2.24424e-09
0.0559646 2.24319e-09
0.0572704 2.24214e-09
0.0586066 2.2411e-09
0.059974 2.24005e-09
0.0613734 2.23901e-09
0.0628054 2.23796e-09
0.0642707 2.23692e-09
0.0657703 2.23588e-09
0.0673049 2.23483e-09
0.0688753 2.23379e-09
0.0704823 2.23275e-09
0.0721268 2.23171e-09
0.0738097 2.23067e-09
0.0755319 2.22963e-09
0.0772942 2.22859e-09
0.0790977 2.22755e-09
0.0809432 2.22651e-09
0.0828318 2.22547e-09
0.0847644 2.22443e-09
0.0867422 2.22339e-09
0.0887661 2.22236e-09
0.0908372 2.22132e-09
0.0929567 2.22028e-09
0.0951255 2.21925e-09
0.097345 2.21821e-09
0.0996163 2.21718e-09
0.101941 2.21614e-09
0.104319 2.21511e-09
0.106753 2.21408e-09
0.109244 2.21305e-09
0.111793 2.21201e-09
0.114401 2.21098e-09
0.11707 2.20995e-09
0.119802 2.20892e-09
0.122597 2.20789e-09
0.125458 2.20686e-09
0.128385 2.20583e-09
0.13138 2.2048e-09
0.134446 2.20377e-09
0.137583 2.20275e-09
0.140793 2.20172e-09
0.144078 2.20069e-09
0.14744 2.19966e-09
0.15088 2.19864e-09
0.1544 2.19761e-09
0.158003 2.19659e-09
0.161689 2.19556e-09
0.165462 2.19454e-09
0.169322 2.19352e-09
0.173273 2.19249e-09
0.177316 2.19147e-09
0.181453 2.19045e-09
0.185687 2.18943e-09
0.190019 2.18841e-09
0.194453 2.18738e-09
0.19899 2.18636e-09
0.203633 2.18534e-09
0.208384 2.18433e-09
0.213246 2.18331e-09
0.218222 2.18229e-09
0.223313 2.18127e-09
0.228524 2.18025e-09
0.233856 2.17924e-09
0.239312 2.17822e-09
0.244896 2.1772e-09
0.25061 2.17619e-09
0.256457 2.17517e-09
0.262441 2.17416e-09
0.268564 2.17314e-09
0.274831 2.17213e-09
0.281243 2.17112e-09
0.287805 2.17011e-09
0.29452 2.16909e-09
0.301392 2.16808e-09
0.308424 2.16707e-09
0.315621 2.16606e-09
0.322985 2.16505e-09
0.330521 2.16404e-09
0.338233 2.16303e-09
0.346124 2.16202e-09
0.3542 2.16101e-09
0.362464 2.16001e-09
0.370922 2.159e-09
0.379576 2.15799e-09
0.388432 2.15698e-09
0.397496 2.15598e-09
0.40677 2.15497e-09
0.416261 2.15397e-09
0.425973 2.15296e-09
0.435912 2.15196e-09
0.446083 2.15096e-09
0.456491 2.14995e-09
0.467142 2.14895e-09
0.478042 2.14795e-09
0.489196 2.14694e-09
0.50061 2.14594e-09
0.51229 2.14494e-09
0.524243 2.14394e-09
0.536475 2.14294e-09
0.548992 2.14194e-09
0.561801 2.14094e-09
0.574909 2.13995e-09
0.588323 2.13895e-09
0.60205 2.13795e-09
0.616097 2.13695e-09
0.630472 2.13596e-09
0.645183 2.13496e-09
0.660236 2.13396e-09
0.675641 2.13297e-09
0.691406 2.13197e-09
0.707538 2.13098e-09
0.724046 2.12999e-09
0.74094 2.12899e-09
0.758228 2.128e-09
0.775919 2.12701e-09
0.794023 2.12601e-09
0.812549 2.12502e-09
0.831508 2.12403e-09
0.850909 2.12304e-09
0.870763 2.12205e-09
0.89108 2.12106e-09
0.911871 2.12007e-09
0.933147 2.11908e-09
0.954919 2.11809e-09
0.9772 2.11711e-09
1 2.11612e-09
1.02333 2.11513e-09
1.04721 2.11415e-09
