9.54919e-07 2.8076e-09
9.772e-07 2.8059e-09
1e-06 2.80421e-09
1.02333e-06 2.80252e-09
1.04721e-06 2.80083e-09
1.07164e-06 2.79914e-09
1.09665e-06 2.79745e-09
1.12223e-06 2.79576e-09
1.14842e-06 2.79407e-09
1.17521e-06 2.79238e-09
1.20263e-06 2.7907e-09
1.23069e-06 2.78902e-09
1.25941e-06 2.78733e-09
1.28879e-06 2.78565e-09
1.31886e-06 2.78397e-09
1.34964e-06 2.78229e-09
1.38113e-06 2.78061e-09
1.41335e-06 2.77893e-09
1.44633e-06 2.77725e-09
1.48008e-06 2.77558e-09
1.51461e-06 2.7739e-09
1.54995e-06 2.77223e-09
1.58611e-06 2.77056e-09
1.62312e-06 2.76888e-09
1.66099e-06 2.76721e-09
1.69975e-06 2.76554e-09
1.7394e-06 2.76387e-09
1.77999e-06 2.76221e-09
1.82152e-06 2.76054e-09
1.86402e-06 2.75887e-09
1.90751e-06 2.75721e-09
1.95202e-06 2.75554e-09
1.99756e-06 2.75388e-09
2.04417e-06 2.75222e-09
2.09187e-06 2.75056e-09
2.14068e-06 2.7489e-09
2.19062e-06 2.74724e-09
2.24174e-06 2.74558e-09
2.29404e-06 2.74392e-09
2.34757e-06 2.74227e-09
2.40234e-06 2.74061e-09
2.45839e-06 2.73896e-09
2.51575e-06 2.73731e-09
2.57445e-06 2.73566e-09
2.63452e-06 2.734e-09
2.69599e-06 2.73235e-09
2.75889e-06 2.73071e-09
2.82326e-06 2.72906e-09
2.88914e-06 2.72741e-09
2.95655e-06 2.72576e-09
3.02553e-06 2.72412e-09
3.09612e-06 2.72248e-09
3.16836e-06 2.72083e-09
3.24229e-06 2.71919e-09
3.31794e-06 2.71755e-09
3.39535e-06 2.71591e-09
3.47457e-06 2.71427e-09
3.55564e-06 2.71263e-09
3.6386e-06 2.711e-09
3.7235e-06 2.70936e-09
3.81038e-06 2.70772e-09
3.89928e-06 2.70609e-09
3.99026e-06 2.70446e-09
4.08337e-06 2.70282e-09
4.17864e-06 2.70119e-09
4.27614e-06 2.69956e-09
4.37591e-06 2.69793e-09
4.47801e-06 2.69631e-09
4.58249e-06 2.69468e-09
4.68941e-06 2.69305e-09
4.79883e-06 2.69143e-09
4.9108e-06 2.6898e-09
5.02538e-06 2.68818e-09
5.14263e-06 2.68656e-09
5.26262e-06 2.68494e-09
5.38541e-06 2.68332e-09
5.51106e-06 2.6817e-09
5.63965e-06 2.68008e-09
5.77124e-06 2.67846e-09
5.90589e-06 2.67684e-09
6.04369e-06 2.67523e-09
6.1847e-06 2.67361e-09
6.32901e-06 2.672e-09
6.47668e-06 2.67039e-09
6.62779e-06 2.66878e-09
6.78244e-06 2.66717e-09
6.94069e-06 2.66556e-09
7.10263e-06 2.66395e-09
7.26835e-06 2.66234e-09
7.43794e-06 2.66073e-09
7.61148e-06 2.65913e-09
7.78907e-06 2.65752e-09
7.97081e-06 2.65592e-09
8.15679e-06 2.65432e-09
8.34711e-06 2.65271e-09
8.54186e-06 2.65111e-09
8.74116e-06 2.64951e-09
8.94512e-06 2.64791e-09
9.15383e-06 2.64632e-09
9.36741e-06 2.64472e-09
9.58597e-06 2.64312e-09
9.80963e-06 2.64153e-09
1.00385e-05 2.63993e-09
1.02727e-05 2.63834e-09
1.05124e-05 2.63675e-09
1.07577e-05 2.63516e-09
1.10087e-05 2.63357e-09
1.12656e-05 2.63198e-09
1.15284e-05 2.63039e-09
1.17974e-05 2.6288e-09
1.20727e-05 2.62722e-09
1.23543e-05 2.62563e-09
1.26426e-05 2.62405e-09
1.29376e-05 2.62246e-09
1.32394e-05 2.62088e-09
1.35484e-05 2.6193e-09
1.38645e-05 2.61772e-09
1.4188e-05 2.61614e-09
1.4519e-05 2.61456e-09
1.48578e-05 2.61298e-09
1.52044e-05 2.6114e-09
1.55592e-05 2.60983e-09
1.59222e-05 2.60825e-09
1.62937e-05 2.60668e-09
1.66739e-05 2.60511e-09
1.70629e-05 2.60353e-09
1.7461e-05 2.60196e-09
1.78684e-05 2.60039e-09
1.82854e-05 2.59882e-09
1.8712e-05 2.59725e-09
1.91486e-05 2.59569e-09
1.95954e-05 2.59412e-09
2.00526e-05 2.59255e-09
2.05205e-05 2.59099e-09
2.09992e-05 2.58943e-09
2.14892e-05 2.58786e-09
2.19906e-05 2.5863e-09
2.25037e-05 2.58474e-09
2.30288e-05 2.58318e-09
2.35661e-05 2.58162e-09
2.41159e-05 2.58006e-09
2.46786e-05 2.57851e-09
2.52544e-05 2.57695e-09
2.58437e-05 2.5754e-09
2.64466e-05 2.57384e-09
2.70637e-05 2.57229e-09
2.76952e-05 2.57074e-09
2.83414e-05 2.56918e-09
2.90026e-05 2.56763e-09
2.96793e-05 2.56608e-09
3.03718e-05 2.56454e-09
3.10805e-05 2.56299e-09
3.18056e-05 2.56144e-09
3.25477e-05 2.5599e-09
3.33072e-05 2.55835e-09
3.40843e-05 2.55681e-09
3.48796e-05 2.55526e-09
3.56934e-05 2.55372e-09
3.65262e-05 2.55218e-09
3.73784e-05 2.55064e-09
3.82506e-05 2.5491e-09
3.9143e-05 2.54756e-09
4.00563e-05 2.54602e-09
4.09909e-05 2.54449e-09
4.19473e-05 2.54295e-09
4.29261e-05 2.54142e-09
4.39276e-05 2.53988e-09
4.49526e-05 2.53835e-09
4.60014e-05 2.53682e-09
4.70747e-05 2.53529e-09
4.81731e-05 2.53376e-09
4.92971e-05 2.53223e-09
5.04473e-05 2.5307e-09
5.16244e-05 2.52917e-09
5.28289e-05 2.52765e-09
5.40615e-05 2.52612e-09
5.53229e-05 2.5246e-09
5.66137e-05 2.52307e-09
5.79346e-05 2.52155e-09
5.92864e-05 2.52003e-09
6.06697e-05 2.51851e-09
6.20852e-05 2.51699e-09
6.35338e-05 2.51547e-09
6.50162e-05 2.51395e-09
6.65332e-05 2.51243e-09
6.80856e-05 2.51092e-09
6.96742e-05 2.5094e-09
7.12998e-05 2.50789e-09
7.29634e-05 2.50638e-09
7.46658e-05 2.50486e-09
7.6408e-05 2.50335e-09
7.81907e-05 2.50184e-09
8.00151e-05 2.50033e-09
8.1882e-05 2.49882e-09
8.37925e-05 2.49731e-09
8.57476e-05 2.49581e-09
8.77483e-05 2.4943e-09
8.97957e-05 2.49279e-09
9.18908e-05 2.49129e-09
9.40348e-05 2.48979e-09
9.62289e-05 2.48828e-09
9.84741e-05 2.48678e-09
0.000100772 2.48528e-09
0.000103123 2.48378e-09
0.000105529 2.48228e-09
0.000107991 2.48078e-09
0.000110511 2.47929e-09
0.00011309 2.47779e-09
0.000115728 2.4763e-09
0.000118428 2.4748e-09
0.000121192 2.47331e-09
0.000124019 2.47182e-09
0.000126913 2.47032e-09
0.000129874 2.46883e-09
0.000132904 2.46734e-09
0.000136005 2.46585e-09
0.000139179 2.46437e-09
0.000142426 2.46288e-09
0.000145749 2.46139e-09
0.00014915 2.45991e-09
0.00015263 2.45842e-09
0.000156191 2.45694e-09
0.000159835 2.45546e-09
0.000163565 2.45397e-09
0.000167381 2.45249e-09
0.000171286 2.45101e-09
0.000175283 2.44953e-09
0.000179373 2.44806e-09
0.000183558 2.44658e-09
0.000187841 2.4451e-09
0.000192223 2.44363e-09
0.000196708 2.44215e-09
0.000201298 2.44068e-09
0.000205995 2.4392e-09
0.000210801 2.43773e-09
0.00021572 2.43626e-09
0.000220753 2.43479e-09
0.000225904 2.43332e-09
0.000231174 2.43185e-09
0.000236568 2.43039e-09
0.000242088 2.42892e-09
0.000247736 2.42745e-09
0.000253517 2.42599e-09
0.000259432 2.42452e-09
0.000265485 2.42306e-09
0.000271679 2.4216e-09
0.000278018 2.42014e-09
0.000284505 2.41868e-09
0.000291143 2.41722e-09
0.000297936 2.41576e-09
0.000304888 2.4143e-09
0.000312002 2.41284e-09
0.000319281 2.41139e-09
0.000326731 2.40993e-09
0.000334354 2.40848e-09
0.000342156 2.40702e-09
0.000350139 2.40557e-09
0.000358308 2.40412e-09
0.000366669 2.40267e-09
0.000375224 2.40122e-09
0.000383979 2.39977e-09
0.000392938 2.39832e-09
0.000402106 2.39687e-09
0.000411488 2.39543e-09
0.000421089 2.39398e-09
0.000430914 2.39254e-09
0.000440968 2.39109e-09
0.000451257 2.38965e-09
0.000461786 2.38821e-09
0.000472561 2.38677e-09
0.000483586 2.38533e-09
0.00049487 2.38389e-09
0.000506416 2.38245e-09
0.000518232 2.38101e-09
0.000530324 2.37957e-09
0.000542697 2.37814e-09
0.00055536 2.3767e-09
0.000568317 2.37527e-09
0.000581578 2.37383e-09
0.000595147 2.3724e-09
0.000609033 2.37097e-09
0.000623244 2.36954e-09
0.000637785 2.36811e-09
0.000652666 2.36668e-09
0.000667894 2.36525e-09
0.000683478 2.36382e-09
0.000699425 2.3624e-09
0.000715744 2.36097e-09
0.000732444 2.35955e-09
0.000749534 2.35812e-09
0.000767022 2.3567e-09
0.000784919 2.35528e-09
0.000803233 2.35386e-09
0.000821974 2.35244e-09
0.000841153 2.35102e-09
0.000860779 2.3496e-09
0.000880863 2.34818e-09
0.000901415 2.34676e-09
0.000922447 2.34535e-09
0.00094397 2.34393e-09
0.000965995 2.34252e-09
0.000988534 2.3411e-09
0.0010116 2.33969e-09
0.0010352 2.33828e-09
0.00105936 2.33687e-09
0.00108407 2.33546e-09
0.00110937 2.33405e-09
0.00113525 2.33264e-09
0.00116174 2.33123e-09
0.00118884 2.32982e-09
0.00121658 2.32842e-09
0.00124497 2.32701e-09
0.00127402 2.32561e-09
0.00130374 2.3242e-09
0.00133416 2.3228e-09
0.00136529 2.3214e-09
0.00139715 2.32e-09
0.00142975 2.3186e-09
0.0014631 2.3172e-09
0.00149724 2.3158e-09
0.00153218 2.3144e-09
0.00156793 2.31301e-09
0.00160451 2.31161e-09
0.00164195 2.31022e-09
0.00168026 2.30882e-09
0.00171946 2.30743e-09
0.00175958 2.30604e-09
0.00180064 2.30464e-09
0.00184265 2.30325e-09
0.00188564 2.30186e-09
0.00192964 2.30047e-09
0.00197466 2.29909e-09
0.00202073 2.2977e-09
0.00206788 2.29631e-09
0.00211613 2.29493e-09
0.00216551 2.29354e-09
0.00221603 2.29216e-09
0.00226774 2.29077e-09
0.00232065 2.28939e-09
0.00237479 2.28801e-09
0.0024302 2.28663e-09
0.00248691 2.28525e-09
0.00254493 2.28387e-09
0.00260431 2.28249e-09
0.00266508 2.28111e-09
0.00272726 2.27974e-09
0.00279089 2.27836e-09
0.00285601 2.27699e-09
0.00292265 2.27561e-09
0.00299084 2.27424e-09
0.00306062 2.27287e-09
0.00313203 2.27149e-09
0.00320511 2.27012e-09
0.00327989 2.26875e-09
0.00335642 2.26738e-09
0.00343473 2.26602e-09
0.00351487 2.26465e-09
0.00359688 2.26328e-09
0.00368081 2.26192e-09
0.00376669 2.26055e-09
0.00385458 2.25919e-09
0.00394451 2.25782e-09
0.00403655 2.25646e-09
0.00413073 2.2551e-09
0.00422711 2.25374e-09
0.00432574 2.25238e-09
0.00442667 2.25102e-09
0.00452995 2.24966e-09
0.00463565 2.2483e-09
0.00474381 2.24695e-09
0.00485449 2.24559e-09
0.00496776 2.24423e-09
0.00508367 2.24288e-09
0.00520228 2.24153e-09
0.00532366 2.24017e-09
0.00544787 2.23882e-09
0.00557499 2.23747e-09
0.00570506 2.23612e-09
0.00583818 2.23477e-09
0.00597439 2.23342e-09
0.00611379 2.23207e-09
0.00625644 2.23073e-09
0.00640242 2.22938e-09
0.0065518 2.22804e-09
0.00670467 2.22669e-09
0.0068611 2.22535e-09
0.00702119 2.224e-09
0.00718501 2.22266e-09
0.00735265 2.22132e-09
0.00752421 2.21998e-09
0.00769976 2.21864e-09
0.00787942 2.2173e-09
0.00806326 2.21596e-09
0.0082514 2.21463e-09
0.00844392 2.21329e-09
0.00864094 2.21195e-09
0.00884255 2.21062e-09
0.00904887 2.20928e-09
0.00926 2.20795e-09
0.00947606 2.20662e-09
0.00969716 2.20529e-09
0.00992341 2.20396e-09
0.010155 2.20263e-09
0.0103919 2.2013e-09
0.0106344 2.19997e-09
0.0108825 2.19864e-09
0.0111364 2.19731e-09
0.0113962 2.19599e-09
0.0116621 2.19466e-09
0.0119342 2.19334e-09
0.0122127 2.19201e-09
0.0124976 2.19069e-09
0.0127892 2.18937e-09
0.0130876 2.18805e-09
0.013393 2.18673e-09
0.0137055 2.18541e-09
0.0140253 2.18409e-09
0.0143525 2.18277e-09
0.0146874 2.18145e-09
0.0150301 2.18014e-09
0.0153808 2.17882e-09
0.0157396 2.17751e-09
0.0161069 2.17619e-09
0.0164827 2.17488e-09
0.0168673 2.17357e-09
0.0172608 2.17225e-09
0.0176636 2.17094e-09
0.0180757 2.16963e-09
0.0184974 2.16832e-09
0.018929 2.16702e-09
0.0193707 2.16571e-09
0.0198227 2.1644e-09
0.0202852 2.16309e-09
0.0207585 2.16179e-09
0.0212428 2.16048e-09
0.0217385 2.15918e-09
0.0222457 2.15788e-09
0.0227647 2.15658e-09
0.0232959 2.15527e-09
0.0238394 2.15397e-09
0.0243956 2.15267e-09
0.0249648 2.15137e-09
0.0255473 2.15008e-09
0.0261434 2.14878e-09
0.0267534 2.14748e-09
0.0273776 2.14619e-09
0.0280164 2.14489e-09
0.0286701 2.1436e-09
0.029339 2.1423e-09
0.0300236 2.14101e-09
0.0307241 2.13972e-09
0.031441 2.13843e-09
0.0321746 2.13714e-09
0.0329253 2.13585e-09
0.0336935 2.13456e-09
0.0344796 2.13327e-09
0.0352841 2.13198e-09
0.0361074 2.13069e-09
0.0369499 2.12941e-09
0.037812 2.12812e-09
0.0386942 2.12684e-09
0.039597 2.12556e-09
0.0405209 2.12427e-09
0.0414664 2.12299e-09
0.0424339 2.12171e-09
0.043424 2.12043e-09
0.0444372 2.11915e-09
0.045474 2.11787e-09
0.046535 2.11659e-09
0.0476208 2.11532e-09
0.0487319 2.11404e-09
0.0498689 2.11276e-09
0.0510324 2.11149e-09
0.0522232 2.11021e-09
0.0534416 2.10894e-09
0.0546886 2.10767e-09
0.0559646 2.1064e-09
0.0572704 2.10512e-09
0.0586066 2.10385e-09
0.059974 2.10258e-09
0.0613734 2.10132e-09
0.0628054 2.10005e-09
0.0642707 2.09878e-09
0.0657703 2.09751e-09
0.0673049 2.09625e-09
0.0688753 2.09498e-09
0.0704823 2.09372e-09
0.0721268 2.09245e-09
0.0738097 2.09119e-09
0.0755319 2.08993e-09
0.0772942 2.08867e-09
0.0790977 2.08741e-09
0.0809432 2.08615e-09
0.0828318 2.08489e-09
0.0847644 2.08363e-09
0.0867422 2.08237e-09
0.0887661 2.08112e-09
0.0908372 2.07986e-09
0.0929567 2.07861e-09
0.0951255 2.07735e-09
0.097345 2.0761e-09
0.0996163 2.07484e-09
0.101941 2.07359e-09
0.104319 2.07234e-09
0.106753 2.07109e-09
0.109244 2.06984e-09
0.111793 2.06859e-09
0.114401 2.06734e-09
0.11707 2.0661e-09
0.119802 2.06485e-09
0.122597 2.0636e-09
0.125458 2.06236e-09
0.128385 2.06111e-09
0.13138 2.05987e-09
0.134446 2.05863e-09
0.137583 2.05738e-09
0.140793 2.05614e-09
0.144078 2.0549e-09
0.14744 2.05366e-09
0.15088 2.05242e-09
0.1544 2.05118e-09
0.158003 2.04994e-09
0.161689 2.04871e-09
0.165462 2.04747e-09
0.169322 2.04624e-09
0.173273 2.045e-09
0.177316 2.04377e-09
0.181453 2.04253e-09
0.185687 2.0413e-09
0.190019 2.04007e-09
0.194453 2.03884e-09
0.19899 2.03761e-09
0.203633 2.03638e-09
0.208384 2.03515e-09
0.213246 2.03392e-09
0.218222 2.03269e-09
0.223313 2.03147e-09
0.228524 2.03024e-09
0.233856 2.02901e-09
0.239312 2.02779e-09
0.244896 2.02657e-09
0.25061 2.02534e-09
0.256457 2.02412e-09
0.262441 2.0229e-09
0.268564 2.02168e-09
0.274831 2.02046e-09
0.281243 2.01924e-09
0.287805 2.01802e-09
0.29452 2.0168e-09
0.301392 2.01559e-09
0.308424 2.01437e-09
0.315621 2.01315e-09
0.322985 2.01194e-09
0.330521 2.01072e-09
0.338233 2.00951e-09
0.346124 2.0083e-09
0.3542 2.00709e-09
0.362464 2.00587e-09
0.370922 2.00466e-09
0.379576 2.00345e-09
0.388432 2.00225e-09
0.397496 2.00104e-09
0.40677 1.99983e-09
0.416261 1.99862e-09
0.425973 1.99742e-09
0.435912 1.99621e-09
0.446083 1.99501e-09
0.456491 1.9938e-09
0.467142 1.9926e-09
0.478042 1.9914e-09
0.489196 1.99019e-09
0.50061 1.98899e-09
0.51229 1.98779e-09
0.524243 1.98659e-09
0.536475 1.98539e-09
0.548992 1.9842e-09
0.561801 1.983e-09
0.574909 1.9818e-09
0.588323 1.98061e-09
0.60205 1.97941e-09
0.616097 1.97822e-09
0.630472 1.97702e-09
0.645183 1.97583e-09
0.660236 1.97464e-09
0.675641 1.97345e-09
0.691406 1.97225e-09
0.707538 1.97106e-09
0.724046 1.96987e-09
0.74094 1.96869e-09
0.758228 1.9675e-09
0.775919 1.96631e-09
0.794023 1.96512e-09
0.812549 1.96394e-09
0.831508 1.96275e-09
0.850909 1.96157e-09
0.870763 1.96038e-09
0.89108 1.9592e-09
0.911871 1.95802e-09
0.933147 1.95684e-09
0.954919 1.95566e-09
0.9772 1.95448e-09
1 1.9533e-09
1.02333 1.95212e-09
1.04721 1.95094e-09
