3.85662e-07 3.0497e-09
6.21017e-07 3.01443e-09
1e-06 2.97956e-09
1.61026e-06 2.9451e-09
2.59294e-06 2.91104e-09
4.17532e-06 2.87737e-09
6.72336e-06 2.84409e-09
1.08264e-05 2.8112e-09
1.74333e-05 2.77869e-09
2.80722e-05 2.74655e-09
4.52035e-05 2.71478e-09
7.27895e-05 2.68338e-09
0.00011721 2.65235e-09
0.000188739 2.62167e-09
0.00030392 2.59135e-09
0.00048939 2.56138e-09
0.000788046 2.53176e-09
0.00126896 2.50248e-09
0.00204336 2.47353e-09
0.00329034 2.44493e-09
0.00529832 2.41665e-09
0.00853168 2.3887e-09
0.0137382 2.36107e-09
0.0221222 2.33376e-09
0.0356225 2.30677e-09
0.0573615 2.28009e-09
0.0923671 2.25372e-09
0.148735 2.22766e-09
0.239503 2.20189e-09
0.385662 2.17643e-09
0.621017 2.15125e-09
1 2.12637e-09
1.61026 2.10178e-09
2.59294 2.07747e-09
