3.85662e-07 3.2822e-09
6.21017e-07 3.22838e-09
1e-06 3.17544e-09
1.61026e-06 3.12337e-09
2.59294e-06 3.07215e-09
4.17532e-06 3.02177e-09
6.72336e-06 2.97221e-09
1.08264e-05 2.92347e-09
1.74333e-05 2.87553e-09
2.80722e-05 2.82838e-09
4.52035e-05 2.78199e-09
7.27895e-05 2.73637e-09
0.00011721 2.6915e-09
0.000188739 2.64736e-09
0.00030392 2.60395e-09
0.00048939 2.56125e-09
0.000788046 2.51924e-09
0.00126896 2.47793e-09
0.00204336 2.4373e-09
0.00329034 2.39733e-09
0.00529832 2.35801e-09
0.00853168 2.31935e-09
0.0137382 2.28131e-09
0.0221222 2.2439e-09
0.0356225 2.2071e-09
0.0573615 2.17091e-09
0.0923671 2.13531e-09
0.148735 2.10029e-09
0.239503 2.06585e-09
0.385662 2.03197e-09
0.621017 1.99865e-09
1 1.96588e-09
1.61026 1.93364e-09
2.59294 1.90193e-09
