3.85662e-07 2.84493e-09
6.21017e-07 2.81991e-09
1e-06 2.79511e-09
1.61026e-06 2.77052e-09
2.59294e-06 2.74615e-09
4.17532e-06 2.722e-09
6.72336e-06 2.69806e-09
1.08264e-05 2.67433e-09
1.74333e-05 2.6508e-09
2.80722e-05 2.62749e-09
4.52035e-05 2.60438e-09
7.27895e-05 2.58147e-09
0.00011721 2.55876e-09
0.000188739 2.53626e-09
0.00030392 2.51395e-09
0.00048939 2.49184e-09
0.000788046 2.46992e-09
0.00126896 2.4482e-09
0.00204336 2.42666e-09
0.00329034 2.40532e-09
0.00529832 2.38416e-09
0.00853168 2.36319e-09
0.0137382 2.34241e-09
0.0221222 2.3218e-09
0.0356225 2.30138e-09
0.0573615 2.28114e-09
0.0923671 2.26107e-09
0.148735 2.24119e-09
0.239503 2.22147e-09
0.385662 2.20193e-09
0.621017 2.18257e-09
1 2.16337e-09
1.61026 2.14434e-09
2.59294 2.12548e-09
