3.85662e-07 3.02864e-09
6.21017e-07 2.99936e-09
1e-06 2.97038e-09
1.61026e-06 2.94167e-09
2.59294e-06 2.91324e-09
4.17532e-06 2.88508e-09
6.72336e-06 2.8572e-09
1.08264e-05 2.82958e-09
1.74333e-05 2.80224e-09
2.80722e-05 2.77515e-09
4.52035e-05 2.74833e-09
7.27895e-05 2.72177e-09
0.00011721 2.69547e-09
0.000188739 2.66941e-09
0.00030392 2.64362e-09
0.00048939 2.61807e-09
0.000788046 2.59276e-09
0.00126896 2.5677e-09
0.00204336 2.54289e-09
0.00329034 2.51831e-09
0.00529832 2.49397e-09
0.00853168 2.46987e-09
0.0137382 2.446e-09
0.0221222 2.42236e-09
0.0356225 2.39895e-09
0.0573615 2.37576e-09
0.0923671 2.3528e-09
0.148735 2.33006e-09
0.239503 2.30754e-09
0.385662 2.28524e-09
0.621017 2.26315e-09
1 2.24128e-09
1.61026 2.21962e-09
2.59294 2.19817e-09
