3.85662e-07 2.67832e-09
6.21017e-07 2.66406e-09
1e-06 2.64987e-09
1.61026e-06 2.63576e-09
2.59294e-06 2.62172e-09
4.17532e-06 2.60776e-09
6.72336e-06 2.59387e-09
1.08264e-05 2.58005e-09
1.74333e-05 2.56631e-09
2.80722e-05 2.55265e-09
4.52035e-05 2.53905e-09
7.27895e-05 2.52553e-09
0.00011721 2.51208e-09
0.000188739 2.4987e-09
0.00030392 2.48539e-09
0.00048939 2.47216e-09
0.000788046 2.45899e-09
0.00126896 2.44589e-09
0.00204336 2.43287e-09
0.00329034 2.41991e-09
0.00529832 2.40702e-09
0.00853168 2.3942e-09
0.0137382 2.38145e-09
0.0221222 2.36877e-09
0.0356225 2.35615e-09
0.0573615 2.34361e-09
0.0923671 2.33112e-09
0.148735 2.31871e-09
0.239503 2.30636e-09
0.385662 2.29408e-09
0.621017 2.28186e-09
1 2.26971e-09
1.61026 2.25762e-09
2.59294 2.2456e-09
