3.85662e-07 3.14291e-09
6.21017e-07 3.10365e-09
1e-06 3.06488e-09
1.61026e-06 3.02659e-09
2.59294e-06 2.98879e-09
4.17532e-06 2.95145e-09
6.72336e-06 2.91458e-09
1.08264e-05 2.87818e-09
1.74333e-05 2.84222e-09
2.80722e-05 2.80672e-09
4.52035e-05 2.77166e-09
7.27895e-05 2.73704e-09
0.00011721 2.70285e-09
0.000188739 2.66909e-09
0.00030392 2.63574e-09
0.00048939 2.60282e-09
0.000788046 2.57031e-09
0.00126896 2.5382e-09
0.00204336 2.50649e-09
0.00329034 2.47518e-09
0.00529832 2.44426e-09
0.00853168 2.41373e-09
0.0137382 2.38358e-09
0.0221222 2.35381e-09
0.0356225 2.3244e-09
0.0573615 2.29537e-09
0.0923671 2.2667e-09
0.148735 2.23838e-09
0.239503 2.21042e-09
0.385662 2.18281e-09
0.621017 2.15554e-09
1 2.12862e-09
1.61026 2.10203e-09
2.59294 2.07577e-09
