3.85662e-07 2.93491e-09
6.21017e-07 2.9018e-09
1e-06 2.86907e-09
1.61026e-06 2.83671e-09
2.59294e-06 2.80472e-09
4.17532e-06 2.77308e-09
6.72336e-06 2.7418e-09
1.08264e-05 2.71088e-09
1.74333e-05 2.6803e-09
2.80722e-05 2.65007e-09
4.52035e-05 2.62018e-09
7.27895e-05 2.59062e-09
0.00011721 2.5614e-09
0.000188739 2.53251e-09
0.00030392 2.50395e-09
0.00048939 2.4757e-09
0.000788046 2.44778e-09
0.00126896 2.42017e-09
0.00204336 2.39287e-09
0.00329034 2.36588e-09
0.00529832 2.3392e-09
0.00853168 2.31281e-09
0.0137382 2.28673e-09
0.0221222 2.26093e-09
0.0356225 2.23543e-09
0.0573615 2.21022e-09
0.0923671 2.18529e-09
0.148735 2.16064e-09
0.239503 2.13627e-09
0.385662 2.11217e-09
0.621017 2.08835e-09
1 2.0648e-09
1.61026 2.04151e-09
2.59294 2.01848e-09
