6.86145e-06 2.64337e-09
7.02148e-06 2.6421e-09
7.18525e-06 2.64082e-09
7.35284e-06 2.63955e-09
7.52433e-06 2.63828e-09
7.69983e-06 2.63701e-09
7.87942e-06 2.63574e-09
8.0632e-06 2.63447e-09
8.25126e-06 2.6332e-09
8.44371e-06 2.63193e-09
8.64065e-06 2.63067e-09
8.84219e-06 2.6294e-09
9.04842e-06 2.62813e-09
9.25946e-06 2.62687e-09
9.47543e-06 2.6256e-09
9.69643e-06 2.62434e-09
9.92259e-06 2.62307e-09
1.0154e-05 2.62181e-09
1.03909e-05 2.62055e-09
1.06332e-05 2.61929e-09
1.08812e-05 2.61803e-09
1.1135e-05 2.61677e-09
1.13947e-05 2.61551e-09
1.16605e-05 2.61425e-09
1.19325e-05 2.61299e-09
1.22108e-05 2.61173e-09
1.24956e-05 2.61047e-09
1.2787e-05 2.60921e-09
1.30852e-05 2.60796e-09
1.33904e-05 2.6067e-09
1.37028e-05 2.60545e-09
1.40224e-05 2.60419e-09
1.43494e-05 2.60294e-09
1.46841e-05 2.60168e-09
1.50266e-05 2.60043e-09
1.53771e-05 2.59918e-09
1.57357e-05 2.59793e-09
1.61027e-05 2.59668e-09
1.64783e-05 2.59543e-09
1.68627e-05 2.59418e-09
1.7256e-05 2.59293e-09
1.76584e-05 2.59168e-09
1.80703e-05 2.59043e-09
1.84918e-05 2.58918e-09
1.89231e-05 2.58794e-09
1.93644e-05 2.58669e-09
1.98161e-05 2.58544e-09
2.02783e-05 2.5842e-09
2.07512e-05 2.58295e-09
2.12352e-05 2.58171e-09
2.17305e-05 2.58047e-09
2.22373e-05 2.57923e-09
2.2756e-05 2.57798e-09
2.32868e-05 2.57674e-09
2.38299e-05 2.5755e-09
2.43857e-05 2.57426e-09
2.49545e-05 2.57302e-09
2.55365e-05 2.57178e-09
2.61321e-05 2.57054e-09
2.67416e-05 2.56931e-09
2.73653e-05 2.56807e-09
2.80036e-05 2.56683e-09
2.86567e-05 2.5656e-09
2.93251e-05 2.56436e-09
3.00091e-05 2.56313e-09
3.0709e-05 2.56189e-09
3.14253e-05 2.56066e-09
3.21582e-05 2.55942e-09
3.29083e-05 2.55819e-09
3.36758e-05 2.55696e-09
3.44613e-05 2.55573e-09
3.5265e-05 2.5545e-09
3.60876e-05 2.55327e-09
3.69293e-05 2.55204e-09
3.77906e-05 2.55081e-09
3.8672e-05 2.54958e-09
3.9574e-05 2.54835e-09
4.0497e-05 2.54713e-09
4.14415e-05 2.5459e-09
4.24081e-05 2.54467e-09
4.33972e-05 2.54345e-09
4.44094e-05 2.54222e-09
4.54452e-05 2.541e-09
4.65052e-05 2.53978e-09
4.75899e-05 2.53855e-09
4.86998e-05 2.53733e-09
4.98357e-05 2.53611e-09
5.09981e-05 2.53489e-09
5.21875e-05 2.53367e-09
5.34047e-05 2.53245e-09
5.46503e-05 2.53123e-09
5.5925e-05 2.53001e-09
5.72294e-05 2.52879e-09
5.85642e-05 2.52757e-09
5.99301e-05 2.52635e-09
6.13279e-05 2.52514e-09
6.27583e-05 2.52392e-09
6.42221e-05 2.52271e-09
6.572e-05 2.52149e-09
6.72528e-05 2.52028e-09
6.88214e-05 2.51906e-09
7.04266e-05 2.51785e-09
7.20692e-05 2.51664e-09
7.37501e-05 2.51543e-09
7.54703e-05 2.51422e-09
7.72305e-05 2.513e-09
7.90318e-05 2.51179e-09
8.08752e-05 2.51058e-09
8.27615e-05 2.50938e-09
8.46918e-05 2.50817e-09
8.66671e-05 2.50696e-09
8.86885e-05 2.50575e-09
9.07571e-05 2.50455e-09
9.28739e-05 2.50334e-09
9.50401e-05 2.50213e-09
9.72568e-05 2.50093e-09
9.95252e-05 2.49973e-09
0.000101846 2.49852e-09
0.000104222 2.49732e-09
0.000106653 2.49612e-09
0.00010914 2.49491e-09
0.000111686 2.49371e-09
0.000114291 2.49251e-09
0.000116957 2.49131e-09
0.000119684 2.49011e-09
0.000122476 2.48891e-09
0.000125332 2.48771e-09
0.000128256 2.48652e-09
0.000131247 2.48532e-09
0.000134308 2.48412e-09
0.000137441 2.48293e-09
0.000140647 2.48173e-09
0.000143927 2.48053e-09
0.000147284 2.47934e-09
0.000150719 2.47815e-09
0.000154234 2.47695e-09
0.000157832 2.47576e-09
0.000161513 2.47457e-09
0.00016528 2.47338e-09
0.000169135 2.47219e-09
0.00017308 2.47099e-09
0.000177117 2.4698e-09
0.000181248 2.46862e-09
0.000185475 2.46743e-09
0.000189801 2.46624e-09
0.000194228 2.46505e-09
0.000198758 2.46386e-09
0.000203394 2.46268e-09
0.000208138 2.46149e-09
0.000212993 2.46031e-09
0.00021796 2.45912e-09
0.000223044 2.45794e-09
0.000228246 2.45675e-09
0.00023357 2.45557e-09
0.000239018 2.45439e-09
0.000244592 2.45321e-09
0.000250297 2.45202e-09
0.000256135 2.45084e-09
0.000262109 2.44966e-09
0.000268223 2.44848e-09
0.000274479 2.44731e-09
0.00028088 2.44613e-09
0.000287432 2.44495e-09
0.000294136 2.44377e-09
0.000300996 2.44259e-09
0.000308016 2.44142e-09
0.0003152 2.44024e-09
0.000322552 2.43907e-09
0.000330075 2.43789e-09
0.000337774 2.43672e-09
0.000345652 2.43555e-09
0.000353714 2.43437e-09
0.000361964 2.4332e-09
0.000370406 2.43203e-09
0.000379046 2.43086e-09
0.000387886 2.42969e-09
0.000396933 2.42852e-09
0.000406191 2.42735e-09
0.000415665 2.42618e-09
0.00042536 2.42501e-09
0.000435281 2.42384e-09
0.000445434 2.42268e-09
0.000455823 2.42151e-09
0.000466454 2.42034e-09
0.000477334 2.41918e-09
0.000488467 2.41801e-09
0.00049986 2.41685e-09
0.000511519 2.41568e-09
0.000523449 2.41452e-09
0.000535658 2.41336e-09
0.000548152 2.4122e-09
0.000560937 2.41103e-09
0.00057402 2.40987e-09
0.000587408 2.40871e-09
0.000601109 2.40755e-09
0.000615129 2.40639e-09
0.000629476 2.40523e-09
0.000644158 2.40408e-09
0.000659182 2.40292e-09
0.000674557 2.40176e-09
0.00069029 2.40061e-09
0.00070639 2.39945e-09
0.000722866 2.39829e-09
0.000739726 2.39714e-09
0.000756979 2.39598e-09
0.000774635 2.39483e-09
0.000792702 2.39368e-09
0.000811191 2.39252e-09
0.000830111 2.39137e-09
0.000849472 2.39022e-09
0.000869285 2.38907e-09
0.00088956 2.38792e-09
0.000910308 2.38677e-09
0.00093154 2.38562e-09
0.000953267 2.38447e-09
0.000975501 2.38332e-09
0.000998253 2.38218e-09
0.00102154 2.38103e-09
0.00104536 2.37988e-09
0.00106974 2.37874e-09
0.00109469 2.37759e-09
0.00112023 2.37645e-09
0.00114636 2.3753e-09
0.00117309 2.37416e-09
0.00120045 2.37301e-09
0.00122845 2.37187e-09
0.00125711 2.37073e-09
0.00128643 2.36959e-09
0.00131643 2.36845e-09
0.00134713 2.36731e-09
0.00137855 2.36617e-09
0.00141071 2.36503e-09
0.00144361 2.36389e-09
0.00147728 2.36275e-09
0.00151174 2.36161e-09
0.001547 2.36047e-09
0.00158308 2.35934e-09
0.00162 2.3582e-09
0.00165779 2.35707e-09
0.00169645 2.35593e-09
0.00173602 2.3548e-09
0.00177651 2.35366e-09
0.00181795 2.35253e-09
0.00186035 2.3514e-09
0.00190374 2.35026e-09
0.00194814 2.34913e-09
0.00199358 2.348e-09
0.00204008 2.34687e-09
0.00208766 2.34574e-09
0.00213635 2.34461e-09
0.00218618 2.34348e-09
0.00223717 2.34235e-09
0.00228935 2.34123e-09
0.00234274 2.3401e-09
0.00239738 2.33897e-09
0.0024533 2.33784e-09
0.00251052 2.33672e-09
0.00256908 2.33559e-09
0.002629 2.33447e-09
0.00269032 2.33334e-09
0.00275306 2.33222e-09
0.00281728 2.3311e-09
0.00288299 2.32998e-09
0.00295023 2.32885e-09
0.00301904 2.32773e-09
0.00308945 2.32661e-09
0.00316151 2.32549e-09
0.00323525 2.32437e-09
0.00331071 2.32325e-09
0.00338793 2.32213e-09
0.00346695 2.32101e-09
0.00354781 2.3199e-09
0.00363056 2.31878e-09
0.00371523 2.31766e-09
0.00380189 2.31655e-09
0.00389056 2.31543e-09
0.00398131 2.31432e-09
0.00407416 2.3132e-09
0.00416919 2.31209e-09
0.00426643 2.31097e-09
0.00436594 2.30986e-09
0.00446777 2.30875e-09
0.00457198 2.30764e-09
0.00467861 2.30653e-09
0.00478774 2.30542e-09
0.0048994 2.30431e-09
0.00501368 2.3032e-09
0.00513061 2.30209e-09
0.00525028 2.30098e-09
0.00537274 2.29987e-09
0.00549805 2.29876e-09
0.00562628 2.29766e-09
0.00575751 2.29655e-09
0.0058918 2.29544e-09
0.00602922 2.29434e-09
0.00616984 2.29323e-09
0.00631375 2.29213e-09
0.00646101 2.29103e-09
0.0066117 2.28992e-09
0.00676591 2.28882e-09
0.00692372 2.28772e-09
0.00708521 2.28662e-09
0.00725046 2.28551e-09
0.00741957 2.28441e-09
0.00759262 2.28331e-09
0.00776971 2.28221e-09
0.00795093 2.28112e-09
0.00813637 2.28002e-09
0.00832615 2.27892e-09
0.00852034 2.27782e-09
0.00871907 2.27672e-09
0.00892243 2.27563e-09
0.00913054 2.27453e-09
0.0093435 2.27344e-09
0.00956142 2.27234e-09
0.00978443 2.27125e-09
0.0100126 2.27015e-09
0.0102462 2.26906e-09
0.0104852 2.26797e-09
0.0107297 2.26688e-09
0.01098 2.26578e-09
0.0112361 2.26469e-09
0.0114981 2.2636e-09
0.0117663 2.26251e-09
0.0120407 2.26142e-09
0.0123216 2.26033e-09
0.012609 2.25925e-09
0.0129031 2.25816e-09
0.013204 2.25707e-09
0.013512 2.25598e-09
0.0138271 2.2549e-09
0.0141496 2.25381e-09
0.0144796 2.25273e-09
0.0148174 2.25164e-09
0.015163 2.25056e-09
0.0155166 2.24947e-09
0.0158785 2.24839e-09
0.0162489 2.24731e-09
0.0166279 2.24623e-09
0.0170157 2.24514e-09
0.0174126 2.24406e-09
0.0178187 2.24298e-09
0.0182343 2.2419e-09
0.0186596 2.24082e-09
0.0190948 2.23974e-09
0.0195402 2.23866e-09
0.0199959 2.23759e-09
0.0204623 2.23651e-09
0.0209395 2.23543e-09
0.0214279 2.23436e-09
0.0219277 2.23328e-09
0.0224392 2.2322e-09
0.0229625 2.23113e-09
0.0234981 2.23005e-09
0.0240462 2.22898e-09
0.024607 2.22791e-09
0.0251809 2.22683e-09
0.0257682 2.22576e-09
0.0263693 2.22469e-09
0.0269843 2.22362e-09
0.0276137 2.22255e-09
0.0282577 2.22148e-09
0.0289168 2.22041e-09
0.0295913 2.21934e-09
0.0302814 2.21827e-09
0.0309877 2.2172e-09
0.0317105 2.21613e-09
0.0324501 2.21507e-09
0.0332069 2.214e-09
0.0339814 2.21293e-09
0.034774 2.21187e-09
0.0355851 2.2108e-09
0.0364151 2.20974e-09
0.0372644 2.20868e-09
0.0381335 2.20761e-09
0.039023 2.20655e-09
0.0399331 2.20549e-09
0.0408645 2.20442e-09
0.0418176 2.20336e-09
0.042793 2.2023e-09
0.0437911 2.20124e-09
0.0448125 2.20018e-09
0.0458577 2.19912e-09
0.0469272 2.19806e-09
0.0480218 2.197e-09
0.0491418 2.19595e-09
0.050288 2.19489e-09
0.0514609 2.19383e-09
0.0526611 2.19277e-09
0.0538894 2.19172e-09
0.0551463 2.19066e-09
0.0564325 2.18961e-09
0.0577488 2.18855e-09
0.0590957 2.1875e-09
0.060474 2.18645e-09
0.0618845 2.18539e-09
0.0633279 2.18434e-09
0.0648049 2.18329e-09
0.0663164 2.18224e-09
0.0678632 2.18119e-09
0.069446 2.18014e-09
0.0710658 2.17909e-09
0.0727233 2.17804e-09
0.0744195 2.17699e-09
0.0761552 2.17594e-09
0.0779314 2.17489e-09
0.0797491 2.17385e-09
0.0816091 2.1728e-09
0.0835126 2.17175e-09
0.0854604 2.17071e-09
0.0874537 2.16966e-09
0.0894934 2.16862e-09
0.0915808 2.16757e-09
0.0937168 2.16653e-09
0.0959026 2.16549e-09
0.0981394 2.16444e-09
0.100428 2.1634e-09
0.102771 2.16236e-09
0.105168 2.16132e-09
0.107621 2.16028e-09
0.110131 2.15924e-09
0.112699 2.1582e-09
0.115328 2.15716e-09
0.118018 2.15612e-09
0.120771 2.15508e-09
0.123587 2.15404e-09
0.12647 2.15301e-09
0.12942 2.15197e-09
0.132438 2.15093e-09
0.135527 2.1499e-09
0.138688 2.14886e-09
0.141923 2.14783e-09
0.145233 2.14679e-09
0.148621 2.14576e-09
0.152087 2.14472e-09
0.155634 2.14369e-09
0.159264 2.14266e-09
0.162979 2.14163e-09
0.16678 2.1406e-09
0.17067 2.13957e-09
0.174651 2.13854e-09
0.178724 2.13751e-09
0.182893 2.13648e-09
0.187159 2.13545e-09
0.191524 2.13442e-09
0.195991 2.13339e-09
0.200562 2.13236e-09
0.20524 2.13134e-09
0.210027 2.13031e-09
0.214926 2.12929e-09
0.219938 2.12826e-09
0.225068 2.12723e-09
0.230318 2.12621e-09
0.23569 2.12519e-09
0.241187 2.12416e-09
0.246812 2.12314e-09
0.252569 2.12212e-09
0.25846 2.1211e-09
0.264488 2.12007e-09
0.270657 2.11905e-09
0.27697 2.11803e-09
0.28343 2.11701e-09
0.29004 2.11599e-09
0.296805 2.11497e-09
0.303728 2.11396e-09
0.310812 2.11294e-09
0.318061 2.11192e-09
0.325479 2.1109e-09
0.333071 2.10989e-09
0.340839 2.10887e-09
0.348789 2.10786e-09
0.356924 2.10684e-09
0.365249 2.10583e-09
0.373768 2.10481e-09
0.382486 2.1038e-09
0.391407 2.10279e-09
0.400536 2.10177e-09
0.409878 2.10076e-09
0.419438 2.09975e-09
0.429221 2.09874e-09
0.439232 2.09773e-09
0.449476 2.09672e-09
0.45996 2.09571e-09
0.470688 2.0947e-09
0.481666 2.09369e-09
0.4929 2.09268e-09
0.504396 2.09167e-09
0.516161 2.09067e-09
0.5282 2.08966e-09
0.540519 2.08865e-09
0.553126 2.08765e-09
0.566027 2.08664e-09
0.579229 2.08564e-09
0.592739 2.08463e-09
0.606564 2.08363e-09
0.620711 2.08263e-09
0.635189 2.08162e-09
