3.85662e-07 4.51323e-09
6.21017e-07 4.38613e-09
1e-06 4.2626e-09
1.61026e-06 4.14255e-09
2.59294e-06 4.02588e-09
4.17532e-06 3.9125e-09
6.72336e-06 3.80231e-09
1.08264e-05 3.69522e-09
1.74333e-05 3.59116e-09
2.80722e-05 3.49002e-09
4.52035e-05 3.39173e-09
7.27895e-05 3.2962e-09
0.00011721 3.20337e-09
0.000188739 3.11315e-09
0.00030392 3.02548e-09
0.00048939 2.94027e-09
0.000788046 2.85746e-09
0.00126896 2.77699e-09
0.00204336 2.69878e-09
0.00329034 2.62277e-09
0.00529832 2.54891e-09
0.00853168 2.47712e-09
0.0137382 2.40736e-09
0.0221222 2.33956e-09
0.0356225 2.27367e-09
0.0573615 2.20963e-09
0.0923671 2.1474e-09
0.148735 2.08692e-09
0.239503 2.02815e-09
0.385662 1.97103e-09
0.621017 1.91552e-09
1 1.86157e-09
1.61026 1.80914e-09
2.59294 1.75819e-09
