3.85662e-07 1.56883e-11
6.21017e-07 3.61507e-11
1e-06 6.3947e-11
1.61026e-06 8.379e-11
2.59294e-06 1.0979e-10
4.17532e-06 1.43859e-10
6.72336e-06 1.88499e-10
1.08264e-05 2.46991e-10
1.74333e-05 3.23633e-10
2.80722e-05 4.24058e-10
4.52035e-05 5.55646e-10
7.27895e-05 7.28065e-10
0.00011721 9.53987e-10
0.000188739 1.25001e-09
0.00030392 1.6379e-09
0.00048939 2.14614e-09
0.000788046 2.57065e-09
0.00126896 2.53492e-09
0.00204336 2.49968e-09
0.00329034 2.46493e-09
0.00529832 2.43067e-09
0.00853168 2.39688e-09
0.0137382 2.36356e-09
0.0221222 2.33071e-09
0.0356225 2.29831e-09
0.0573615 2.26636e-09
0.0923671 2.23486e-09
0.148735 2.20379e-09
0.239503 2.17316e-09
0.385662 2.14295e-09
0.621017 2.11316e-09
1 2.08379e-09
1.61026 2.71828
2.59294 2.71828
